transaction_id,cust_id,tran_date,prod_subcat_code,prod_cat_code,Qty,Rate,Tax,total_amt,Store_type,prod_category,prod_subcategory
80712190438,270351,28-02-2014,1,1,-5,-772,405.3,-4265.3,e-Shop,Clothing,Women
29258453508,270384,27-02-2014,5,3,-5,-1497,785.925,-8270.925,e-Shop,Electronics,Computers
51750724947,273420,24-02-2014,6,5,-2,-791,166.11,-1748.11,TeleShop,Books,DIY
93274880719,271509,24-02-2014,11,6,-3,-1363,429.345,-4518.345,e-Shop,Home and kitchen,Children
51750724947,273420,23-02-2014,6,5,-2,-791,166.11,-1748.11,TeleShop,Books,DIY
97439039119,272357,23-02-2014,8,3,-2,-824,173.04,-1821.04,TeleShop,Electronics,Personal Appliances
45649838090,273667,22-02-2014,11,6,-1,-1450,152.25,-1602.25,e-Shop,Home and kitchen,Children
22643667930,271489,22-02-2014,12,6,-1,-1225,128.625,-1353.625,TeleShop,Home and kitchen,Academic
79792372943,275108,22-02-2014,3,1,-3,-908,286.02,-3010.02,MBR,Clothing,Kids
50076728598,269014,21-02-2014,8,3,-4,-581,244.02,-2568.02,e-Shop,Electronics,Personal Appliances
29258453508,270384,20-02-2014,5,3,5,1497,785.925,8270.925,e-Shop,Electronics,Computers
25455265351,267750,20-02-2014,12,6,3,1360,428.4,4508.4,e-Shop,Home and kitchen,Academic
1571002198,275023,20-02-2014,6,5,4,587,246.54,2594.54,e-Shop,Books,DIY
43134751727,268487,20-02-2014,3,2,-1,-611,64.155,-675.155,e-Shop,Footwear,Kids
36554696014,269345,20-02-2014,3,5,3,1253,394.695,4153.695,e-Shop,Books,Kids
56814940239,268799,20-02-2014,7,5,5,368,193.2,2033.2,e-Shop,Books,Fiction
54295803788,270787,20-02-2014,12,5,5,584,306.6,3226.6,e-Shop,Books,Academic
25963520987,274829,20-02-2014,4,4,3,502,158.13,1664.13,Flagship store,Bags,Mens
17183929085,266863,20-02-2014,1,2,1,1359,142.695,1501.695,TeleShop,Footwear,Women
44783317894,269452,20-02-2014,3,1,3,825,259.875,2734.875,TeleShop,Clothing,Kids
58957828601,269009,20-02-2014,11,5,4,846,355.32,3739.32,TeleShop,Books,Children
9647515879,268934,20-02-2014,7,5,3,1384,435.96,4587.96,TeleShop,Books,Fiction
20781077773,269223,20-02-2014,5,3,3,1203,378.945,3987.945,TeleShop,Electronics,Computers
91116291703,268509,20-02-2014,1,2,4,1243,522.06,5494.06,MBR,Footwear,Women
68325723297,268516,20-02-2014,9,3,1,877,92.085,969.085,e-Shop,Electronics,Cameras
73235813024,268774,20-02-2014,3,5,1,76,7.98,83.98,TeleShop,Books,Kids
80712190438,270351,20-02-2014,1,1,5,772,405.3,4265.3,e-Shop,Clothing,Women
66989395597,272785,20-02-2014,10,3,2,474,99.54,1047.54,TeleShop,Electronics,Audio and video
88853694830,268444,20-02-2014,4,4,-3,-80,25.2,-265.2,MBR,Bags,Mens
99581788104,267466,20-02-2014,3,2,1,96,10.08,106.08,Flagship store,Footwear,Kids
28396777609,269101,19-02-2014,4,1,4,1386,582.12,6126.12,TeleShop,Clothing,Mens
22391667321,270842,19-02-2014,1,2,5,723,379.575,3994.575,MBR,Footwear,Women
51075317246,274987,19-02-2014,10,6,5,374,196.35,2066.35,MBR,Home and kitchen,Audio and video
16199275450,275139,19-02-2014,4,2,1,173,18.165,191.165,MBR,Footwear,Mens
22698449434,269136,19-02-2014,7,5,5,189,99.225,1044.225,TeleShop,Books,Fiction
13167171971,275149,19-02-2014,4,3,4,804,337.68,3553.68,MBR,Electronics,Mens
32130400636,269772,19-02-2014,12,6,3,229,72.135,759.135,e-Shop,Home and kitchen,Academic
31384765864,267058,19-02-2014,3,2,1,793,83.265,876.265,e-Shop,Footwear,Kids
85894118953,271817,19-02-2014,3,2,3,1401,441.315,4644.315,e-Shop,Footwear,Kids
63407734630,271322,19-02-2014,3,2,5,1360,714,7514,Flagship store,Footwear,Kids
90740728864,268229,19-02-2014,4,2,5,984,516.6,5436.6,TeleShop,Footwear,Mens
82750983847,267544,19-02-2014,3,5,1,805,84.525,889.525,Flagship store,Books,Kids
67328698675,268755,19-02-2014,3,2,1,1018,106.89,1124.89,Flagship store,Footwear,Kids
80381707658,269407,19-02-2014,6,5,5,573,300.825,3165.825,e-Shop,Books,DIY
78709566028,273023,19-02-2014,10,6,2,1052,220.92,2324.92,e-Shop,Home and kitchen,Audio and video
67079812295,271818,19-02-2014,10,3,2,1408,295.68,3111.68,MBR,Electronics,Audio and video
72427583709,268129,19-02-2014,4,4,1,885,92.925,977.925,Flagship store,Bags,Mens
14259136777,274477,18-02-2014,10,3,1,1489,156.345,1645.345,TeleShop,Electronics,Audio and video
7313351894,267568,18-02-2014,2,6,4,481,202.02,2126.02,Flagship store,Home and kitchen,Furnishing
37745642681,267098,18-02-2014,1,2,1,109,11.445,120.445,Flagship store,Footwear,Women
13861409908,271608,18-02-2014,1,2,2,1352,283.92,2987.92,MBR,Footwear,Women
58956348529,272484,18-02-2014,4,1,4,1443,606.06,6378.06,TeleShop,Clothing,Mens
58886320392,268715,18-02-2014,10,6,2,768,161.28,1697.28,Flagship store,Home and kitchen,Audio and video
53081075361,273250,18-02-2014,11,6,5,1345,706.125,7431.125,Flagship store,Home and kitchen,Children
10017543415,267097,18-02-2014,3,5,1,164,17.22,181.22,Flagship store,Books,Kids
34065279733,274562,18-02-2014,6,5,2,280,58.8,618.8,e-Shop,Books,DIY
58223423237,268138,18-02-2014,6,5,-3,-1398,440.37,-4634.37,e-Shop,Books,DIY
74085729167,268492,18-02-2014,3,5,3,433,136.395,1435.395,e-Shop,Books,Kids
83498320600,273359,18-02-2014,4,1,4,861,361.62,3805.62,e-Shop,Clothing,Mens
83313344780,271288,18-02-2014,4,3,2,84,17.64,185.64,Flagship store,Electronics,Mens
96923177403,270778,18-02-2014,11,6,5,1111,583.275,6138.275,MBR,Home and kitchen,Children
78091789730,271030,18-02-2014,4,1,1,380,39.9,419.9,e-Shop,Clothing,Mens
84466140532,274426,18-02-2014,6,5,5,423,222.075,2337.075,e-Shop,Books,DIY
59232461135,269019,17-02-2014,4,2,2,479,100.59,1058.59,Flagship store,Footwear,Mens
58223423237,268138,17-02-2014,6,5,3,1398,440.37,4634.37,e-Shop,Books,DIY
60560888204,271250,17-02-2014,10,6,2,707,148.47,1562.47,Flagship store,Home and kitchen,Audio and video
22643667930,271489,17-02-2014,12,6,1,1225,128.625,1353.625,TeleShop,Home and kitchen,Academic
12161898302,274402,17-02-2014,1,2,-1,-891,93.555,-984.555,TeleShop,Footwear,Women
43561027610,270244,17-02-2014,8,3,1,728,76.44,804.44,e-Shop,Electronics,Personal Appliances
40604748560,269387,17-02-2014,6,5,5,760,399,4199,Flagship store,Books,DIY
8868056339,268145,17-02-2014,2,6,-2,-152,31.92,-335.92,e-Shop,Home and kitchen,Furnishing
78600072636,273067,17-02-2014,9,3,3,446,140.49,1478.49,TeleShop,Electronics,Cameras
79792372943,275108,17-02-2014,3,1,3,908,286.02,3010.02,MBR,Clothing,Kids
94418788162,267559,17-02-2014,10,6,1,620,65.1,685.1,TeleShop,Home and kitchen,Audio and video
86635642295,271763,17-02-2014,12,6,5,562,295.05,3105.05,Flagship store,Home and kitchen,Academic
75980673312,270678,17-02-2014,7,5,4,1377,578.34,6086.34,TeleShop,Books,Fiction
88830495604,269018,17-02-2014,10,6,4,307,128.94,1356.94,MBR,Home and kitchen,Audio and video
19729968655,269162,16-02-2014,10,5,2,721,151.41,1593.41,e-Shop,Books,Audio and video
8709975598,269867,16-02-2014,11,5,3,1243,391.545,4120.545,e-Shop,Books,Children
56483064719,270108,16-02-2014,4,3,2,1037,217.77,2291.77,e-Shop,Electronics,Mens
55452156634,273734,16-02-2014,3,5,5,778,408.45,4298.45,e-Shop,Books,Kids
22461440770,270294,16-02-2014,4,3,5,1060,556.5,5856.5,e-Shop,Electronics,Mens
4067131912,274014,16-02-2014,3,5,4,332,139.44,1467.44,e-Shop,Books,Kids
59201497276,273506,16-02-2014,12,6,3,537,169.155,1780.155,MBR,Home and kitchen,Academic
51750724947,273420,16-02-2014,6,5,2,791,166.11,1748.11,TeleShop,Books,DIY
45848212352,268592,16-02-2014,1,2,3,1029,324.135,3411.135,TeleShop,Footwear,Women
79449440045,271561,16-02-2014,8,3,4,498,209.16,2201.16,e-Shop,Electronics,Personal Appliances
83108241933,273896,16-02-2014,4,1,2,574,120.54,1268.54,e-Shop,Clothing,Mens
84867095544,267360,16-02-2014,8,3,3,674,212.31,2234.31,e-Shop,Electronics,Personal Appliances
92825360774,267072,16-02-2014,1,2,5,803,421.575,4436.575,e-Shop,Footwear,Women
76990911956,270148,16-02-2014,4,3,4,448,188.16,1980.16,Flagship store,Electronics,Mens
93274880719,271509,16-02-2014,11,6,3,1363,429.345,4518.345,e-Shop,Home and kitchen,Children
86612653865,274813,16-02-2014,2,6,3,1271,400.365,4213.365,e-Shop,Home and kitchen,Furnishing
10262222991,272069,15-02-2014,7,5,3,1462,460.53,4846.53,e-Shop,Books,Fiction
34544863855,269388,15-02-2014,11,6,2,922,193.62,2037.62,Flagship store,Home and kitchen,Children
22781866776,271875,15-02-2014,2,6,4,428,179.76,1891.76,TeleShop,Home and kitchen,Furnishing
4449802598,271355,15-02-2014,12,6,4,999,419.58,4415.58,TeleShop,Home and kitchen,Academic
3530523263,272777,15-02-2014,10,6,2,582,122.22,1286.22,MBR,Home and kitchen,Audio and video
8433718881,271912,15-02-2014,11,6,2,1438,301.98,3177.98,MBR,Home and kitchen,Children
21494029219,268052,15-02-2014,4,2,4,228,95.76,1007.76,e-Shop,Footwear,Mens
56419730266,268772,15-02-2014,11,5,1,1213,127.365,1340.365,e-Shop,Books,Children
50076728598,269014,15-02-2014,8,3,4,581,244.02,2568.02,e-Shop,Electronics,Personal Appliances
35243275448,273075,15-02-2014,2,6,4,1168,490.56,5162.56,TeleShop,Home and kitchen,Furnishing
10942311291,271297,15-02-2014,3,1,2,756,158.76,1670.76,Flagship store,Clothing,Kids
63352996926,272145,15-02-2014,5,3,4,1342,563.64,5931.64,Flagship store,Electronics,Computers
73713102191,268867,15-02-2014,1,1,1,714,74.97,788.97,MBR,Clothing,Women
70043127245,271595,15-02-2014,8,3,1,1461,153.405,1614.405,TeleShop,Electronics,Personal Appliances
85713951101,274609,15-02-2014,12,5,5,968,508.2,5348.2,TeleShop,Books,Academic
82975337804,272529,15-02-2014,4,4,4,869,364.98,3840.98,Flagship store,Bags,Mens
84116465142,271368,15-02-2014,10,5,5,788,413.7,4353.7,MBR,Books,Audio and video
62672834763,268855,14-02-2014,4,3,3,1363,429.345,4518.345,e-Shop,Electronics,Mens
57134739558,270625,14-02-2014,1,1,5,595,312.375,3287.375,TeleShop,Clothing,Women
57112244235,268076,14-02-2014,10,3,4,167,70.14,738.14,Flagship store,Electronics,Audio and video
6993051511,271658,14-02-2014,11,6,2,476,99.96,1051.96,e-Shop,Home and kitchen,Children
28621201753,271310,14-02-2014,10,6,-4,-219,91.98,-967.98,e-Shop,Home and kitchen,Audio and video
2934877504,271859,14-02-2014,3,2,4,1274,535.08,5631.08,Flagship store,Footwear,Kids
56835507985,271744,14-02-2014,6,5,4,378,158.76,1670.76,MBR,Books,DIY
31183475305,273474,14-02-2014,9,3,2,706,148.26,1560.26,e-Shop,Electronics,Cameras
50177628799,273763,14-02-2014,4,2,3,803,252.945,2661.945,MBR,Footwear,Mens
30489975482,274689,14-02-2014,10,3,4,1002,420.84,4428.84,MBR,Electronics,Audio and video
85198716539,269275,14-02-2014,10,3,1,96,10.08,106.08,TeleShop,Electronics,Audio and video
85284647047,271924,14-02-2014,2,6,2,367,77.07,811.07,Flagship store,Home and kitchen,Furnishing
92809340294,271061,14-02-2014,4,3,3,1004,316.26,3328.26,e-Shop,Electronics,Mens
81262483026,268956,14-02-2014,9,3,4,700,294,3094,TeleShop,Electronics,Cameras
99503089534,274266,14-02-2014,8,3,1,1370,143.85,1513.85,Flagship store,Electronics,Personal Appliances
88321457472,269907,14-02-2014,10,3,5,621,326.025,3431.025,e-Shop,Electronics,Audio and video
75927432534,267500,14-02-2014,1,4,2,845,177.45,1867.45,e-Shop,Bags,Women
70614782851,269140,14-02-2014,2,6,4,342,143.64,1511.64,TeleShop,Home and kitchen,Furnishing
64655688681,268136,14-02-2014,1,4,5,153,80.325,845.325,TeleShop,Bags,Women
16952157158,271493,13-02-2014,4,4,2,1200,252,2652,e-Shop,Bags,Mens
7719443790,271312,13-02-2014,10,3,4,1135,476.7,5016.7,e-Shop,Electronics,Audio and video
58500805392,267375,13-02-2014,4,4,3,85,26.775,281.775,TeleShop,Bags,Mens
6801834681,273174,13-02-2014,4,1,1,642,67.41,709.41,Flagship store,Clothing,Mens
10655853079,267375,13-02-2014,6,5,4,1486,624.12,6568.12,TeleShop,Books,DIY
21685086436,274152,13-02-2014,2,6,3,765,240.975,2535.975,Flagship store,Home and kitchen,Furnishing
36041524849,274408,13-02-2014,3,5,3,771,242.865,2555.865,Flagship store,Books,Kids
58780907716,270071,13-02-2014,11,6,2,819,171.99,1809.99,MBR,Home and kitchen,Children
35353613089,270207,13-02-2014,4,1,3,126,39.69,417.69,Flagship store,Clothing,Mens
2737048693,270263,13-02-2014,4,2,4,1108,465.36,4897.36,e-Shop,Footwear,Mens
84834490422,271596,13-02-2014,4,1,-4,-447,187.74,-1975.74,e-Shop,Clothing,Mens
78324020330,273304,13-02-2014,11,6,3,765,240.975,2535.975,e-Shop,Home and kitchen,Children
88853694830,268444,13-02-2014,4,4,3,80,25.2,265.2,MBR,Bags,Mens
87149439767,273848,13-02-2014,6,5,3,1288,405.72,4269.72,TeleShop,Books,DIY
89646857855,273598,13-02-2014,11,6,4,755,317.1,3337.1,MBR,Home and kitchen,Children
12323853707,273552,12/2/2014,12,6,4,510,214.2,2254.2,TeleShop,Home and kitchen,Academic
60596009595,274652,12/2/2014,12,5,4,183,76.86,808.86,MBR,Books,Academic
17146707816,274897,12/2/2014,12,5,3,622,195.93,2061.93,MBR,Books,Academic
36792372906,275246,12/2/2014,2,6,1,1185,124.425,1309.425,e-Shop,Home and kitchen,Furnishing
38821078489,267025,12/2/2014,10,6,4,933,391.86,4123.86,e-Shop,Home and kitchen,Audio and video
23525861068,268100,12/2/2014,1,2,3,1318,415.17,4369.17,TeleShop,Footwear,Women
15403541663,266794,12/2/2014,3,2,2,322,67.62,711.62,e-Shop,Footwear,Kids
45649838090,273667,12/2/2014,11,6,1,1450,152.25,1602.25,e-Shop,Home and kitchen,Children
33433865581,269772,12/2/2014,4,2,3,1035,326.025,3431.025,TeleShop,Footwear,Mens
55245382907,270810,12/2/2014,4,3,2,979,205.59,2163.59,TeleShop,Electronics,Mens
74023090711,271180,12/2/2014,8,3,3,271,85.365,898.365,Flagship store,Electronics,Personal Appliances
76916560921,268720,12/2/2014,10,6,-4,-348,146.16,-1538.16,e-Shop,Home and kitchen,Audio and video
79536458466,271944,12/2/2014,1,1,2,996,209.16,2201.16,e-Shop,Clothing,Women
69329009642,273799,12/2/2014,9,3,1,357,37.485,394.485,TeleShop,Electronics,Cameras
89214951500,273322,12/2/2014,12,6,1,1166,122.43,1288.43,TeleShop,Home and kitchen,Academic
78753279494,269758,12/2/2014,10,5,3,952,299.88,3155.88,MBR,Books,Audio and video
97409887219,267466,12/2/2014,4,4,1,78,8.19,86.19,e-Shop,Bags,Mens
65228973233,270009,12/2/2014,11,5,2,301,63.21,665.21,e-Shop,Books,Children
83661978186,274678,12/2/2014,10,3,2,325,68.25,718.25,e-Shop,Electronics,Audio and video
50149714801,270330,11/2/2014,10,6,5,1453,762.825,8027.825,Flagship store,Home and kitchen,Audio and video
39874643292,267524,11/2/2014,4,2,3,834,262.71,2764.71,e-Shop,Footwear,Mens
59774938687,272137,11/2/2014,12,6,-1,-541,56.805,-597.805,e-Shop,Home and kitchen,Academic
26982813520,274048,11/2/2014,12,5,2,1410,296.1,3116.1,MBR,Books,Academic
16894888318,273946,11/2/2014,11,6,1,1238,129.99,1367.99,e-Shop,Home and kitchen,Children
2663044947,268959,11/2/2014,4,1,5,1440,756,7956,e-Shop,Clothing,Mens
34493454984,269413,11/2/2014,4,4,3,1236,389.34,4097.34,MBR,Bags,Mens
17363873507,274693,11/2/2014,2,6,2,647,135.87,1429.87,TeleShop,Home and kitchen,Furnishing
43134751727,268487,11/2/2014,3,2,1,611,64.155,675.155,e-Shop,Footwear,Kids
48458724845,274880,11/2/2014,11,5,4,431,181.02,1905.02,Flagship store,Books,Children
18326377260,269601,11/2/2014,4,2,4,710,298.2,3138.2,Flagship store,Footwear,Mens
19332389714,267634,11/2/2014,3,1,2,335,70.35,740.35,Flagship store,Clothing,Kids
6707537285,269933,11/2/2014,4,2,2,1196,251.16,2643.16,TeleShop,Footwear,Mens
32636903929,270875,11/2/2014,10,3,-2,-316,66.36,-698.36,e-Shop,Electronics,Audio and video
44081602885,274345,11/2/2014,11,5,2,1437,301.77,3175.77,MBR,Books,Children
77013937426,274781,11/2/2014,5,3,1,588,61.74,649.74,TeleShop,Electronics,Computers
74015278814,269847,11/2/2014,4,1,5,1406,738.15,7768.15,TeleShop,Clothing,Mens
67749427752,272137,11/2/2014,3,1,3,214,67.41,709.41,Flagship store,Clothing,Kids
63521826176,272561,11/2/2014,3,1,4,1101,462.42,4866.42,e-Shop,Clothing,Kids
75365399021,274526,11/2/2014,10,5,4,1251,525.42,5529.42,Flagship store,Books,Audio and video
19792156528,268098,10/2/2014,3,2,1,711,74.655,785.655,TeleShop,Footwear,Kids
46596657080,270631,10/2/2014,8,3,1,906,95.13,1001.13,TeleShop,Electronics,Personal Appliances
163194840,268845,10/2/2014,3,5,4,1093,459.06,4831.06,Flagship store,Books,Kids
42749293387,271872,10/2/2014,4,1,1,87,9.135,96.135,e-Shop,Clothing,Mens
52367686566,271735,10/2/2014,12,5,5,312,163.8,1723.8,MBR,Books,Academic
19030689527,274511,10/2/2014,11,6,1,542,56.91,598.91,e-Shop,Home and kitchen,Children
47710448314,269932,10/2/2014,12,6,-4,-666,279.72,-2943.72,e-Shop,Home and kitchen,Academic
22385705298,269188,10/2/2014,7,5,5,554,290.85,3060.85,e-Shop,Books,Fiction
59105495602,268995,10/2/2014,9,3,4,479,201.18,2117.18,Flagship store,Electronics,Cameras
38825384480,267297,10/2/2014,12,5,4,725,304.5,3204.5,e-Shop,Books,Academic
83881310302,268713,10/2/2014,11,6,5,452,237.3,2497.3,MBR,Home and kitchen,Children
81261371045,273625,10/2/2014,10,3,2,815,171.15,1801.15,MBR,Electronics,Audio and video
88990481317,273646,10/2/2014,5,3,1,239,25.095,264.095,MBR,Electronics,Computers
85157626424,271384,10/2/2014,3,2,2,447,93.87,987.87,e-Shop,Footwear,Kids
64586839639,269225,10/2/2014,4,2,4,813,341.46,3593.46,TeleShop,Footwear,Mens
97048148140,268101,10/2/2014,4,3,4,1456,611.52,6435.52,Flagship store,Electronics,Mens
80632003085,268801,10/2/2014,10,6,4,857,359.94,3787.94,e-Shop,Home and kitchen,Audio and video
80509578375,273454,10/2/2014,8,3,3,771,242.865,2555.865,e-Shop,Electronics,Personal Appliances
45988245637,270375,9/2/2014,10,5,3,970,305.55,3215.55,e-Shop,Books,Audio and video
27576087298,270419,9/2/2014,11,6,-2,-856,179.76,-1891.76,MBR,Home and kitchen,Children
62539388511,271683,9/2/2014,1,2,3,77,24.255,255.255,e-Shop,Footwear,Women
40251543872,270018,9/2/2014,4,1,1,1149,120.645,1269.645,e-Shop,Clothing,Mens
23333535918,267067,9/2/2014,7,5,2,306,64.26,676.26,e-Shop,Books,Fiction
33632846691,268606,9/2/2014,3,1,-5,-1146,601.65,-6331.65,e-Shop,Clothing,Kids
4346259881,269947,9/2/2014,8,3,5,857,449.925,4734.925,TeleShop,Electronics,Personal Appliances
39579115484,267463,9/2/2014,10,3,3,815,256.725,2701.725,MBR,Electronics,Audio and video
7038716135,272172,9/2/2014,7,5,3,519,163.485,1720.485,e-Shop,Books,Fiction
33587223995,267662,9/2/2014,12,5,2,334,70.14,738.14,e-Shop,Books,Academic
8378457026,273358,9/2/2014,10,3,5,494,259.35,2729.35,e-Shop,Electronics,Audio and video
37044229807,269776,9/2/2014,4,4,1,613,64.365,677.365,e-Shop,Bags,Mens
67548143862,272515,9/2/2014,1,4,-2,-586,123.06,-1295.06,MBR,Bags,Women
75768838702,269808,9/2/2014,5,3,3,1381,435.015,4578.015,TeleShop,Electronics,Computers
72558029032,267467,9/2/2014,1,4,4,611,256.62,2700.62,Flagship store,Bags,Women
83012826863,272365,9/2/2014,11,5,4,825,346.5,3646.5,MBR,Books,Children
78615435064,270111,9/2/2014,4,3,2,1069,224.49,2362.49,Flagship store,Electronics,Mens
65766709899,266843,9/2/2014,2,6,5,934,490.35,5160.35,TeleShop,Home and kitchen,Furnishing
88707635548,267754,9/2/2014,4,2,1,257,26.985,283.985,e-Shop,Footwear,Mens
86159101262,270240,9/2/2014,12,5,3,680,214.2,2254.2,e-Shop,Books,Academic
56288202501,267656,8/2/2014,10,6,-3,-421,132.615,-1395.615,e-Shop,Home and kitchen,Audio and video
1255149551,268364,8/2/2014,12,5,1,495,51.975,546.975,TeleShop,Books,Academic
364208039,271694,8/2/2014,3,5,3,935,294.525,3099.525,e-Shop,Books,Kids
13264686077,273267,8/2/2014,4,2,4,1177,494.34,5202.34,e-Shop,Footwear,Mens
28977973301,273368,8/2/2014,12,6,5,627,329.175,3464.175,MBR,Home and kitchen,Academic
60419542443,273598,8/2/2014,12,5,2,849,178.29,1876.29,e-Shop,Books,Academic
38646806488,273353,8/2/2014,11,6,2,787,165.27,1739.27,e-Shop,Home and kitchen,Children
6002148986,268402,8/2/2014,10,3,3,537,169.155,1780.155,Flagship store,Electronics,Audio and video
14834552371,274650,8/2/2014,12,5,1,498,52.29,550.29,Flagship store,Books,Academic
24352273509,273140,8/2/2014,4,4,5,621,326.025,3431.025,e-Shop,Bags,Mens
17363351082,267926,8/2/2014,2,6,1,1398,146.79,1544.79,MBR,Home and kitchen,Furnishing
61981174638,272143,8/2/2014,4,4,2,615,129.15,1359.15,TeleShop,Bags,Mens
90855483222,274895,8/2/2014,5,3,1,372,39.06,411.06,Flagship store,Electronics,Computers
68620999310,273660,8/2/2014,4,3,4,1202,504.84,5312.84,e-Shop,Electronics,Mens
90375459981,269269,8/2/2014,4,3,4,232,97.44,1025.44,e-Shop,Electronics,Mens
76880074300,275227,8/2/2014,10,5,3,298,93.87,987.87,MBR,Books,Audio and video
65582112405,267243,8/2/2014,1,1,-3,-1259,396.585,-4173.585,e-Shop,Clothing,Women
93495212754,269950,8/2/2014,12,5,2,646,135.66,1427.66,Flagship store,Books,Academic
93868053857,270042,8/2/2014,10,3,5,1393,731.325,7696.325,e-Shop,Electronics,Audio and video
33632846691,268606,7/2/2014,3,1,-5,-1146,601.65,-6331.65,e-Shop,Clothing,Kids
45033226236,274250,7/2/2014,1,4,2,1326,278.46,2930.46,e-Shop,Bags,Women
12161898302,274402,7/2/2014,1,2,1,891,93.555,984.555,TeleShop,Footwear,Women
39489465631,275082,7/2/2014,10,6,2,403,84.63,890.63,MBR,Home and kitchen,Audio and video
41870403334,273965,7/2/2014,1,4,5,510,267.75,2817.75,e-Shop,Bags,Women
57797450946,272395,7/2/2014,12,6,5,80,42,442,Flagship store,Home and kitchen,Academic
59774938687,272137,7/2/2014,12,6,1,541,56.805,597.805,e-Shop,Home and kitchen,Academic
54468563132,270773,7/2/2014,1,2,1,949,99.645,1048.645,e-Shop,Footwear,Women
15209954032,267704,7/2/2014,10,6,4,784,329.28,3465.28,e-Shop,Home and kitchen,Audio and video
7699070022,268670,7/2/2014,1,2,1,1183,124.215,1307.215,e-Shop,Footwear,Women
54730601969,274917,7/2/2014,1,1,5,102,53.55,563.55,e-Shop,Clothing,Women
52050513659,272985,7/2/2014,4,2,3,1389,437.535,4604.535,e-Shop,Footwear,Mens
34021802745,271577,7/2/2014,3,1,4,1247,523.74,5511.74,Flagship store,Clothing,Kids
59849740275,270405,7/2/2014,3,5,5,260,136.5,1436.5,TeleShop,Books,Kids
27835361772,273083,7/2/2014,3,1,4,1141,479.22,5043.22,e-Shop,Clothing,Kids
33904181275,272874,7/2/2014,12,5,5,556,291.9,3071.9,e-Shop,Books,Academic
3030817826,269741,7/2/2014,5,3,1,493,51.765,544.765,e-Shop,Electronics,Computers
84834490422,271596,7/2/2014,4,1,4,447,187.74,1975.74,e-Shop,Clothing,Mens
76916560921,268720,7/2/2014,10,6,4,348,146.16,1538.16,e-Shop,Home and kitchen,Audio and video
77738613519,275104,7/2/2014,10,5,4,1219,511.98,5387.98,e-Shop,Books,Audio and video
99564160197,275204,7/2/2014,2,6,-5,-868,455.7,-4795.7,MBR,Home and kitchen,Furnishing
90027428071,275056,7/2/2014,4,1,2,401,84.21,886.21,TeleShop,Clothing,Mens
75588795256,268275,7/2/2014,4,2,-5,-1144,600.6,-6320.6,e-Shop,Footwear,Mens
70614471898,274772,7/2/2014,3,1,5,163,85.575,900.575,TeleShop,Clothing,Kids
98359405385,274331,7/2/2014,3,5,-4,-1314,551.88,-5807.88,MBR,Books,Kids
85541056281,273367,7/2/2014,8,3,5,303,159.075,1674.075,MBR,Electronics,Personal Appliances
52563546033,270178,6/2/2014,9,3,5,733,384.825,4049.825,TeleShop,Electronics,Cameras
28640836748,269049,6/2/2014,3,1,5,1293,678.825,7143.825,Flagship store,Clothing,Kids
21165396469,271101,6/2/2014,11,6,4,427,179.34,1887.34,TeleShop,Home and kitchen,Children
61647375755,271935,6/2/2014,3,2,2,282,59.22,623.22,Flagship store,Footwear,Kids
22635337610,273863,6/2/2014,10,5,2,1137,238.77,2512.77,TeleShop,Books,Audio and video
61800180485,273363,6/2/2014,3,2,3,575,181.125,1906.125,TeleShop,Footwear,Kids
28010239247,273871,6/2/2014,2,6,4,897,376.74,3964.74,MBR,Home and kitchen,Furnishing
32722184372,269527,6/2/2014,10,5,1,688,72.24,760.24,e-Shop,Books,Audio and video
10535054637,273221,6/2/2014,6,5,4,1145,480.9,5060.9,TeleShop,Books,DIY
9107602878,266900,6/2/2014,3,1,2,666,139.86,1471.86,Flagship store,Clothing,Kids
33661068980,273651,6/2/2014,11,5,1,707,74.235,781.235,e-Shop,Books,Children
8890120338,272794,6/2/2014,10,5,1,615,64.575,679.575,e-Shop,Books,Audio and video
56624369341,270072,6/2/2014,6,5,1,428,44.94,472.94,Flagship store,Books,DIY
57234040200,272816,6/2/2014,7,5,5,1477,775.425,8160.425,MBR,Books,Fiction
91565824523,267833,6/2/2014,12,6,2,571,119.91,1261.91,e-Shop,Home and kitchen,Academic
78935183480,275010,6/2/2014,3,1,2,1262,265.02,2789.02,e-Shop,Clothing,Kids
80187350207,269221,6/2/2014,11,5,1,497,52.185,549.185,e-Shop,Books,Children
71352894214,269787,6/2/2014,3,5,1,96,10.08,106.08,Flagship store,Books,Kids
77645508568,275134,6/2/2014,10,5,3,1052,331.38,3487.38,Flagship store,Books,Audio and video
81111550420,274369,6/2/2014,10,6,5,1335,700.875,7375.875,MBR,Home and kitchen,Audio and video
27576087298,270419,5/2/2014,11,6,2,856,179.76,1891.76,MBR,Home and kitchen,Children
51473331806,267794,5/2/2014,1,1,3,292,91.98,967.98,TeleShop,Clothing,Women
14735497960,270253,5/2/2014,4,1,1,225,23.625,248.625,TeleShop,Clothing,Mens
16495297625,270148,5/2/2014,5,3,4,998,419.16,4411.16,Flagship store,Electronics,Computers
41451156208,272672,5/2/2014,1,2,2,269,56.49,594.49,Flagship store,Footwear,Women
28621201753,271310,5/2/2014,10,6,4,219,91.98,967.98,e-Shop,Home and kitchen,Audio and video
46654312080,271152,5/2/2014,3,5,2,1106,232.26,2444.26,e-Shop,Books,Kids
34370573493,269370,5/2/2014,9,3,2,83,17.43,183.43,MBR,Electronics,Cameras
33588407342,271494,5/2/2014,3,5,4,559,234.78,2470.78,e-Shop,Books,Kids
46019709226,272852,5/2/2014,11,5,1,882,92.61,974.61,TeleShop,Books,Children
33632846691,268606,5/2/2014,3,1,5,1146,601.65,6331.65,e-Shop,Clothing,Kids
95462385777,273023,5/2/2014,11,6,-5,-1453,762.825,-8027.825,e-Shop,Home and kitchen,Children
78340008725,273096,5/2/2014,2,6,2,598,125.58,1321.58,MBR,Home and kitchen,Furnishing
94902984271,270831,5/2/2014,8,3,-5,-1221,641.025,-6746.025,Flagship store,Electronics,Personal Appliances
67958065319,270714,5/2/2014,12,6,2,306,64.26,676.26,e-Shop,Home and kitchen,Academic
92456150942,267489,5/2/2014,1,1,-4,-587,246.54,-2594.54,TeleShop,Clothing,Women
75588795256,268275,5/2/2014,4,2,5,1144,600.6,6320.6,e-Shop,Footwear,Mens
21306057166,269711,4/2/2014,6,5,1,207,21.735,228.735,TeleShop,Books,DIY
38796532648,268931,4/2/2014,4,3,5,1076,564.9,5944.9,Flagship store,Electronics,Mens
51203180395,270481,4/2/2014,2,6,1,1044,109.62,1153.62,Flagship store,Home and kitchen,Furnishing
1278547891,270252,4/2/2014,1,4,2,1477,310.17,3264.17,e-Shop,Bags,Women
32815955218,275225,4/2/2014,10,3,4,370,155.4,1635.4,MBR,Electronics,Audio and video
6522235782,269285,4/2/2014,3,1,3,907,285.705,3006.705,e-Shop,Clothing,Kids
56288202501,267656,4/2/2014,10,6,3,421,132.615,1395.615,e-Shop,Home and kitchen,Audio and video
47710448314,269932,4/2/2014,12,6,4,666,279.72,2943.72,e-Shop,Home and kitchen,Academic
61686001091,275196,4/2/2014,1,4,5,1156,606.9,6386.9,MBR,Bags,Women
59263063850,272795,4/2/2014,11,6,3,496,156.24,1644.24,e-Shop,Home and kitchen,Children
17471192489,271500,4/2/2014,4,4,-4,-526,220.92,-2324.92,TeleShop,Bags,Mens
95462385777,273023,4/2/2014,11,6,5,1453,762.825,8027.825,e-Shop,Home and kitchen,Children
73384846911,273877,4/2/2014,10,3,-3,-97,30.555,-321.555,Flagship store,Electronics,Audio and video
96960790073,273836,4/2/2014,4,4,2,663,139.23,1465.23,MBR,Bags,Mens
33506637829,271012,3/2/2014,12,5,5,799,419.475,4414.475,e-Shop,Books,Academic
27482838740,268569,3/2/2014,4,3,4,844,354.48,3730.48,MBR,Electronics,Mens
22828723502,272596,3/2/2014,4,1,4,240,100.8,1060.8,e-Shop,Clothing,Mens
19238160624,268057,3/2/2014,4,2,2,667,140.07,1474.07,MBR,Footwear,Mens
44279555583,270455,3/2/2014,4,1,3,1190,374.85,3944.85,MBR,Clothing,Mens
26657504316,271288,3/2/2014,7,5,1,1051,110.355,1161.355,Flagship store,Books,Fiction
38807835117,269786,3/2/2014,7,5,-5,-245,128.625,-1353.625,Flagship store,Books,Fiction
36980780606,269537,3/2/2014,5,3,4,859,360.78,3796.78,e-Shop,Electronics,Computers
49910782959,275088,3/2/2014,10,6,5,1158,607.95,6397.95,MBR,Home and kitchen,Audio and video
49866131360,268571,3/2/2014,10,6,3,1195,376.425,3961.425,e-Shop,Home and kitchen,Audio and video
6194846096,270044,3/2/2014,8,3,5,309,162.225,1707.225,Flagship store,Electronics,Personal Appliances
40128462174,273020,3/2/2014,1,2,2,1362,286.02,3010.02,e-Shop,Footwear,Women
46405253470,271583,3/2/2014,6,5,3,509,160.335,1687.335,e-Shop,Books,DIY
41630872980,269697,3/2/2014,8,3,5,1163,610.575,6425.575,TeleShop,Electronics,Personal Appliances
17188218954,274479,3/2/2014,3,2,2,501,105.21,1107.21,Flagship store,Footwear,Kids
15299506861,274982,3/2/2014,11,5,1,548,57.54,605.54,e-Shop,Books,Children
39269527891,274811,3/2/2014,4,3,5,1376,722.4,7602.4,e-Shop,Electronics,Mens
4144418176,274554,3/2/2014,11,5,4,995,417.9,4397.9,e-Shop,Books,Children
39331157930,273081,3/2/2014,8,3,3,905,285.075,3000.075,e-Shop,Electronics,Personal Appliances
4295223327,272031,3/2/2014,9,3,4,527,221.34,2329.34,Flagship store,Electronics,Cameras
92456150942,267489,3/2/2014,1,1,4,587,246.54,2594.54,TeleShop,Clothing,Women
91386723763,269188,3/2/2014,8,3,3,736,231.84,2439.84,TeleShop,Electronics,Personal Appliances
69697587133,267045,3/2/2014,6,5,5,467,245.175,2580.175,e-Shop,Books,DIY
96260208601,271379,3/2/2014,1,2,4,221,92.82,976.82,MBR,Footwear,Women
74761759329,267464,3/2/2014,4,2,1,930,97.65,1027.65,TeleShop,Footwear,Mens
84097282175,269273,3/2/2014,1,2,-3,-1207,380.205,-4001.205,e-Shop,Footwear,Women
73384846911,273877,3/2/2014,10,3,3,97,30.555,321.555,Flagship store,Electronics,Audio and video
97988621875,274923,3/2/2014,7,5,3,837,263.655,2774.655,e-Shop,Books,Fiction
69670072494,267594,3/2/2014,9,3,-1,-176,18.48,-194.48,MBR,Electronics,Cameras
75739743151,271426,3/2/2014,10,5,1,1119,117.495,1236.495,Flagship store,Books,Audio and video
92912620218,273184,3/2/2014,3,1,1,1034,108.57,1142.57,e-Shop,Clothing,Kids
32254231201,274148,2/2/2014,4,1,2,135,28.35,298.35,Flagship store,Clothing,Mens
44712169710,268835,2/2/2014,2,6,1,1132,118.86,1250.86,MBR,Home and kitchen,Furnishing
11824708239,274999,2/2/2014,1,1,1,1430,150.15,1580.15,e-Shop,Clothing,Women
2308796520,271367,2/2/2014,12,5,1,181,19.005,200.005,e-Shop,Books,Academic
56705966619,274984,2/2/2014,12,5,4,631,265.02,2789.02,MBR,Books,Academic
54450927619,271534,2/2/2014,1,1,4,172,72.24,760.24,e-Shop,Clothing,Women
11737727324,272392,2/2/2014,8,3,-4,-402,168.84,-1776.84,MBR,Electronics,Personal Appliances
7338933735,271474,2/2/2014,6,5,-4,-173,72.66,-764.66,TeleShop,Books,DIY
28026773569,268855,2/2/2014,11,5,5,476,249.9,2629.9,MBR,Books,Children
34115286752,266918,2/2/2014,10,6,-3,-1381,435.015,-4578.015,TeleShop,Home and kitchen,Audio and video
12521530918,269259,2/2/2014,1,4,4,1424,598.08,6294.08,e-Shop,Bags,Women
27554857220,268635,2/2/2014,3,5,1,705,74.025,779.025,MBR,Books,Kids
23061342609,267265,2/2/2014,2,6,5,1469,771.225,8116.225,TeleShop,Home and kitchen,Furnishing
46014921346,268171,2/2/2014,10,5,2,1275,267.75,2817.75,Flagship store,Books,Audio and video
10234543774,268164,2/2/2014,1,4,4,526,220.92,2324.92,MBR,Bags,Women
58350344910,266820,2/2/2014,10,6,1,447,46.935,493.935,Flagship store,Home and kitchen,Audio and video
84926678995,267489,2/2/2014,3,2,2,354,74.34,782.34,MBR,Footwear,Kids
79846979351,270050,2/2/2014,12,5,5,197,103.425,1088.425,e-Shop,Books,Academic
87197016917,268736,2/2/2014,8,3,-4,-461,193.62,-2037.62,Flagship store,Electronics,Personal Appliances
52287442334,270213,1/2/2014,3,1,1,834,87.57,921.57,MBR,Clothing,Kids
2547329505,271176,1/2/2014,3,1,-5,-1428,749.7,-7889.7,TeleShop,Clothing,Kids
32636903929,270875,1/2/2014,10,3,2,316,66.36,698.36,e-Shop,Electronics,Audio and video
60097466271,273973,1/2/2014,7,5,-5,-859,450.975,-4745.975,Flagship store,Books,Fiction
11640587371,274653,1/2/2014,5,3,1,978,102.69,1080.69,e-Shop,Electronics,Computers
1061032496,272607,1/2/2014,9,3,5,924,485.1,5105.1,MBR,Electronics,Cameras
13196430748,268847,1/2/2014,2,6,-5,-1444,758.1,-7978.1,MBR,Home and kitchen,Furnishing
23986203278,271986,1/2/2014,9,3,3,1128,355.32,3739.32,e-Shop,Electronics,Cameras
77992614666,267734,1/2/2014,4,2,4,1124,472.08,4968.08,e-Shop,Footwear,Mens
95849732397,271328,1/2/2014,4,1,2,841,176.61,1858.61,MBR,Clothing,Mens
82379417230,269090,1/2/2014,1,1,1,615,64.575,679.575,Flagship store,Clothing,Women
82547296361,267651,1/2/2014,2,6,5,737,386.925,4071.925,MBR,Home and kitchen,Furnishing
92368680425,273271,1/2/2014,10,6,4,775,325.5,3425.5,MBR,Home and kitchen,Audio and video
76021787833,269476,1/2/2014,4,1,2,418,87.78,923.78,e-Shop,Clothing,Mens
99362089069,272675,1/2/2014,2,6,4,1168,490.56,5162.56,e-Shop,Home and kitchen,Furnishing
85730195332,271596,1/2/2014,9,3,4,549,230.58,2426.58,e-Shop,Electronics,Cameras
16390149843,274799,31-01-2014,12,6,5,1476,774.9,8154.9,MBR,Home and kitchen,Academic
61655584546,274587,31-01-2014,6,5,4,461,193.62,2037.62,Flagship store,Books,DIY
60138593216,270888,31-01-2014,4,4,3,827,260.505,2741.505,e-Shop,Bags,Mens
12315701321,268516,31-01-2014,7,5,3,762,240.03,2526.03,e-Shop,Books,Fiction
37900856424,272463,31-01-2014,4,3,4,1224,514.08,5410.08,MBR,Electronics,Mens
33656527085,273167,31-01-2014,4,4,2,1085,227.85,2397.85,e-Shop,Bags,Mens
22826695874,270949,31-01-2014,1,1,4,1481,622.02,6546.02,e-Shop,Clothing,Women
54552813204,271974,31-01-2014,10,3,5,1141,599.025,6304.025,e-Shop,Electronics,Audio and video
6472413088,272105,31-01-2014,11,6,2,476,99.96,1051.96,e-Shop,Home and kitchen,Children
58623171425,269732,31-01-2014,2,6,3,461,145.215,1528.215,TeleShop,Home and kitchen,Furnishing
53323992234,273271,31-01-2014,3,1,5,376,197.4,2077.4,TeleShop,Clothing,Kids
27205845162,267858,31-01-2014,7,5,4,1145,480.9,5060.9,e-Shop,Books,Fiction
80295560781,274331,31-01-2014,6,5,4,147,61.74,649.74,MBR,Books,DIY
66476158995,270580,31-01-2014,4,3,4,1472,618.24,6506.24,TeleShop,Electronics,Mens
79213950689,268047,31-01-2014,12,5,5,1290,677.25,7127.25,e-Shop,Books,Academic
67548143862,272515,31-01-2014,1,4,2,586,123.06,1295.06,MBR,Bags,Women
65391787776,268050,31-01-2014,1,2,3,686,216.09,2274.09,e-Shop,Footwear,Women
77398776562,270526,31-01-2014,2,6,-4,-858,360.36,-3792.36,Flagship store,Home and kitchen,Furnishing
92879441377,270678,31-01-2014,4,4,1,544,57.12,601.12,e-Shop,Bags,Mens
97019027374,267702,31-01-2014,12,5,2,681,143.01,1505.01,TeleShop,Books,Academic
2547329505,271176,30-01-2014,3,1,5,1428,749.7,7889.7,TeleShop,Clothing,Kids
57678857295,270633,30-01-2014,1,2,2,497,104.37,1098.37,MBR,Footwear,Women
58232578746,271758,30-01-2014,1,4,2,592,124.32,1308.32,MBR,Bags,Women
21274376720,273590,30-01-2014,3,5,5,109,57.225,602.225,TeleShop,Books,Kids
41925796707,268548,30-01-2014,12,6,-2,-615,129.15,-1359.15,TeleShop,Home and kitchen,Academic
1657099167,270780,30-01-2014,10,5,2,389,81.69,859.69,TeleShop,Books,Audio and video
34629693730,272996,30-01-2014,11,5,5,969,508.725,5353.725,TeleShop,Books,Children
58390178469,275082,30-01-2014,4,3,1,1098,115.29,1213.29,MBR,Electronics,Mens
44443398067,266974,30-01-2014,3,1,-1,-484,50.82,-534.82,Flagship store,Clothing,Kids
79276691171,273703,30-01-2014,10,6,3,895,281.925,2966.925,e-Shop,Home and kitchen,Audio and video
94902984271,270831,30-01-2014,8,3,-5,-1221,641.025,-6746.025,Flagship store,Electronics,Personal Appliances
86716056028,268479,30-01-2014,6,5,2,491,103.11,1085.11,MBR,Books,DIY
91119052519,270293,30-01-2014,4,3,4,1375,577.5,6077.5,TeleShop,Electronics,Mens
77398776562,270526,30-01-2014,2,6,4,858,360.36,3792.36,Flagship store,Home and kitchen,Furnishing
71940489641,269392,30-01-2014,7,5,4,281,118.02,1242.02,e-Shop,Books,Fiction
87197016917,268736,30-01-2014,8,3,4,461,193.62,2037.62,Flagship store,Electronics,Personal Appliances
69670072494,267594,30-01-2014,9,3,1,176,18.48,194.48,MBR,Electronics,Cameras
92449967953,270839,30-01-2014,12,6,1,285,29.925,314.925,TeleShop,Home and kitchen,Academic
64764218477,268790,30-01-2014,3,1,5,848,445.2,4685.2,e-Shop,Clothing,Kids
68543654749,272529,30-01-2014,6,5,1,331,34.755,365.755,MBR,Books,DIY
8172983400,271972,29-01-2014,4,3,2,583,122.43,1288.43,TeleShop,Electronics,Mens
7338933735,271474,29-01-2014,6,5,4,173,72.66,764.66,TeleShop,Books,DIY
36807187754,275075,29-01-2014,1,2,5,713,374.325,3939.325,e-Shop,Footwear,Women
54292751087,271567,29-01-2014,4,4,1,778,81.69,859.69,MBR,Bags,Mens
58625169841,273386,29-01-2014,6,5,2,511,107.31,1129.31,MBR,Books,DIY
37626170750,271304,29-01-2014,9,3,1,769,80.745,849.745,e-Shop,Electronics,Cameras
39666063873,273509,29-01-2014,4,4,4,516,216.72,2280.72,TeleShop,Bags,Mens
25599059324,267547,29-01-2014,1,4,3,1023,322.245,3391.245,e-Shop,Bags,Women
34360043512,271858,29-01-2014,10,5,1,1046,109.83,1155.83,e-Shop,Books,Audio and video
21647178150,274923,29-01-2014,7,5,5,812,426.3,4486.3,Flagship store,Books,Fiction
15889392076,269831,29-01-2014,6,5,3,822,258.93,2724.93,TeleShop,Books,DIY
49989506732,271833,29-01-2014,9,3,1,756,79.38,835.38,e-Shop,Electronics,Cameras
6817548315,268266,29-01-2014,11,5,1,1132,118.86,1250.86,TeleShop,Books,Children
23926337037,269780,29-01-2014,4,2,2,1392,292.32,3076.32,e-Shop,Footwear,Mens
17471192489,271500,29-01-2014,4,4,4,526,220.92,2324.92,TeleShop,Bags,Mens
65582112405,267243,29-01-2014,1,1,3,1259,396.585,4173.585,e-Shop,Clothing,Women
79594896765,274756,29-01-2014,3,1,3,269,84.735,891.735,Flagship store,Clothing,Kids
84097282175,269273,29-01-2014,1,2,3,1207,380.205,4001.205,e-Shop,Footwear,Women
89609082257,266993,29-01-2014,9,3,2,1245,261.45,2751.45,TeleShop,Electronics,Cameras
94244420943,271294,29-01-2014,3,5,5,810,425.25,4475.25,e-Shop,Books,Kids
83345972260,267740,29-01-2014,12,5,-3,-133,41.895,-440.895,MBR,Books,Academic
74045977498,268998,29-01-2014,11,5,1,814,85.47,899.47,Flagship store,Books,Children
79699211411,272286,29-01-2014,10,6,1,763,80.115,843.115,MBR,Home and kitchen,Audio and video
85527129080,271161,29-01-2014,12,5,4,983,412.86,4344.86,TeleShop,Books,Academic
88864598282,268992,29-01-2014,11,6,-2,-615,129.15,-1359.15,e-Shop,Home and kitchen,Children
78612992935,268810,29-01-2014,1,1,-5,-407,213.675,-2248.675,e-Shop,Clothing,Women
64939234724,270240,29-01-2014,1,1,4,644,270.48,2846.48,e-Shop,Clothing,Women
59944705244,274739,28-01-2014,10,6,5,1440,756,7956,MBR,Home and kitchen,Audio and video
4535841537,271224,28-01-2014,1,4,5,1306,685.65,7215.65,TeleShop,Bags,Women
46741038644,273026,28-01-2014,7,5,5,1163,610.575,6425.575,MBR,Books,Fiction
29893265549,267656,28-01-2014,4,4,-3,-962,303.03,-3189.03,MBR,Bags,Mens
33802822011,269612,28-01-2014,8,3,-2,-299,62.79,-660.79,e-Shop,Electronics,Personal Appliances
54640842539,270036,28-01-2014,3,1,5,428,224.7,2364.7,e-Shop,Clothing,Kids
58703900633,270106,28-01-2014,2,6,5,1048,550.2,5790.2,e-Shop,Home and kitchen,Furnishing
50475842661,268099,28-01-2014,4,1,2,1171,245.91,2587.91,e-Shop,Clothing,Mens
61822316053,274408,28-01-2014,7,5,4,1382,580.44,6108.44,Flagship store,Books,Fiction
10514896400,267909,28-01-2014,11,6,5,1190,624.75,6574.75,e-Shop,Home and kitchen,Children
37053723982,267912,28-01-2014,7,5,3,1021,321.615,3384.615,Flagship store,Books,Fiction
20069075349,267771,28-01-2014,12,5,-5,-416,218.4,-2298.4,MBR,Books,Academic
64030190529,269524,28-01-2014,1,4,5,525,275.625,2900.625,e-Shop,Bags,Women
98359405385,274331,28-01-2014,3,5,4,1314,551.88,5807.88,MBR,Books,Kids
99564160197,275204,28-01-2014,2,6,5,868,455.7,4795.7,MBR,Home and kitchen,Furnishing
82925613862,274728,28-01-2014,4,2,5,450,236.25,2486.25,e-Shop,Footwear,Mens
88066189956,269413,28-01-2014,1,4,5,661,347.025,3652.025,MBR,Bags,Women
78915377743,272556,28-01-2014,6,5,5,98,51.45,541.45,e-Shop,Books,DIY
79991586084,268211,28-01-2014,1,1,5,540,283.5,2983.5,Flagship store,Clothing,Women
98158207065,269820,28-01-2014,4,2,5,544,285.6,3005.6,e-Shop,Footwear,Mens
78612992935,268810,28-01-2014,1,1,5,407,213.675,2248.675,e-Shop,Clothing,Women
66769817332,267828,28-01-2014,3,1,5,100,52.5,552.5,TeleShop,Clothing,Kids
91391624776,273831,28-01-2014,6,5,1,775,81.375,856.375,TeleShop,Books,DIY
7640943042,271283,27-01-2014,1,1,1,1331,139.755,1470.755,MBR,Clothing,Women
23848726298,272574,27-01-2014,10,6,5,1350,708.75,7458.75,Flagship store,Home and kitchen,Audio and video
22618767602,272534,27-01-2014,4,4,3,519,163.485,1720.485,e-Shop,Bags,Mens
20069075349,267771,27-01-2014,12,5,5,416,218.4,2298.4,MBR,Books,Academic
20315433060,270239,27-01-2014,12,5,5,1218,639.45,6729.45,TeleShop,Books,Academic
59928033888,274208,27-01-2014,4,1,-4,-452,189.84,-1997.84,Flagship store,Clothing,Mens
17601062724,268679,27-01-2014,1,4,4,927,389.34,4097.34,TeleShop,Bags,Women
34115286752,266918,27-01-2014,10,6,3,1381,435.015,4578.015,TeleShop,Home and kitchen,Audio and video
59826856100,274751,27-01-2014,11,6,3,566,178.29,1876.29,e-Shop,Home and kitchen,Children
18147222234,269376,27-01-2014,10,5,3,693,218.295,2297.295,e-Shop,Books,Audio and video
42212433680,272313,27-01-2014,3,1,1,663,69.615,732.615,MBR,Clothing,Kids
96412556748,269841,27-01-2014,10,3,3,394,124.11,1306.11,Flagship store,Electronics,Audio and video
75569039317,274952,27-01-2014,7,5,5,483,253.575,2668.575,TeleShop,Books,Fiction
74772078732,271683,27-01-2014,5,3,1,798,83.79,881.79,e-Shop,Electronics,Computers
94902984271,270831,27-01-2014,8,3,5,1221,641.025,6746.025,Flagship store,Electronics,Personal Appliances
94988741280,267488,27-01-2014,3,1,3,382,120.33,1266.33,Flagship store,Clothing,Kids
96223637288,273924,27-01-2014,8,3,2,632,132.72,1396.72,e-Shop,Electronics,Personal Appliances
89939456523,268996,27-01-2014,1,1,1,1103,115.815,1218.815,e-Shop,Clothing,Women
72411019568,271905,27-01-2014,3,1,5,1173,615.825,6480.825,Flagship store,Clothing,Kids
19240720162,272940,26-01-2014,9,3,3,1203,378.945,3987.945,MBR,Electronics,Cameras
11878870074,268819,26-01-2014,10,5,-4,-1486,624.12,-6568.12,e-Shop,Books,Audio and video
10305033839,270350,26-01-2014,3,1,1,275,28.875,303.875,TeleShop,Clothing,Kids
21803484383,267991,26-01-2014,11,6,5,932,489.3,5149.3,MBR,Home and kitchen,Children
36956954883,271381,26-01-2014,10,5,1,374,39.27,413.27,e-Shop,Books,Audio and video
54108507229,270399,26-01-2014,4,2,-2,-838,175.98,-1851.98,MBR,Footwear,Mens
38807835117,269786,26-01-2014,7,5,5,245,128.625,1353.625,Flagship store,Books,Fiction
12905992307,267094,26-01-2014,5,3,1,1449,152.145,1601.145,e-Shop,Electronics,Computers
13196430748,268847,26-01-2014,2,6,5,1444,758.1,7978.1,MBR,Home and kitchen,Furnishing
42789741259,266853,26-01-2014,1,1,2,1152,241.92,2545.92,MBR,Clothing,Women
35964342169,271769,26-01-2014,1,1,4,642,269.64,2837.64,TeleShop,Clothing,Women
10692392213,275022,26-01-2014,4,4,2,1335,280.35,2950.35,e-Shop,Bags,Mens
70176609703,272656,26-01-2014,5,3,4,826,346.92,3650.92,e-Shop,Electronics,Computers
64562440096,270706,26-01-2014,3,5,2,265,55.65,585.65,TeleShop,Books,Kids
86449661887,268352,26-01-2014,10,3,4,1082,454.44,4782.44,e-Shop,Electronics,Audio and video
99264354202,275246,26-01-2014,4,3,4,191,80.22,844.22,e-Shop,Electronics,Mens
44616875326,271937,25-01-2014,4,1,3,121,38.115,401.115,TeleShop,Clothing,Mens
60097466271,273973,25-01-2014,7,5,5,859,450.975,4745.975,Flagship store,Books,Fiction
29734254814,274428,25-01-2014,9,3,4,1186,498.12,5242.12,e-Shop,Electronics,Cameras
29982163778,272482,25-01-2014,1,1,3,1499,472.185,4969.185,e-Shop,Clothing,Women
44442512915,274706,25-01-2014,10,3,2,1054,221.34,2329.34,TeleShop,Electronics,Audio and video
21682231729,275117,25-01-2014,3,2,3,1459,459.585,4836.585,MBR,Footwear,Kids
12773478634,267594,25-01-2014,10,6,3,847,266.805,2807.805,e-Shop,Home and kitchen,Audio and video
52486968694,267174,25-01-2014,11,5,-3,-654,206.01,-2168.01,e-Shop,Books,Children
60959622239,271586,25-01-2014,5,3,3,114,35.91,377.91,e-Shop,Electronics,Computers
18418145766,273798,25-01-2014,4,3,3,1289,406.035,4273.035,e-Shop,Electronics,Mens
46821950214,270938,25-01-2014,4,4,5,1057,554.925,5839.925,e-Shop,Bags,Mens
25389989724,274955,25-01-2014,4,2,1,1145,120.225,1265.225,Flagship store,Footwear,Mens
29893265549,267656,25-01-2014,4,4,3,962,303.03,3189.03,MBR,Bags,Mens
26839685633,274525,25-01-2014,9,3,5,739,387.975,4082.975,e-Shop,Electronics,Cameras
27440436952,274978,25-01-2014,3,2,4,1100,462,4862,TeleShop,Footwear,Kids
2725756218,267420,25-01-2014,4,2,4,506,212.52,2236.52,e-Shop,Footwear,Mens
28610637168,273835,25-01-2014,10,6,5,1402,736.05,7746.05,Flagship store,Home and kitchen,Audio and video
89337750703,270020,25-01-2014,7,5,2,1323,277.83,2923.83,e-Shop,Books,Fiction
78090081104,267999,25-01-2014,4,2,3,302,95.13,1001.13,e-Shop,Footwear,Mens
33864744767,275136,24-01-2014,2,6,1,311,32.655,343.655,MBR,Home and kitchen,Furnishing
58670851794,275069,24-01-2014,1,2,5,1318,691.95,7281.95,e-Shop,Footwear,Women
44443398067,266974,24-01-2014,3,1,1,484,50.82,534.82,Flagship store,Clothing,Kids
17092832093,272837,24-01-2014,10,6,2,532,111.72,1175.72,e-Shop,Home and kitchen,Audio and video
37463585958,268487,24-01-2014,3,1,3,526,165.69,1743.69,TeleShop,Clothing,Kids
14344968345,268027,24-01-2014,3,2,3,1220,384.3,4044.3,e-Shop,Footwear,Kids
31630777702,269173,24-01-2014,3,5,3,942,296.73,3122.73,MBR,Books,Kids
9885900126,274364,24-01-2014,7,5,3,1025,322.875,3397.875,e-Shop,Books,Fiction
55612634884,270400,24-01-2014,4,4,2,184,38.64,406.64,e-Shop,Bags,Mens
49387359321,269964,24-01-2014,4,2,2,1329,279.09,2937.09,TeleShop,Footwear,Mens
35775731627,272659,24-01-2014,10,3,3,907,285.705,3006.705,e-Shop,Electronics,Audio and video
19169459284,274428,24-01-2014,4,3,3,610,192.15,2022.15,MBR,Electronics,Mens
55756440116,274621,24-01-2014,4,1,1,1336,140.28,1476.28,e-Shop,Clothing,Mens
47374867028,273703,24-01-2014,3,2,-1,-601,63.105,-664.105,MBR,Footwear,Kids
19360494687,273913,24-01-2014,2,6,5,1229,645.225,6790.225,TeleShop,Home and kitchen,Furnishing
33249592128,274747,24-01-2014,10,5,2,1404,294.84,3102.84,e-Shop,Books,Audio and video
33410130471,271768,24-01-2014,4,1,2,506,106.26,1118.26,e-Shop,Clothing,Mens
24556668524,268054,24-01-2014,1,4,4,176,73.92,777.92,Flagship store,Bags,Women
77367382435,269890,24-01-2014,4,3,5,1218,639.45,6729.45,e-Shop,Electronics,Mens
86420605962,271448,24-01-2014,4,4,-5,-191,100.275,-1055.275,e-Shop,Bags,Mens
76600689323,269873,24-01-2014,4,1,5,1066,559.65,5889.65,TeleShop,Clothing,Mens
88864598282,268992,24-01-2014,11,6,2,615,129.15,1359.15,e-Shop,Home and kitchen,Children
85020078260,267450,24-01-2014,1,4,2,615,129.15,1359.15,e-Shop,Bags,Women
26783246066,272144,23-01-2014,1,4,-5,-513,269.325,-2834.325,e-Shop,Bags,Women
11737727324,272392,23-01-2014,8,3,4,402,168.84,1776.84,MBR,Electronics,Personal Appliances
33563154343,271910,23-01-2014,4,3,4,114,47.88,503.88,e-Shop,Electronics,Mens
16190005315,267164,23-01-2014,7,5,5,1059,555.975,5850.975,e-Shop,Books,Fiction
15574931134,274727,23-01-2014,12,6,3,131,41.265,434.265,MBR,Home and kitchen,Academic
33430226218,270253,23-01-2014,7,5,4,1172,492.24,5180.24,Flagship store,Books,Fiction
37224632962,267075,23-01-2014,10,5,1,203,21.315,224.315,e-Shop,Books,Audio and video
61033643931,272142,23-01-2014,1,4,1,1134,119.07,1253.07,e-Shop,Bags,Women
40381437305,271490,23-01-2014,12,5,2,1374,288.54,3036.54,e-Shop,Books,Academic
27926544340,273095,23-01-2014,11,5,4,170,71.4,751.4,MBR,Books,Children
11163686220,268526,23-01-2014,4,1,4,274,115.08,1211.08,Flagship store,Clothing,Mens
62529430460,271110,23-01-2014,4,2,1,1473,154.665,1627.665,e-Shop,Footwear,Mens
37148079131,272549,23-01-2014,11,5,3,102,32.13,338.13,e-Shop,Books,Children
32435995107,268151,23-01-2014,4,4,1,998,104.79,1102.79,TeleShop,Bags,Mens
11878870074,268819,23-01-2014,10,5,4,1486,624.12,6568.12,e-Shop,Books,Audio and video
18636776870,270815,23-01-2014,4,3,3,485,152.775,1607.775,MBR,Electronics,Mens
49021386204,272336,23-01-2014,1,4,4,289,121.38,1277.38,e-Shop,Bags,Women
38689615979,271470,23-01-2014,1,4,1,241,25.305,266.305,e-Shop,Bags,Women
13139143488,267753,23-01-2014,4,4,2,330,69.3,729.3,e-Shop,Bags,Mens
79839369986,273511,23-01-2014,4,2,3,633,199.395,2098.395,TeleShop,Footwear,Mens
95667633915,273251,23-01-2014,6,5,2,360,75.6,795.6,MBR,Books,DIY
83345972260,267740,23-01-2014,12,5,3,133,41.895,440.895,MBR,Books,Academic
94398471140,271266,23-01-2014,6,5,4,937,393.54,4141.54,MBR,Books,DIY
87995244431,268335,23-01-2014,12,5,4,484,203.28,2139.28,e-Shop,Books,Academic
84059330192,272508,23-01-2014,1,2,2,272,57.12,601.12,MBR,Footwear,Women
2976029181,272757,22-01-2014,10,6,4,1038,435.96,4587.96,MBR,Home and kitchen,Audio and video
20984054103,274662,22-01-2014,2,6,2,333,69.93,735.93,e-Shop,Home and kitchen,Furnishing
54060100870,269193,22-01-2014,10,5,5,482,253.05,2663.05,Flagship store,Books,Audio and video
12512192994,268020,22-01-2014,11,6,-3,-558,175.77,-1849.77,Flagship store,Home and kitchen,Children
56109773285,272973,22-01-2014,4,3,2,1158,243.18,2559.18,TeleShop,Electronics,Mens
50689573502,275131,22-01-2014,6,5,4,1284,539.28,5675.28,TeleShop,Books,DIY
10365831379,272915,22-01-2014,8,3,1,1442,151.41,1593.41,e-Shop,Electronics,Personal Appliances
17122455708,274150,22-01-2014,10,3,1,890,93.45,983.45,e-Shop,Electronics,Audio and video
11698340645,268565,22-01-2014,7,5,4,295,123.9,1303.9,e-Shop,Books,Fiction
53052041278,271026,22-01-2014,12,6,1,194,20.37,214.37,e-Shop,Home and kitchen,Academic
8173671453,269577,22-01-2014,12,5,4,755,317.1,3337.1,Flagship store,Books,Academic
53259113714,270873,22-01-2014,11,5,-3,-394,124.11,-1306.11,e-Shop,Books,Children
9142142278,275210,22-01-2014,11,6,2,1109,232.89,2450.89,e-Shop,Home and kitchen,Children
47153065619,271075,22-01-2014,5,3,2,998,209.58,2205.58,e-Shop,Electronics,Computers
45590940309,275210,22-01-2014,10,6,5,259,135.975,1430.975,e-Shop,Home and kitchen,Audio and video
28713631539,273896,22-01-2014,10,5,1,202,21.21,223.21,MBR,Books,Audio and video
35367845543,268467,22-01-2014,4,1,2,898,188.58,1984.58,e-Shop,Clothing,Mens
25344072305,272312,22-01-2014,4,4,5,239,125.475,1320.475,Flagship store,Bags,Mens
36910325287,271357,22-01-2014,3,5,1,469,49.245,518.245,e-Shop,Books,Kids
37989913782,272103,22-01-2014,4,2,4,153,64.26,676.26,e-Shop,Footwear,Mens
85045362602,274187,22-01-2014,4,2,-1,-362,38.01,-400.01,e-Shop,Footwear,Mens
82832776699,267511,22-01-2014,5,3,4,1220,512.4,5392.4,MBR,Electronics,Computers
90798971378,267304,22-01-2014,5,3,1,1132,118.86,1250.86,TeleShop,Electronics,Computers
33802822011,269612,21-01-2014,8,3,2,299,62.79,660.79,e-Shop,Electronics,Personal Appliances
14676568049,272414,21-01-2014,4,2,2,982,206.22,2170.22,MBR,Footwear,Mens
41501757047,273043,21-01-2014,2,6,2,866,181.86,1913.86,Flagship store,Home and kitchen,Furnishing
36447947366,275064,21-01-2014,4,2,1,838,87.99,925.99,Flagship store,Footwear,Mens
41925796707,268548,21-01-2014,12,6,2,615,129.15,1359.15,TeleShop,Home and kitchen,Academic
61322553703,269246,21-01-2014,4,3,3,779,245.385,2582.385,e-Shop,Electronics,Mens
13363700256,274301,21-01-2014,10,5,2,367,77.07,811.07,TeleShop,Books,Audio and video
10371747594,268898,21-01-2014,1,1,2,1381,290.01,3052.01,TeleShop,Clothing,Women
40225595567,274277,21-01-2014,3,5,2,1243,261.03,2747.03,Flagship store,Books,Kids
52040034081,271250,21-01-2014,8,3,4,1372,576.24,6064.24,Flagship store,Electronics,Personal Appliances
19354686316,268160,21-01-2014,1,2,-2,-238,49.98,-525.98,e-Shop,Footwear,Women
25193314348,268878,21-01-2014,11,6,4,794,333.48,3509.48,TeleShop,Home and kitchen,Children
85045362602,274187,21-01-2014,4,2,1,362,38.01,400.01,e-Shop,Footwear,Mens
67175706538,273009,21-01-2014,9,3,1,743,78.015,821.015,e-Shop,Electronics,Cameras
89964793494,271992,21-01-2014,9,3,2,1122,235.62,2479.62,TeleShop,Electronics,Cameras
99495311539,267058,21-01-2014,12,5,2,1333,279.93,2945.93,TeleShop,Books,Academic
94404065446,271648,21-01-2014,3,1,5,480,252,2652,e-Shop,Clothing,Kids
73932997829,271944,21-01-2014,3,5,2,415,87.15,917.15,MBR,Books,Kids
30591818256,269476,20-01-2014,10,6,3,768,241.92,2545.92,TeleShop,Home and kitchen,Audio and video
13280641573,271158,20-01-2014,5,3,1,1427,149.835,1576.835,Flagship store,Electronics,Computers
52928040988,270413,20-01-2014,1,1,3,720,226.8,2386.8,TeleShop,Clothing,Women
52486968694,267174,20-01-2014,11,5,3,654,206.01,2168.01,e-Shop,Books,Children
47961948291,272501,20-01-2014,10,5,4,959,402.78,4238.78,e-Shop,Books,Audio and video
24239282066,269117,20-01-2014,8,3,5,1304,684.6,7204.6,e-Shop,Electronics,Personal Appliances
18651559499,268923,20-01-2014,5,3,4,314,131.88,1387.88,MBR,Electronics,Computers
14363773577,271430,20-01-2014,9,3,5,1309,687.225,7232.225,MBR,Electronics,Cameras
194354511,273731,20-01-2014,7,5,4,551,231.42,2435.42,Flagship store,Books,Fiction
53741413904,270667,20-01-2014,1,4,3,1336,420.84,4428.84,TeleShop,Bags,Women
59928033888,274208,20-01-2014,4,1,4,452,189.84,1997.84,Flagship store,Clothing,Mens
6562859200,272924,20-01-2014,10,6,2,262,55.02,579.02,MBR,Home and kitchen,Audio and video
35061312450,273094,20-01-2014,3,5,1,1271,133.455,1404.455,MBR,Books,Kids
12307763348,270470,20-01-2014,1,2,2,188,39.48,415.48,TeleShop,Footwear,Women
38970583901,271601,20-01-2014,4,4,3,351,110.565,1163.565,e-Shop,Bags,Mens
67882262574,274733,20-01-2014,4,1,2,113,23.73,249.73,MBR,Clothing,Mens
79947059704,272795,20-01-2014,2,6,5,224,117.6,1237.6,MBR,Home and kitchen,Furnishing
66124636799,273293,20-01-2014,4,1,1,881,92.505,973.505,e-Shop,Clothing,Mens
86063855827,271280,20-01-2014,3,1,4,733,307.86,3239.86,MBR,Clothing,Kids
80432511156,275215,20-01-2014,3,5,-4,-1303,547.26,-5759.26,MBR,Books,Kids
64609703707,275020,20-01-2014,4,3,2,285,59.85,629.85,e-Shop,Electronics,Mens
93700052775,267439,20-01-2014,4,1,-2,-1088,228.48,-2404.48,Flagship store,Clothing,Mens
68472393297,269372,20-01-2014,5,3,3,1168,367.92,3871.92,e-Shop,Electronics,Computers
84075235669,266813,20-01-2014,12,6,1,939,98.595,1037.595,MBR,Home and kitchen,Academic
15471338299,274223,19-01-2014,10,3,4,1042,437.64,4605.64,MBR,Electronics,Audio and video
31036369160,272328,19-01-2014,11,6,1,549,57.645,606.645,Flagship store,Home and kitchen,Children
59743796727,268744,19-01-2014,1,4,2,1251,262.71,2764.71,e-Shop,Bags,Women
12909403562,271971,19-01-2014,8,3,1,1490,156.45,1646.45,MBR,Electronics,Personal Appliances
16935577825,267500,19-01-2014,9,3,-4,-1035,434.7,-4574.7,Flagship store,Electronics,Cameras
10870253111,270265,19-01-2014,1,1,-2,-308,64.68,-680.68,TeleShop,Clothing,Women
61147640427,273536,19-01-2014,12,6,5,1123,589.575,6204.575,Flagship store,Home and kitchen,Academic
42044278459,270221,19-01-2014,1,1,5,945,496.125,5221.125,MBR,Clothing,Women
35424259083,273791,19-01-2014,5,3,3,801,252.315,2655.315,MBR,Electronics,Computers
6719597689,266975,19-01-2014,7,5,5,1386,727.65,7657.65,e-Shop,Books,Fiction
5292050908,268919,19-01-2014,11,5,-5,-552,289.8,-3049.8,MBR,Books,Children
13805682193,271565,19-01-2014,5,3,2,210,44.1,464.1,e-Shop,Electronics,Computers
28181230250,268740,19-01-2014,3,5,-2,-352,73.92,-777.92,e-Shop,Books,Kids
64361664826,267343,19-01-2014,6,5,4,719,301.98,3177.98,MBR,Books,DIY
85168109909,267105,19-01-2014,2,6,2,813,170.73,1796.73,MBR,Home and kitchen,Furnishing
84266555223,271281,19-01-2014,2,6,1,1480,155.4,1635.4,e-Shop,Home and kitchen,Furnishing
81060188021,270740,19-01-2014,4,1,1,521,54.705,575.705,TeleShop,Clothing,Mens
67271078642,269927,19-01-2014,6,5,2,1014,212.94,2240.94,MBR,Books,DIY
95587093233,275058,19-01-2014,4,1,1,442,46.41,488.41,e-Shop,Clothing,Mens
63867464622,267301,19-01-2014,9,3,5,998,523.95,5513.95,e-Shop,Electronics,Cameras
63353407646,268530,19-01-2014,8,3,4,386,162.12,1706.12,MBR,Electronics,Personal Appliances
50589571177,269593,18-01-2014,1,4,5,904,474.6,4994.6,e-Shop,Bags,Women
39911702084,269757,18-01-2014,7,5,1,1064,111.72,1175.72,e-Shop,Books,Fiction
9977531815,267001,18-01-2014,11,5,3,1414,445.41,4687.41,MBR,Books,Children
26523682313,266841,18-01-2014,3,5,3,799,251.685,2648.685,e-Shop,Books,Kids
24224454143,270762,18-01-2014,5,3,2,1365,286.65,3016.65,e-Shop,Electronics,Computers
30333785724,271833,18-01-2014,5,3,5,1411,740.775,7795.775,e-Shop,Electronics,Computers
54108507229,270399,18-01-2014,4,2,2,838,175.98,1851.98,MBR,Footwear,Mens
11183926745,274814,18-01-2014,10,3,5,248,130.2,1370.2,MBR,Electronics,Audio and video
1025103859,267669,18-01-2014,11,5,2,333,69.93,735.93,Flagship store,Books,Children
34199782246,271036,18-01-2014,3,1,2,801,168.21,1770.21,TeleShop,Clothing,Kids
49916924033,274991,18-01-2014,7,5,3,527,166.005,1747.005,MBR,Books,Fiction
38874207965,273397,18-01-2014,3,2,2,1024,215.04,2263.04,e-Shop,Footwear,Kids
47557686385,273983,18-01-2014,11,6,4,188,78.96,830.96,e-Shop,Home and kitchen,Children
41081680000,274569,18-01-2014,11,5,5,251,131.775,1386.775,e-Shop,Books,Children
6892537928,274689,18-01-2014,7,5,2,261,54.81,576.81,e-Shop,Books,Fiction
88630153830,269216,18-01-2014,5,3,1,474,49.77,523.77,e-Shop,Electronics,Computers
88772483334,272423,18-01-2014,7,5,1,213,22.365,235.365,e-Shop,Books,Fiction
91319014001,273787,18-01-2014,5,3,-4,-815,342.3,-3602.3,e-Shop,Electronics,Computers
80432511156,275215,18-01-2014,3,5,4,1303,547.26,5759.26,MBR,Books,Kids
82125960026,270494,18-01-2014,3,1,4,1174,493.08,5189.08,TeleShop,Clothing,Kids
66776704623,271959,18-01-2014,1,2,3,764,240.66,2532.66,MBR,Footwear,Women
42637991442,271357,17-01-2014,4,1,4,1412,593.04,6241.04,e-Shop,Clothing,Mens
61071870937,270908,17-01-2014,6,5,5,1158,607.95,6397.95,TeleShop,Books,DIY
3234902312,272326,17-01-2014,1,4,1,1312,137.76,1449.76,e-Shop,Bags,Women
42926108570,271429,17-01-2014,10,3,4,1404,589.68,6205.68,e-Shop,Electronics,Audio and video
26809253226,271101,17-01-2014,10,6,4,208,87.36,919.36,e-Shop,Home and kitchen,Audio and video
46462250705,270680,17-01-2014,11,6,1,1233,129.465,1362.465,e-Shop,Home and kitchen,Children
41399935190,269763,17-01-2014,3,1,4,977,410.34,4318.34,e-Shop,Clothing,Kids
5572283658,274239,17-01-2014,4,1,3,1458,459.27,4833.27,e-Shop,Clothing,Mens
7674719485,270716,17-01-2014,1,4,5,1406,738.15,7768.15,TeleShop,Bags,Women
45282405016,273077,17-01-2014,8,3,5,462,242.55,2552.55,Flagship store,Electronics,Personal Appliances
12512192994,268020,17-01-2014,11,6,3,558,175.77,1849.77,Flagship store,Home and kitchen,Children
629286523,272456,17-01-2014,6,5,4,714,299.88,3155.88,TeleShop,Books,DIY
93700052775,267439,17-01-2014,4,1,2,1088,228.48,2404.48,Flagship store,Clothing,Mens
66078980166,274306,17-01-2014,11,5,5,875,459.375,4834.375,Flagship store,Books,Children
81750321697,270535,17-01-2014,7,5,1,1430,150.15,1580.15,e-Shop,Books,Fiction
76277525364,267377,17-01-2014,10,5,5,578,303.45,3193.45,e-Shop,Books,Audio and video
76379479713,273309,17-01-2014,10,6,3,914,287.91,3029.91,e-Shop,Home and kitchen,Audio and video
63267345434,269334,17-01-2014,4,2,3,453,142.695,1501.695,TeleShop,Footwear,Mens
92976425176,267282,17-01-2014,12,5,-2,-817,171.57,-1805.57,e-Shop,Books,Academic
77578552484,267846,17-01-2014,1,1,3,461,145.215,1528.215,TeleShop,Clothing,Women
91319014001,273787,17-01-2014,5,3,4,815,342.3,3602.3,e-Shop,Electronics,Computers
80406993092,273615,17-01-2014,4,1,-1,-955,100.275,-1055.275,e-Shop,Clothing,Mens
54554613557,274480,16-01-2014,4,2,2,718,150.78,1586.78,e-Shop,Footwear,Mens
44984570528,269963,16-01-2014,4,4,3,1147,361.305,3802.305,Flagship store,Bags,Mens
22065492092,274281,16-01-2014,12,6,5,1376,722.4,7602.4,e-Shop,Home and kitchen,Academic
21874620803,267281,16-01-2014,1,2,3,1200,378,3978,Flagship store,Footwear,Women
8225949147,267978,16-01-2014,4,1,-1,-316,33.18,-349.18,Flagship store,Clothing,Mens
36007811198,267874,16-01-2014,5,3,1,1408,147.84,1555.84,e-Shop,Electronics,Computers
36514040706,271322,16-01-2014,6,5,3,1165,366.975,3861.975,e-Shop,Books,DIY
43912377408,273881,16-01-2014,4,4,4,115,48.3,508.3,MBR,Bags,Mens
12253784078,267935,16-01-2014,3,2,2,1014,212.94,2240.94,e-Shop,Footwear,Kids
3922539732,274837,16-01-2014,11,6,2,263,55.23,581.23,MBR,Home and kitchen,Children
2842989888,275233,16-01-2014,11,5,3,472,148.68,1564.68,e-Shop,Books,Children
64683812611,269299,16-01-2014,10,6,-3,-441,138.915,-1461.915,MBR,Home and kitchen,Audio and video
86078338517,270181,16-01-2014,11,5,-2,-1404,294.84,-3102.84,e-Shop,Books,Children
80931940498,272951,16-01-2014,4,3,4,620,260.4,2740.4,e-Shop,Electronics,Mens
96212995230,272993,16-01-2014,3,2,3,637,200.655,2111.655,Flagship store,Footwear,Kids
85552282236,274221,16-01-2014,11,5,-2,-194,40.74,-428.74,e-Shop,Books,Children
91521629116,270160,16-01-2014,4,2,-2,-1118,234.78,-2470.78,e-Shop,Footwear,Mens
89376343721,270026,16-01-2014,11,5,2,1355,284.55,2994.55,e-Shop,Books,Children
60990415403,272399,15-01-2014,4,4,-2,-581,122.01,-1284.01,Flagship store,Bags,Mens
62080291341,269862,15-01-2014,1,1,1,938,98.49,1036.49,e-Shop,Clothing,Women
57885400617,274638,15-01-2014,1,2,5,915,480.375,5055.375,e-Shop,Footwear,Women
47691273998,272059,15-01-2014,4,4,4,146,61.32,645.32,Flagship store,Bags,Mens
27831598855,268055,15-01-2014,10,3,4,633,265.86,2797.86,Flagship store,Electronics,Audio and video
41866069452,274839,15-01-2014,4,3,3,1237,389.655,4100.655,Flagship store,Electronics,Mens
59480405639,272999,15-01-2014,12,5,2,491,103.11,1085.11,Flagship store,Books,Academic
26532708938,267621,15-01-2014,7,5,3,388,122.22,1286.22,e-Shop,Books,Fiction
28850509210,269673,15-01-2014,4,2,4,381,160.02,1684.02,MBR,Footwear,Mens
92155531829,267927,15-01-2014,11,5,3,635,200.025,2105.025,TeleShop,Books,Children
66505751248,273429,15-01-2014,3,1,1,998,104.79,1102.79,e-Shop,Clothing,Kids
93699055689,268514,15-01-2014,1,2,4,520,218.4,2298.4,e-Shop,Footwear,Women
84353897182,271381,15-01-2014,2,6,5,228,119.7,1259.7,e-Shop,Home and kitchen,Furnishing
64185871065,267905,15-01-2014,10,6,3,754,237.51,2499.51,MBR,Home and kitchen,Audio and video
87461360026,270831,15-01-2014,1,1,2,871,182.91,1924.91,Flagship store,Clothing,Women
86360532572,267480,15-01-2014,11,5,2,112,23.52,247.52,Flagship store,Books,Children
90687658880,274865,15-01-2014,11,5,-3,-736,231.84,-2439.84,e-Shop,Books,Children
72070772239,271100,15-01-2014,1,1,5,1160,609,6409,TeleShop,Clothing,Women
83397245213,274515,15-01-2014,4,3,3,868,273.42,2877.42,e-Shop,Electronics,Mens
86420605962,271448,15-01-2014,4,4,5,191,100.275,1055.275,e-Shop,Bags,Mens
85210113865,266987,15-01-2014,9,3,4,1426,598.92,6302.92,MBR,Electronics,Cameras
70816637070,269980,15-01-2014,10,3,3,1077,339.255,3570.255,Flagship store,Electronics,Audio and video
47374867028,273703,14-01-2014,3,2,1,601,63.105,664.105,MBR,Footwear,Kids
59859078566,268728,14-01-2014,10,6,1,71,7.455,78.455,e-Shop,Home and kitchen,Audio and video
38702596038,274594,14-01-2014,4,4,5,815,427.875,4502.875,e-Shop,Bags,Mens
57857725470,273684,14-01-2014,1,1,1,434,45.57,479.57,TeleShop,Clothing,Women
50328039144,273716,14-01-2014,3,1,4,1368,574.56,6046.56,MBR,Clothing,Kids
13335198152,274296,14-01-2014,6,5,4,667,280.14,2948.14,TeleShop,Books,DIY
41793665212,273331,14-01-2014,1,4,4,1426,598.92,6302.92,e-Shop,Bags,Women
40149315495,273526,14-01-2014,4,1,1,972,102.06,1074.06,TeleShop,Clothing,Mens
41462540639,273135,14-01-2014,11,6,4,270,113.4,1193.4,e-Shop,Home and kitchen,Children
53072509484,269952,14-01-2014,10,3,4,774,325.08,3421.08,MBR,Electronics,Audio and video
26783246066,272144,14-01-2014,1,4,5,513,269.325,2834.325,e-Shop,Bags,Women
50180808383,269776,14-01-2014,5,3,3,452,142.38,1498.38,Flagship store,Electronics,Computers
29505103017,271029,14-01-2014,4,3,3,1050,330.75,3480.75,Flagship store,Electronics,Mens
32549594895,269783,14-01-2014,1,1,1,509,53.445,562.445,e-Shop,Clothing,Women
26590265799,274661,14-01-2014,1,4,3,861,271.215,2854.215,Flagship store,Bags,Women
10870253111,270265,14-01-2014,1,1,2,308,64.68,680.68,TeleShop,Clothing,Women
44208101926,274725,14-01-2014,4,3,2,282,59.22,623.22,e-Shop,Electronics,Mens
42879420828,269637,14-01-2014,10,5,1,778,81.69,859.69,MBR,Books,Audio and video
64683812611,269299,14-01-2014,10,6,3,441,138.915,1461.915,MBR,Home and kitchen,Audio and video
64886922103,274663,14-01-2014,1,1,4,1391,584.22,6148.22,TeleShop,Clothing,Women
69724469724,271352,14-01-2014,4,4,1,861,90.405,951.405,MBR,Bags,Mens
77140777793,267925,14-01-2014,10,6,5,163,85.575,900.575,TeleShop,Home and kitchen,Audio and video
99986751618,274814,14-01-2014,1,1,-5,-923,484.575,-5099.575,MBR,Clothing,Women
92976425176,267282,14-01-2014,12,5,2,817,171.57,1805.57,e-Shop,Books,Academic
73475956243,274323,14-01-2014,10,6,2,1268,266.28,2802.28,Flagship store,Home and kitchen,Audio and video
91573679303,271107,14-01-2014,4,2,5,565,296.625,3121.625,TeleShop,Footwear,Mens
67582912673,272019,14-01-2014,11,5,1,357,37.485,394.485,MBR,Books,Children
41131578212,275197,13-01-2014,7,5,5,381,200.025,2105.025,e-Shop,Books,Fiction
61846799058,270445,13-01-2014,1,1,4,1230,516.6,5436.6,MBR,Clothing,Women
10737206970,273804,13-01-2014,3,2,2,1221,256.41,2698.41,e-Shop,Footwear,Kids
59330111261,269636,13-01-2014,8,3,4,1080,453.6,4773.6,e-Shop,Electronics,Personal Appliances
53259113714,270873,13-01-2014,11,5,3,394,124.11,1306.11,e-Shop,Books,Children
60990415403,272399,13-01-2014,4,4,2,581,122.01,1284.01,Flagship store,Bags,Mens
37412347662,275075,13-01-2014,10,3,4,560,235.2,2475.2,Flagship store,Electronics,Audio and video
25058305934,273123,13-01-2014,3,1,1,505,53.025,558.025,e-Shop,Clothing,Kids
55330587213,274226,13-01-2014,7,5,-5,-1401,735.525,-7740.525,e-Shop,Books,Fiction
54820323318,270368,13-01-2014,1,1,3,319,100.485,1057.485,Flagship store,Clothing,Women
33073226379,274868,13-01-2014,4,3,4,230,96.6,1016.6,e-Shop,Electronics,Mens
8225949147,267978,13-01-2014,4,1,1,316,33.18,349.18,Flagship store,Clothing,Mens
69585424757,269963,13-01-2014,8,3,4,1211,508.62,5352.62,TeleShop,Electronics,Personal Appliances
87243835584,268408,13-01-2014,7,5,5,187,98.175,1033.175,TeleShop,Books,Fiction
92285543328,271668,13-01-2014,2,6,4,1469,616.98,6492.98,TeleShop,Home and kitchen,Furnishing
78959301056,274518,13-01-2014,4,2,5,463,243.075,2558.075,e-Shop,Footwear,Mens
84471719078,266799,13-01-2014,10,6,-1,-1068,112.14,-1180.14,Flagship store,Home and kitchen,Audio and video
73322840267,269449,13-01-2014,1,2,4,1089,457.38,4813.38,MBR,Footwear,Women
96368566430,273015,13-01-2014,3,2,5,132,69.3,729.3,e-Shop,Footwear,Kids
95974831788,274618,13-01-2014,1,1,4,561,235.62,2479.62,Flagship store,Clothing,Women
65126242692,271850,13-01-2014,1,1,1,583,61.215,644.215,e-Shop,Clothing,Women
57985305694,272280,12/1/2014,4,2,2,925,194.25,2044.25,TeleShop,Footwear,Mens
42161496918,267832,12/1/2014,11,5,3,1365,429.975,4524.975,TeleShop,Books,Children
52678109859,269060,12/1/2014,12,5,4,188,78.96,830.96,e-Shop,Books,Academic
10896011176,269715,12/1/2014,10,5,5,253,132.825,1397.825,e-Shop,Books,Audio and video
26462500658,271380,12/1/2014,1,4,5,1237,649.425,6834.425,TeleShop,Bags,Women
28343723141,267522,12/1/2014,3,5,1,145,15.225,160.225,e-Shop,Books,Kids
57779961066,274213,12/1/2014,10,6,2,1332,279.72,2943.72,MBR,Home and kitchen,Audio and video
8051800106,268021,12/1/2014,11,5,5,547,287.175,3022.175,e-Shop,Books,Children
60701947535,271233,12/1/2014,11,5,1,88,9.24,97.24,MBR,Books,Children
18719716340,267536,12/1/2014,3,5,3,1077,339.255,3570.255,Flagship store,Books,Kids
41423884685,267143,12/1/2014,12,5,3,810,255.15,2685.15,TeleShop,Books,Academic
16935577825,267500,12/1/2014,9,3,4,1035,434.7,4574.7,Flagship store,Electronics,Cameras
60808372174,269393,12/1/2014,5,3,5,124,65.1,685.1,TeleShop,Electronics,Computers
19596887326,273502,12/1/2014,3,5,5,819,429.975,4524.975,Flagship store,Books,Kids
19354686316,268160,12/1/2014,1,2,2,238,49.98,525.98,e-Shop,Footwear,Women
34530200481,274292,12/1/2014,12,6,5,73,38.325,403.325,e-Shop,Home and kitchen,Academic
13300797307,272662,12/1/2014,6,5,4,79,33.18,349.18,TeleShop,Books,DIY
34340926624,269363,12/1/2014,2,6,1,166,17.43,183.43,Flagship store,Home and kitchen,Furnishing
21473137440,271664,12/1/2014,11,5,2,477,100.17,1054.17,Flagship store,Books,Children
76670509378,275157,12/1/2014,2,6,5,933,489.825,5154.825,Flagship store,Home and kitchen,Furnishing
72829335895,268169,12/1/2014,12,5,1,1249,131.145,1380.145,e-Shop,Books,Academic
90851814330,269225,12/1/2014,12,5,5,679,356.475,3751.475,e-Shop,Books,Academic
90957026283,272815,12/1/2014,12,6,4,171,71.82,755.82,e-Shop,Home and kitchen,Academic
67416750349,269069,12/1/2014,6,5,5,261,137.025,1442.025,Flagship store,Books,DIY
74005675578,269988,12/1/2014,11,6,2,874,183.54,1931.54,MBR,Home and kitchen,Children
91521629116,270160,12/1/2014,4,2,2,1118,234.78,2470.78,e-Shop,Footwear,Mens
86598140194,274326,12/1/2014,4,2,1,521,54.705,575.705,e-Shop,Footwear,Mens
45391436190,273748,11/1/2014,10,6,-4,-1077,452.34,-4760.34,e-Shop,Home and kitchen,Audio and video
13844622404,271302,11/1/2014,3,1,2,923,193.83,2039.83,e-Shop,Clothing,Kids
56473034933,273234,11/1/2014,6,5,2,1186,249.06,2621.06,e-Shop,Books,DIY
42529840892,272906,11/1/2014,3,2,4,1479,621.18,6537.18,e-Shop,Footwear,Kids
4435657499,267592,11/1/2014,11,6,5,1347,707.175,7442.175,e-Shop,Home and kitchen,Children
60107203818,270865,11/1/2014,9,3,1,659,69.195,728.195,TeleShop,Electronics,Cameras
5292050908,268919,11/1/2014,11,5,5,552,289.8,3049.8,MBR,Books,Children
42599881813,271232,11/1/2014,10,5,2,861,180.81,1902.81,e-Shop,Books,Audio and video
26357119762,274718,11/1/2014,1,2,2,248,52.08,548.08,e-Shop,Footwear,Women
7496095927,269213,11/1/2014,10,6,2,1097,230.37,2424.37,TeleShop,Home and kitchen,Audio and video
29050775506,270226,11/1/2014,11,5,-2,-616,129.36,-1361.36,Flagship store,Books,Children
19709415491,273299,11/1/2014,4,4,4,735,308.7,3248.7,Flagship store,Bags,Mens
44342529860,271821,11/1/2014,10,3,4,1273,534.66,5626.66,MBR,Electronics,Audio and video
99986751618,274814,11/1/2014,1,1,5,923,484.575,5099.575,MBR,Clothing,Women
74447094731,266827,11/1/2014,11,5,3,1495,470.925,4955.925,TeleShop,Books,Children
74588311344,269171,11/1/2014,10,6,1,273,28.665,301.665,TeleShop,Home and kitchen,Audio and video
83303329933,268904,11/1/2014,4,1,3,694,218.61,2300.61,e-Shop,Clothing,Mens
80736583665,273698,11/1/2014,8,3,1,1485,155.925,1640.925,TeleShop,Electronics,Personal Appliances
76071190959,269437,11/1/2014,1,4,2,1166,244.86,2576.86,TeleShop,Bags,Women
77192095651,270050,11/1/2014,4,3,1,981,103.005,1084.005,MBR,Electronics,Mens
66991700898,272410,11/1/2014,3,1,5,1391,730.275,7685.275,TeleShop,Clothing,Kids
20715633549,272243,10/1/2014,6,5,5,1180,619.5,6519.5,Flagship store,Books,DIY
26909699264,268968,10/1/2014,3,2,5,552,289.8,3049.8,e-Shop,Footwear,Kids
32703672193,272264,10/1/2014,2,6,5,1447,759.675,7994.675,e-Shop,Home and kitchen,Furnishing
27261176770,274268,10/1/2014,3,2,1,477,50.085,527.085,Flagship store,Footwear,Kids
28181230250,268740,10/1/2014,3,5,2,352,73.92,777.92,e-Shop,Books,Kids
20603779371,272077,10/1/2014,3,1,1,955,100.275,1055.275,Flagship store,Clothing,Kids
5899993103,273917,10/1/2014,2,6,4,435,182.7,1922.7,e-Shop,Home and kitchen,Furnishing
47580651155,270092,10/1/2014,2,6,1,559,58.695,617.695,Flagship store,Home and kitchen,Furnishing
19100868419,267938,10/1/2014,2,6,2,638,133.98,1409.98,Flagship store,Home and kitchen,Furnishing
57873734304,268951,10/1/2014,2,6,2,879,184.59,1942.59,e-Shop,Home and kitchen,Furnishing
33939401473,274948,10/1/2014,4,1,5,976,512.4,5392.4,e-Shop,Clothing,Mens
34807753571,269996,10/1/2014,10,3,1,421,44.205,465.205,TeleShop,Electronics,Audio and video
20187377109,268569,10/1/2014,10,5,1,345,36.225,381.225,TeleShop,Books,Audio and video
36846676725,270026,10/1/2014,1,4,-5,-309,162.225,-1707.225,TeleShop,Bags,Women
24085011754,270360,10/1/2014,4,2,4,1384,581.28,6117.28,Flagship store,Footwear,Mens
12010641529,271045,10/1/2014,12,5,3,1284,404.46,4256.46,TeleShop,Books,Academic
80406993092,273615,10/1/2014,4,1,-1,-955,100.275,-1055.275,e-Shop,Clothing,Mens
89740509952,273799,10/1/2014,11,6,5,1157,607.425,6392.425,e-Shop,Home and kitchen,Children
65549818407,272514,10/1/2014,11,5,3,692,217.98,2293.98,TeleShop,Books,Children
85552282236,274221,10/1/2014,11,5,2,194,40.74,428.74,e-Shop,Books,Children
97302834901,275163,10/1/2014,10,6,2,72,15.12,159.12,Flagship store,Home and kitchen,Audio and video
65006544849,268046,10/1/2014,2,6,3,1197,377.055,3968.055,e-Shop,Home and kitchen,Furnishing
87070840233,272702,10/1/2014,3,5,4,1453,610.26,6422.26,MBR,Books,Kids
94050416364,271729,10/1/2014,6,5,3,519,163.485,1720.485,e-Shop,Books,DIY
8171718447,266966,9/1/2014,6,5,2,1318,276.78,2912.78,MBR,Books,DIY
56340697061,267667,9/1/2014,11,6,-5,-836,438.9,-4618.9,e-Shop,Home and kitchen,Children
45877126217,267781,9/1/2014,5,3,2,1364,286.44,3014.44,Flagship store,Electronics,Computers
5462718143,269664,9/1/2014,1,1,2,1448,304.08,3200.08,e-Shop,Clothing,Women
4996075909,268386,9/1/2014,12,6,2,324,68.04,716.04,e-Shop,Home and kitchen,Academic
19902456375,267511,9/1/2014,10,3,3,241,75.915,798.915,TeleShop,Electronics,Audio and video
19411679647,272711,9/1/2014,10,3,4,975,409.5,4309.5,TeleShop,Electronics,Audio and video
20904693730,274521,9/1/2014,1,2,4,330,138.6,1458.6,MBR,Footwear,Women
27488059621,273546,9/1/2014,10,5,3,1253,394.695,4153.695,e-Shop,Books,Audio and video
23288156542,274778,9/1/2014,6,5,-2,-492,103.32,-1087.32,TeleShop,Books,DIY
29050775506,270226,9/1/2014,11,5,2,616,129.36,1361.36,Flagship store,Books,Children
63749791262,270262,9/1/2014,8,3,2,1342,281.82,2965.82,MBR,Electronics,Personal Appliances
74570363510,268090,9/1/2014,3,1,2,1450,304.5,3204.5,MBR,Clothing,Kids
71802405431,274099,9/1/2014,1,1,4,293,123.06,1295.06,e-Shop,Clothing,Women
84471719078,266799,9/1/2014,10,6,1,1068,112.14,1180.14,Flagship store,Home and kitchen,Audio and video
91039584326,272165,9/1/2014,10,5,-1,-1268,133.14,-1401.14,e-Shop,Books,Audio and video
70500078533,272869,9/1/2014,3,1,2,1301,273.21,2875.21,MBR,Clothing,Kids
94106922862,267265,9/1/2014,5,3,5,303,159.075,1674.075,MBR,Electronics,Computers
86078338517,270181,9/1/2014,11,5,2,1404,294.84,3102.84,e-Shop,Books,Children
30629366844,272028,8/1/2014,7,5,4,256,107.52,1131.52,Flagship store,Books,Fiction
36846676725,270026,8/1/2014,1,4,5,309,162.225,1707.225,TeleShop,Bags,Women
55385443376,269300,8/1/2014,4,3,3,1126,354.69,3732.69,e-Shop,Electronics,Mens
40932345719,267344,8/1/2014,10,3,4,793,333.06,3505.06,TeleShop,Electronics,Audio and video
50673843380,269228,8/1/2014,4,1,1,1013,106.365,1119.365,TeleShop,Clothing,Mens
45862590549,272228,8/1/2014,1,1,5,534,280.35,2950.35,TeleShop,Clothing,Women
926941138,272200,8/1/2014,10,6,1,613,64.365,677.365,e-Shop,Home and kitchen,Audio and video
53184255339,268489,8/1/2014,1,1,4,819,343.98,3619.98,Flagship store,Clothing,Women
54035965707,268727,8/1/2014,11,6,2,509,106.89,1124.89,MBR,Home and kitchen,Children
3805002881,267631,8/1/2014,12,6,1,1312,137.76,1449.76,Flagship store,Home and kitchen,Academic
41158801039,272900,8/1/2014,7,5,5,766,402.15,4232.15,TeleShop,Books,Fiction
4193024484,273220,8/1/2014,1,4,4,427,179.34,1887.34,MBR,Bags,Women
53245167621,273928,8/1/2014,3,1,4,270,113.4,1193.4,TeleShop,Clothing,Kids
48660589294,274767,8/1/2014,12,5,-1,-762,80.01,-842.01,MBR,Books,Academic
6633562741,266911,8/1/2014,3,2,3,1011,318.465,3351.465,TeleShop,Footwear,Kids
62922048871,270766,8/1/2014,10,5,3,257,80.955,851.955,MBR,Books,Audio and video
5433639198,272783,8/1/2014,12,5,5,543,285.075,3000.075,TeleShop,Books,Academic
90687658880,274865,8/1/2014,11,5,3,736,231.84,2439.84,e-Shop,Books,Children
70003642399,274789,8/1/2014,1,1,1,1241,130.305,1371.305,TeleShop,Clothing,Women
89897942683,273156,8/1/2014,1,1,5,1184,621.6,6541.6,e-Shop,Clothing,Women
89990722549,274792,8/1/2014,11,5,3,1422,447.93,4713.93,TeleShop,Books,Children
85547998310,268996,8/1/2014,7,5,5,845,443.625,4668.625,Flagship store,Books,Fiction
81062245899,269894,8/1/2014,10,5,3,1068,336.42,3540.42,e-Shop,Books,Audio and video
99682489636,268097,8/1/2014,3,5,2,866,181.86,1913.86,Flagship store,Books,Kids
21135674498,270427,7/1/2014,11,5,3,1162,366.03,3852.03,e-Shop,Books,Children
62534546479,268497,7/1/2014,4,1,2,555,116.55,1226.55,Flagship store,Clothing,Mens
29147054949,275082,7/1/2014,8,3,4,1044,438.48,4614.48,Flagship store,Electronics,Personal Appliances
56340697061,267667,7/1/2014,11,6,5,836,438.9,4618.9,e-Shop,Home and kitchen,Children
51322842516,271810,7/1/2014,4,1,2,143,30.03,316.03,e-Shop,Clothing,Mens
50098034856,267666,7/1/2014,12,6,5,591,310.275,3265.275,e-Shop,Home and kitchen,Academic
55330587213,274226,7/1/2014,7,5,5,1401,735.525,7740.525,e-Shop,Books,Fiction
24138250392,267379,7/1/2014,10,5,2,1015,213.15,2243.15,MBR,Books,Audio and video
3076696316,274963,7/1/2014,4,1,2,1479,310.59,3268.59,e-Shop,Clothing,Mens
12881246484,267106,7/1/2014,1,4,5,1184,621.6,6541.6,MBR,Bags,Women
41597338201,272928,7/1/2014,1,2,4,1308,549.36,5781.36,TeleShop,Footwear,Women
38712705363,273973,7/1/2014,8,3,1,526,55.23,581.23,TeleShop,Electronics,Personal Appliances
5584973008,268366,7/1/2014,6,5,5,379,198.975,2093.975,e-Shop,Books,DIY
36997591693,271927,7/1/2014,2,6,2,538,112.98,1188.98,e-Shop,Home and kitchen,Furnishing
80406993092,273615,7/1/2014,4,1,1,955,100.275,1055.275,e-Shop,Clothing,Mens
76872096992,269902,7/1/2014,6,5,4,207,86.94,914.94,Flagship store,Books,DIY
67262335598,271722,7/1/2014,8,3,1,1414,148.47,1562.47,Flagship store,Electronics,Personal Appliances
95164687008,273354,7/1/2014,1,1,4,1384,581.28,6117.28,TeleShop,Clothing,Women
96249229495,271166,7/1/2014,3,5,2,101,21.21,223.21,TeleShop,Books,Kids
66854032651,273570,7/1/2014,1,2,-3,-896,282.24,-2970.24,MBR,Footwear,Women
64027031365,271406,7/1/2014,9,3,4,1011,424.62,4468.62,e-Shop,Electronics,Cameras
74634203248,274243,7/1/2014,4,3,4,1014,425.88,4481.88,TeleShop,Electronics,Mens
90027771251,273237,7/1/2014,5,3,3,941,296.415,3119.415,e-Shop,Electronics,Computers
70860726874,271749,7/1/2014,4,4,1,1056,110.88,1166.88,MBR,Bags,Mens
23208198450,270749,6/1/2014,1,1,4,847,355.74,3743.74,MBR,Clothing,Women
2428088317,272133,6/1/2014,3,5,4,1336,561.12,5905.12,e-Shop,Books,Kids
54391762918,271692,6/1/2014,9,3,3,967,304.605,3205.605,TeleShop,Electronics,Cameras
49224164567,270074,6/1/2014,3,1,4,1004,421.68,4437.68,TeleShop,Clothing,Kids
35526434599,269299,6/1/2014,10,6,2,1308,274.68,2890.68,e-Shop,Home and kitchen,Audio and video
4781157690,272889,6/1/2014,3,5,5,927,486.675,5121.675,e-Shop,Books,Kids
1720546734,270628,6/1/2014,4,2,3,507,159.705,1680.705,e-Shop,Footwear,Mens
38555542810,269935,6/1/2014,9,3,2,189,39.69,417.69,e-Shop,Electronics,Cameras
90229930537,267749,6/1/2014,10,5,-5,-1423,747.075,-7862.075,e-Shop,Books,Audio and video
82155565127,268910,6/1/2014,12,5,2,1064,223.44,2351.44,MBR,Books,Academic
94122805702,268346,6/1/2014,11,5,5,1031,541.275,5696.275,e-Shop,Books,Children
95683597518,274832,6/1/2014,2,6,-2,-276,57.96,-609.96,e-Shop,Home and kitchen,Furnishing
31304864481,273692,5/1/2014,10,3,4,1198,503.16,5295.16,e-Shop,Electronics,Audio and video
12334452791,269003,5/1/2014,4,3,-1,-920,96.6,-1016.6,e-Shop,Electronics,Mens
10685793437,272465,5/1/2014,6,5,1,88,9.24,97.24,e-Shop,Books,DIY
8113230766,267316,5/1/2014,12,6,3,1163,366.345,3855.345,e-Shop,Home and kitchen,Academic
28696753858,270695,5/1/2014,11,5,-1,-704,73.92,-777.92,TeleShop,Books,Children
11125206171,273325,5/1/2014,12,6,1,1196,125.58,1321.58,Flagship store,Home and kitchen,Academic
29498204760,271189,5/1/2014,4,4,3,1365,429.975,4524.975,e-Shop,Bags,Mens
34584760666,274052,5/1/2014,4,1,1,769,80.745,849.745,TeleShop,Clothing,Mens
964154706,274927,5/1/2014,3,1,2,408,85.68,901.68,TeleShop,Clothing,Kids
11524153958,270407,5/1/2014,8,3,2,500,105,1105,e-Shop,Electronics,Personal Appliances
99318505571,270706,5/1/2014,3,5,-5,-1161,609.525,-6414.525,TeleShop,Books,Kids
87978546754,268562,5/1/2014,7,5,3,1031,324.765,3417.765,TeleShop,Books,Fiction
66820651986,274844,5/1/2014,10,5,4,1121,470.82,4954.82,TeleShop,Books,Audio and video
66854032651,273570,5/1/2014,1,2,3,896,282.24,2970.24,MBR,Footwear,Women
78998194710,267425,5/1/2014,8,3,4,1018,427.56,4499.56,Flagship store,Electronics,Personal Appliances
85999997061,270867,5/1/2014,11,5,4,82,34.44,362.44,e-Shop,Books,Children
79025894902,272317,5/1/2014,10,5,-3,-1095,344.925,-3629.925,e-Shop,Books,Audio and video
73430588249,268288,5/1/2014,3,1,1,1147,120.435,1267.435,e-Shop,Clothing,Kids
69859877223,273486,5/1/2014,5,3,3,1288,405.72,4269.72,e-Shop,Electronics,Computers
85066937197,269171,5/1/2014,1,4,3,1378,434.07,4568.07,TeleShop,Bags,Women
91259941023,271674,5/1/2014,6,5,1,319,33.495,352.495,e-Shop,Books,DIY
64568459286,275181,5/1/2014,3,1,3,564,177.66,1869.66,e-Shop,Clothing,Kids
81569100771,275037,5/1/2014,3,1,5,621,326.025,3431.025,Flagship store,Clothing,Kids
39218854635,272292,4/1/2014,8,3,2,1433,300.93,3166.93,TeleShop,Electronics,Personal Appliances
58027314425,272744,4/1/2014,4,2,5,1394,731.85,7701.85,Flagship store,Footwear,Mens
51221938710,269236,4/1/2014,11,6,4,142,59.64,627.64,Flagship store,Home and kitchen,Children
15099368102,270378,4/1/2014,11,6,2,1409,295.89,3113.89,MBR,Home and kitchen,Children
11680723781,268916,4/1/2014,1,4,4,1126,472.92,4976.92,TeleShop,Bags,Women
48216532679,272975,4/1/2014,4,4,4,429,180.18,1896.18,Flagship store,Bags,Mens
18331140958,267379,4/1/2014,7,5,-1,-842,88.41,-930.41,TeleShop,Books,Fiction
35762428721,269020,4/1/2014,9,3,-1,-798,83.79,-881.79,e-Shop,Electronics,Cameras
45539784948,270320,4/1/2014,4,4,2,922,193.62,2037.62,e-Shop,Bags,Mens
80437298259,274360,4/1/2014,1,1,-4,-600,252,-2652,e-Shop,Clothing,Women
82213567288,270087,4/1/2014,11,6,5,1499,786.975,8281.975,e-Shop,Home and kitchen,Children
94606746845,269361,4/1/2014,3,5,3,1342,422.73,4448.73,TeleShop,Books,Kids
96601072140,270400,4/1/2014,1,2,3,121,38.115,401.115,e-Shop,Footwear,Women
87412768868,275092,4/1/2014,11,6,4,1053,442.26,4654.26,e-Shop,Home and kitchen,Children
78998671169,270907,4/1/2014,6,5,1,1049,110.145,1159.145,MBR,Books,DIY
9249643508,270322,3/1/2014,10,5,1,583,61.215,644.215,e-Shop,Books,Audio and video
45391436190,273748,3/1/2014,10,6,4,1077,452.34,4760.34,e-Shop,Home and kitchen,Audio and video
20861584370,267807,3/1/2014,1,4,3,1131,356.265,3749.265,Flagship store,Bags,Women
14302941720,273058,3/1/2014,1,2,-1,-674,70.77,-744.77,e-Shop,Footwear,Women
35197032510,272375,3/1/2014,3,1,4,863,362.46,3814.46,e-Shop,Clothing,Kids
23288156542,274778,3/1/2014,6,5,2,492,103.32,1087.32,TeleShop,Books,DIY
18062786609,267864,3/1/2014,7,5,3,623,196.245,2065.245,MBR,Books,Fiction
52044631925,272998,3/1/2014,9,3,1,304,31.92,335.92,e-Shop,Electronics,Cameras
47023762109,267004,3/1/2014,2,6,5,1187,623.175,6558.175,e-Shop,Home and kitchen,Furnishing
23637349107,273355,3/1/2014,10,5,3,217,68.355,719.355,e-Shop,Books,Audio and video
48660589294,274767,3/1/2014,12,5,-1,-762,80.01,-842.01,MBR,Books,Academic
53059402651,267721,3/1/2014,4,3,2,144,30.24,318.24,TeleShop,Electronics,Mens
20457562627,267468,3/1/2014,3,5,-2,-663,139.23,-1465.23,e-Shop,Books,Kids
14752843941,272209,3/1/2014,2,6,2,658,138.18,1454.18,e-Shop,Home and kitchen,Furnishing
43792892123,269007,3/1/2014,7,5,4,1018,427.56,4499.56,e-Shop,Books,Fiction
1856411704,269703,3/1/2014,1,4,1,855,89.775,944.775,MBR,Bags,Women
11678613802,267750,3/1/2014,11,6,-5,-1235,648.375,-6823.375,e-Shop,Home and kitchen,Children
63096895453,270519,3/1/2014,3,1,1,324,34.02,358.02,Flagship store,Clothing,Kids
45339814259,273861,3/1/2014,3,2,2,988,207.48,2183.48,e-Shop,Footwear,Kids
97885514792,271152,3/1/2014,11,5,4,384,161.28,1697.28,e-Shop,Books,Children
80592732318,270059,3/1/2014,7,5,-3,-932,293.58,-3089.58,Flagship store,Books,Fiction
85804347285,271724,3/1/2014,4,3,4,673,282.66,2974.66,e-Shop,Electronics,Mens
85302608197,266841,3/1/2014,1,1,4,1142,479.64,5047.64,Flagship store,Clothing,Women
90051478867,271888,3/1/2014,4,4,3,1129,355.635,3742.635,e-Shop,Bags,Mens
95683597518,274832,3/1/2014,2,6,2,276,57.96,609.96,e-Shop,Home and kitchen,Furnishing
82830918441,270619,3/1/2014,1,2,1,817,85.785,902.785,e-Shop,Footwear,Women
92052844391,267263,3/1/2014,4,4,2,523,109.83,1155.83,MBR,Bags,Mens
77459026352,270447,3/1/2014,12,6,5,909,477.225,5022.225,e-Shop,Home and kitchen,Academic
77232232822,273564,3/1/2014,3,5,3,436,137.34,1445.34,e-Shop,Books,Kids
7963919490,273350,2/1/2014,3,2,5,498,261.45,2751.45,MBR,Footwear,Kids
32495284686,269568,2/1/2014,9,3,5,1446,759.15,7989.15,Flagship store,Electronics,Cameras
56969409360,271679,2/1/2014,4,3,2,1062,223.02,2347.02,e-Shop,Electronics,Mens
32899104170,270064,2/1/2014,2,6,3,802,252.63,2658.63,TeleShop,Home and kitchen,Furnishing
283737262,266831,2/1/2014,7,5,4,286,120.12,1264.12,TeleShop,Books,Fiction
26408242649,267840,2/1/2014,7,5,3,957,301.455,3172.455,Flagship store,Books,Fiction
11822669972,267613,2/1/2014,8,3,4,273,114.66,1206.66,TeleShop,Electronics,Personal Appliances
18331140958,267379,2/1/2014,7,5,1,842,88.41,930.41,TeleShop,Books,Fiction
42716608640,271200,2/1/2014,11,5,2,1091,229.11,2411.11,MBR,Books,Children
37193313716,269083,2/1/2014,10,6,4,1052,441.84,4649.84,TeleShop,Home and kitchen,Audio and video
42657331818,274644,2/1/2014,9,3,3,137,43.155,454.155,e-Shop,Electronics,Cameras
39628393605,271655,2/1/2014,12,5,5,864,453.6,4773.6,Flagship store,Books,Academic
41632170252,270066,2/1/2014,9,3,1,1389,145.845,1534.845,e-Shop,Electronics,Cameras
14302941720,273058,2/1/2014,1,2,1,674,70.77,744.77,e-Shop,Footwear,Women
46129128420,268627,2/1/2014,4,1,3,515,162.225,1707.225,e-Shop,Clothing,Mens
32125935023,272067,2/1/2014,10,3,5,1211,635.775,6690.775,e-Shop,Electronics,Audio and video
50346649770,270616,2/1/2014,4,2,2,977,205.17,2159.17,MBR,Footwear,Mens
19642864934,272070,2/1/2014,4,3,1,217,22.785,239.785,e-Shop,Electronics,Mens
90229930537,267749,2/1/2014,10,5,5,1423,747.075,7862.075,e-Shop,Books,Audio and video
91039584326,272165,2/1/2014,10,5,1,1268,133.14,1401.14,e-Shop,Books,Audio and video
93106566800,271656,2/1/2014,3,5,3,75,23.625,248.625,e-Shop,Books,Kids
77111633383,269439,2/1/2014,3,5,1,1330,139.65,1469.65,e-Shop,Books,Kids
96958532583,267661,2/1/2014,12,6,2,1283,269.43,2835.43,e-Shop,Home and kitchen,Academic
74554844037,269329,2/1/2014,11,6,5,742,389.55,4099.55,e-Shop,Home and kitchen,Children
57179793302,274511,1/1/2014,5,3,1,290,30.45,320.45,Flagship store,Electronics,Computers
40429129896,272598,1/1/2014,12,5,2,1149,241.29,2539.29,MBR,Books,Academic
20457562627,267468,1/1/2014,3,5,2,663,139.23,1465.23,e-Shop,Books,Kids
49436863184,271428,1/1/2014,11,6,1,548,57.54,605.54,MBR,Home and kitchen,Children
789912743,274000,1/1/2014,10,5,2,295,61.95,651.95,e-Shop,Books,Audio and video
53090811951,273659,1/1/2014,4,3,1,90,9.45,99.45,TeleShop,Electronics,Mens
16531038014,273230,1/1/2014,1,1,-4,-505,212.1,-2232.1,MBR,Clothing,Women
18972312403,272462,1/1/2014,9,3,2,1014,212.94,2240.94,MBR,Electronics,Cameras
50332885654,270347,1/1/2014,6,5,5,1317,691.425,7276.425,e-Shop,Books,DIY
47595213714,275159,1/1/2014,2,6,5,554,290.85,3060.85,e-Shop,Home and kitchen,Furnishing
35762428721,269020,1/1/2014,9,3,1,798,83.79,881.79,e-Shop,Electronics,Cameras
26412890125,269365,1/1/2014,3,1,1,167,17.535,184.535,TeleShop,Clothing,Kids
28696753858,270695,1/1/2014,11,5,1,704,73.92,777.92,TeleShop,Books,Children
12736066714,274266,1/1/2014,10,6,3,1388,437.22,4601.22,MBR,Home and kitchen,Audio and video
14460826915,269348,1/1/2014,11,6,3,84,26.46,278.46,MBR,Home and kitchen,Children
22308679379,267929,1/1/2014,10,5,3,653,205.695,2164.695,e-Shop,Books,Audio and video
18104590837,267959,1/1/2014,12,6,-4,-787,330.54,-3478.54,MBR,Home and kitchen,Academic
32889219128,269536,1/1/2014,10,5,5,1423,747.075,7862.075,e-Shop,Books,Audio and video
56243724107,273436,1/1/2014,1,1,2,329,69.09,727.09,TeleShop,Clothing,Women
15628060316,273879,1/1/2014,12,6,1,132,13.86,145.86,e-Shop,Home and kitchen,Academic
42711619809,271701,1/1/2014,1,2,5,336,176.4,1856.4,MBR,Footwear,Women
9835488096,273310,1/1/2014,11,5,3,177,55.755,586.755,TeleShop,Books,Children
45967608403,268894,1/1/2014,1,1,4,798,335.16,3527.16,e-Shop,Clothing,Women
99318505571,270706,1/1/2014,3,5,5,1161,609.525,6414.525,TeleShop,Books,Kids
90157932848,269420,1/1/2014,12,6,2,858,180.18,1896.18,Flagship store,Home and kitchen,Academic
67088172893,271877,1/1/2014,1,1,1,902,94.71,996.71,e-Shop,Clothing,Women
69378805450,273472,1/1/2014,1,2,1,1242,130.41,1372.41,e-Shop,Footwear,Women
63635040022,268886,1/1/2014,3,2,5,652,342.3,3602.3,e-Shop,Footwear,Kids
71241456072,268863,1/1/2014,3,5,2,462,97.02,1021.02,Flagship store,Books,Kids
69368153122,273627,1/1/2014,7,5,3,311,97.965,1030.965,TeleShop,Books,Fiction
96680280518,267832,1/1/2014,1,4,5,1462,767.55,8077.55,e-Shop,Bags,Women
58387181112,275068,31-12-2013,8,3,5,792,415.8,4375.8,e-Shop,Electronics,Personal Appliances
21300411973,274568,31-12-2013,2,6,1,1054,110.67,1164.67,Flagship store,Home and kitchen,Furnishing
25511948871,273541,31-12-2013,3,1,-3,-253,79.695,-838.695,MBR,Clothing,Kids
45524941068,268722,31-12-2013,10,5,5,124,65.1,685.1,Flagship store,Books,Audio and video
26100869804,273836,31-12-2013,9,3,3,843,265.545,2794.545,e-Shop,Electronics,Cameras
48660589294,274767,31-12-2013,12,5,1,762,80.01,842.01,MBR,Books,Academic
44724557035,274734,31-12-2013,3,1,5,1005,527.625,5552.625,TeleShop,Clothing,Kids
4116412179,269788,31-12-2013,10,3,3,984,309.96,3261.96,e-Shop,Electronics,Audio and video
56380733343,273570,31-12-2013,1,1,2,1319,276.99,2914.99,MBR,Clothing,Women
55120134998,274052,31-12-2013,10,5,3,143,45.045,474.045,Flagship store,Books,Audio and video
51849180620,273963,31-12-2013,9,3,3,617,194.355,2045.355,e-Shop,Electronics,Cameras
9920817353,275033,31-12-2013,3,2,3,271,85.365,898.365,TeleShop,Footwear,Kids
73514951834,269518,31-12-2013,6,5,2,582,122.22,1286.22,e-Shop,Books,DIY
87937803238,275194,31-12-2013,8,3,5,752,394.8,4154.8,TeleShop,Electronics,Personal Appliances
79443912873,267426,31-12-2013,1,4,1,193,20.265,213.265,MBR,Bags,Women
74047317255,267888,31-12-2013,2,6,4,861,361.62,3805.62,TeleShop,Home and kitchen,Furnishing
65594255012,273857,31-12-2013,1,4,1,405,42.525,447.525,TeleShop,Bags,Women
89405298920,269866,31-12-2013,4,2,5,1340,703.5,7403.5,e-Shop,Footwear,Mens
83963970126,274655,31-12-2013,3,1,5,213,111.825,1176.825,e-Shop,Clothing,Kids
53022798988,268710,30-12-2013,4,2,5,900,472.5,4972.5,Flagship store,Footwear,Mens
34058748311,272742,30-12-2013,4,2,2,998,209.58,2205.58,e-Shop,Footwear,Mens
6795139624,273397,30-12-2013,1,1,3,565,177.975,1872.975,TeleShop,Clothing,Women
12334452791,269003,30-12-2013,4,3,1,920,96.6,1016.6,e-Shop,Electronics,Mens
14543452790,273652,30-12-2013,7,5,-1,-482,50.61,-532.61,MBR,Books,Fiction
55761597221,269697,30-12-2013,5,3,-4,-1374,577.08,-6073.08,e-Shop,Electronics,Computers
55632630221,271262,30-12-2013,5,3,4,1037,435.54,4583.54,e-Shop,Electronics,Computers
33468347680,268073,30-12-2013,3,2,-1,-668,70.14,-738.14,MBR,Footwear,Kids
29979699350,267361,30-12-2013,4,3,2,688,144.48,1520.48,Flagship store,Electronics,Mens
5019044047,272255,30-12-2013,4,2,-2,-633,132.93,-1398.93,MBR,Footwear,Mens
42960197717,269679,30-12-2013,1,2,2,1498,314.58,3310.58,e-Shop,Footwear,Women
10078011759,274975,30-12-2013,11,5,5,357,187.425,1972.425,TeleShop,Books,Children
6835206607,269355,30-12-2013,1,1,1,661,69.405,730.405,MBR,Clothing,Women
33772154583,275060,30-12-2013,3,2,4,1348,566.16,5958.16,Flagship store,Footwear,Kids
51514545410,270709,30-12-2013,1,1,5,1304,684.6,7204.6,e-Shop,Clothing,Women
71147803470,269304,30-12-2013,12,5,1,711,74.655,785.655,e-Shop,Books,Academic
92205186305,272143,30-12-2013,10,6,2,825,173.25,1823.25,MBR,Home and kitchen,Audio and video
83941716509,273771,30-12-2013,4,1,5,725,380.625,4005.625,e-Shop,Clothing,Mens
81110299683,272797,30-12-2013,4,1,4,695,291.9,3071.9,TeleShop,Clothing,Mens
87479355286,268202,30-12-2013,5,3,2,1273,267.33,2813.33,MBR,Electronics,Computers
84218664636,272718,30-12-2013,1,4,2,1156,242.76,2554.76,TeleShop,Bags,Women
57658429693,267090,29-12-2013,3,2,2,287,60.27,634.27,TeleShop,Footwear,Kids
8309911857,267203,29-12-2013,10,3,1,1169,122.745,1291.745,e-Shop,Electronics,Audio and video
14543452790,273652,29-12-2013,7,5,1,482,50.61,532.61,MBR,Books,Fiction
6887173968,270371,29-12-2013,12,5,2,715,150.15,1580.15,TeleShop,Books,Academic
33468347680,268073,29-12-2013,3,2,1,668,70.14,738.14,MBR,Footwear,Kids
13081911279,274375,29-12-2013,1,4,4,315,132.3,1392.3,MBR,Bags,Women
209435584,270676,29-12-2013,5,3,4,1229,516.18,5432.18,e-Shop,Electronics,Computers
52734052194,266882,29-12-2013,1,2,2,1042,218.82,2302.82,Flagship store,Footwear,Women
16531038014,273230,29-12-2013,1,1,4,505,212.1,2232.1,MBR,Clothing,Women
6702027228,271898,29-12-2013,11,6,4,619,259.98,2735.98,Flagship store,Home and kitchen,Children
35589805855,267134,29-12-2013,4,2,-4,-515,216.3,-2276.3,TeleShop,Footwear,Mens
33215457342,272081,29-12-2013,12,6,4,1079,453.18,4769.18,e-Shop,Home and kitchen,Academic
9488888491,267446,29-12-2013,1,4,2,1336,280.56,2952.56,e-Shop,Bags,Women
44632937084,267701,29-12-2013,9,3,4,746,313.32,3297.32,TeleShop,Electronics,Cameras
68173579419,274945,29-12-2013,11,6,2,782,164.22,1728.22,TeleShop,Home and kitchen,Children
91895552749,273127,29-12-2013,4,1,3,696,219.24,2307.24,TeleShop,Clothing,Mens
91592272866,266857,29-12-2013,1,4,5,686,360.15,3790.15,Flagship store,Bags,Women
64284350561,268025,29-12-2013,10,5,1,808,84.84,892.84,TeleShop,Books,Audio and video
71273972657,273623,29-12-2013,4,2,5,1168,613.2,6453.2,e-Shop,Footwear,Mens
46642388374,272339,28-12-2013,4,1,3,1147,361.305,3802.305,e-Shop,Clothing,Mens
45454071241,273254,28-12-2013,1,2,3,183,57.645,606.645,TeleShop,Footwear,Women
52082965735,274092,28-12-2013,1,1,1,529,55.545,584.545,Flagship store,Clothing,Women
22312241042,273106,28-12-2013,6,5,5,467,245.175,2580.175,e-Shop,Books,DIY
42260157986,267786,28-12-2013,10,5,3,228,71.82,755.82,Flagship store,Books,Audio and video
7065958073,268776,28-12-2013,3,1,-2,-1191,250.11,-2632.11,e-Shop,Clothing,Kids
58429524107,272862,28-12-2013,12,6,4,450,189,1989,MBR,Home and kitchen,Academic
55761597221,269697,28-12-2013,5,3,4,1374,577.08,6073.08,e-Shop,Electronics,Computers
14082904669,271366,28-12-2013,4,2,-3,-1223,385.245,-4054.245,TeleShop,Footwear,Mens
52801526238,271346,28-12-2013,8,3,2,1108,232.68,2448.68,e-Shop,Electronics,Personal Appliances
62956338430,269122,28-12-2013,6,5,2,929,195.09,2053.09,MBR,Books,DIY
36475336507,271648,28-12-2013,4,1,5,566,297.15,3127.15,TeleShop,Clothing,Mens
10952553070,273745,28-12-2013,10,5,5,158,82.95,872.95,TeleShop,Books,Audio and video
33959743303,271567,28-12-2013,4,1,2,592,124.32,1308.32,TeleShop,Clothing,Mens
80437298259,274360,28-12-2013,1,1,4,600,252,2652,e-Shop,Clothing,Women
64119795016,272375,28-12-2013,3,1,3,1394,439.11,4621.11,e-Shop,Clothing,Kids
82807938098,267148,28-12-2013,12,5,1,105,11.025,116.025,Flagship store,Books,Academic
88345549545,268880,28-12-2013,10,3,-1,-1373,144.165,-1517.165,e-Shop,Electronics,Audio and video
86213780829,269966,28-12-2013,1,1,5,1339,702.975,7397.975,Flagship store,Clothing,Women
99907988483,272932,28-12-2013,3,1,1,1196,125.58,1321.58,TeleShop,Clothing,Kids
79025894902,272317,28-12-2013,10,5,3,1095,344.925,3629.925,e-Shop,Books,Audio and video
7396403276,266917,27-12-2013,3,2,5,952,499.8,5259.8,e-Shop,Footwear,Kids
8969181661,266825,27-12-2013,5,3,4,109,45.78,481.78,MBR,Electronics,Computers
5019044047,272255,27-12-2013,4,2,2,633,132.93,1398.93,MBR,Footwear,Mens
29520212347,272077,27-12-2013,11,6,4,942,395.64,4163.64,Flagship store,Home and kitchen,Children
33368801444,266805,27-12-2013,8,3,4,1046,439.32,4623.32,e-Shop,Electronics,Personal Appliances
53251907329,270446,27-12-2013,2,6,-4,-1407,590.94,-6218.94,MBR,Home and kitchen,Furnishing
4241160878,273160,27-12-2013,1,1,3,959,302.085,3179.085,TeleShop,Clothing,Women
16942008333,270405,27-12-2013,1,2,4,406,170.52,1794.52,MBR,Footwear,Women
49003051800,274832,27-12-2013,3,5,4,473,198.66,2090.66,MBR,Books,Kids
12698745014,268144,27-12-2013,4,2,4,1026,430.92,4534.92,Flagship store,Footwear,Mens
47461024544,269967,27-12-2013,11,6,-2,-918,192.78,-2028.78,e-Shop,Home and kitchen,Children
53334439181,274183,27-12-2013,6,5,2,1472,309.12,3253.12,e-Shop,Books,DIY
16380694071,268284,27-12-2013,4,4,1,71,7.455,78.455,e-Shop,Bags,Mens
75930016106,275043,27-12-2013,11,5,5,1214,637.35,6707.35,TeleShop,Books,Children
82574135814,271793,27-12-2013,3,5,3,118,37.17,391.17,e-Shop,Books,Kids
88345549545,268880,27-12-2013,10,3,1,1373,144.165,1517.165,e-Shop,Electronics,Audio and video
75689550242,272437,27-12-2013,1,2,1,1374,144.27,1518.27,MBR,Footwear,Women
85346069329,273279,27-12-2013,1,2,-5,-211,110.775,-1165.775,TeleShop,Footwear,Women
99352265087,270815,27-12-2013,12,6,4,517,217.14,2285.14,e-Shop,Home and kitchen,Academic
99513585582,270376,27-12-2013,1,1,2,112,23.52,247.52,Flagship store,Clothing,Women
30138186915,268436,26-12-2013,3,1,-5,-842,442.05,-4652.05,e-Shop,Clothing,Kids
48844392614,268421,26-12-2013,6,5,4,446,187.32,1971.32,e-Shop,Books,DIY
30753675793,268268,26-12-2013,10,6,4,1360,571.2,6011.2,Flagship store,Home and kitchen,Audio and video
24922564262,268569,26-12-2013,10,5,1,429,45.045,474.045,Flagship store,Books,Audio and video
62821391832,271733,26-12-2013,4,1,5,1024,537.6,5657.6,e-Shop,Clothing,Mens
47383587909,272201,26-12-2013,10,6,3,755,237.825,2502.825,e-Shop,Home and kitchen,Audio and video
50302936135,270724,26-12-2013,10,5,3,1048,330.12,3474.12,MBR,Books,Audio and video
33594335176,268915,26-12-2013,10,3,4,1439,604.38,6360.38,MBR,Electronics,Audio and video
2827169460,269561,26-12-2013,6,5,5,715,375.375,3950.375,Flagship store,Books,DIY
17969269549,270615,26-12-2013,2,6,3,372,117.18,1233.18,Flagship store,Home and kitchen,Furnishing
93950215569,274715,26-12-2013,10,5,4,88,36.96,388.96,e-Shop,Books,Audio and video
81983113640,269125,26-12-2013,4,1,4,1222,513.24,5401.24,TeleShop,Clothing,Mens
93518252657,268887,26-12-2013,6,5,3,1450,456.75,4806.75,MBR,Books,DIY
67051832926,269090,26-12-2013,3,5,4,305,128.1,1348.1,MBR,Books,Kids
66178491812,272127,26-12-2013,7,5,2,1030,216.3,2276.3,e-Shop,Books,Fiction
88175536425,270396,26-12-2013,10,5,1,485,50.925,535.925,e-Shop,Books,Audio and video
75687982195,272846,26-12-2013,10,3,1,480,50.4,530.4,Flagship store,Electronics,Audio and video
91970983247,274016,26-12-2013,11,6,2,454,95.34,1003.34,TeleShop,Home and kitchen,Children
97870074546,272047,26-12-2013,4,3,-2,-1261,264.81,-2786.81,Flagship store,Electronics,Mens
80592732318,270059,26-12-2013,7,5,3,932,293.58,3089.58,Flagship store,Books,Fiction
73772000365,269455,26-12-2013,4,1,5,1174,616.35,6486.35,MBR,Clothing,Mens
85346069329,273279,26-12-2013,1,2,5,211,110.775,1165.775,TeleShop,Footwear,Women
79651090348,275188,26-12-2013,2,6,1,1435,150.675,1585.675,e-Shop,Home and kitchen,Furnishing
45385565330,268545,25-12-2013,6,5,1,81,8.505,89.505,e-Shop,Books,DIY
49391673592,267134,25-12-2013,10,5,3,936,294.84,3102.84,Flagship store,Books,Audio and video
27766550080,269318,25-12-2013,7,5,-2,-647,135.87,-1429.87,e-Shop,Books,Fiction
4942455630,267203,25-12-2013,11,6,-2,-223,46.83,-492.83,e-Shop,Home and kitchen,Children
40562609111,268431,25-12-2013,10,5,2,623,130.83,1376.83,TeleShop,Books,Audio and video
59200561938,271817,25-12-2013,10,6,1,407,42.735,449.735,TeleShop,Home and kitchen,Audio and video
53319123194,274046,25-12-2013,3,2,5,414,217.35,2287.35,Flagship store,Footwear,Kids
42096257833,272864,25-12-2013,4,4,2,453,95.13,1001.13,MBR,Bags,Mens
35589805855,267134,25-12-2013,4,2,4,515,216.3,2276.3,TeleShop,Footwear,Mens
80058841931,274084,25-12-2013,2,6,5,1275,669.375,7044.375,e-Shop,Home and kitchen,Furnishing
71400928099,268494,25-12-2013,3,1,4,1361,571.62,6015.62,TeleShop,Clothing,Kids
81662475321,274934,25-12-2013,4,3,4,437,183.54,1931.54,Flagship store,Electronics,Mens
87387576196,268004,25-12-2013,8,3,1,552,57.96,609.96,e-Shop,Electronics,Personal Appliances
90666887377,270156,25-12-2013,7,5,2,1173,246.33,2592.33,e-Shop,Books,Fiction
63695031353,267912,25-12-2013,2,6,1,909,95.445,1004.445,Flagship store,Home and kitchen,Furnishing
29719500605,269519,24-12-2013,10,5,4,1036,435.12,4579.12,TeleShop,Books,Audio and video
44078221344,271920,24-12-2013,5,3,5,853,447.825,4712.825,MBR,Electronics,Computers
12945498917,273399,24-12-2013,12,6,2,579,121.59,1279.59,e-Shop,Home and kitchen,Academic
44812600073,269927,24-12-2013,4,4,-5,-1373,720.825,-7585.825,e-Shop,Bags,Mens
53432211581,268538,24-12-2013,8,3,1,636,66.78,702.78,e-Shop,Electronics,Personal Appliances
38428413973,272584,24-12-2013,10,3,4,1158,486.36,5118.36,Flagship store,Electronics,Audio and video
54631852993,272137,24-12-2013,11,6,2,875,183.75,1933.75,e-Shop,Home and kitchen,Children
57757107259,267811,24-12-2013,1,2,-4,-1472,618.24,-6506.24,MBR,Footwear,Women
53251907329,270446,24-12-2013,2,6,4,1407,590.94,6218.94,MBR,Home and kitchen,Furnishing
21688010509,269963,24-12-2013,12,5,3,1086,342.09,3600.09,MBR,Books,Academic
44752178619,269541,24-12-2013,1,2,5,1196,627.9,6607.9,e-Shop,Footwear,Women
18104590837,267959,24-12-2013,12,6,4,787,330.54,3478.54,MBR,Home and kitchen,Academic
11678613802,267750,24-12-2013,11,6,5,1235,648.375,6823.375,e-Shop,Home and kitchen,Children
42613414945,269264,24-12-2013,3,1,5,87,45.675,480.675,MBR,Clothing,Kids
39196415673,274053,24-12-2013,2,6,3,1438,452.97,4766.97,e-Shop,Home and kitchen,Furnishing
3130889793,270163,24-12-2013,1,2,-4,-1217,511.14,-5379.14,TeleShop,Footwear,Women
30540748600,269603,24-12-2013,3,2,1,1274,133.77,1407.77,TeleShop,Footwear,Kids
10805397480,269935,24-12-2013,10,6,1,243,25.515,268.515,TeleShop,Home and kitchen,Audio and video
24386047000,269361,24-12-2013,10,3,2,406,85.26,897.26,e-Shop,Electronics,Audio and video
79390553814,269768,24-12-2013,4,1,4,1248,524.16,5516.16,e-Shop,Clothing,Mens
65419382652,275252,24-12-2013,1,4,1,833,87.465,920.465,TeleShop,Bags,Women
70736824077,272331,24-12-2013,1,4,2,648,136.08,1432.08,e-Shop,Bags,Women
66506453123,270041,24-12-2013,3,2,2,1486,312.06,3284.06,MBR,Footwear,Kids
97136638879,271957,24-12-2013,4,3,4,1070,449.4,4729.4,Flagship store,Electronics,Mens
92322562229,273162,24-12-2013,1,1,-1,-158,16.59,-174.59,Flagship store,Clothing,Women
95802108331,271854,24-12-2013,8,3,5,268,140.7,1480.7,Flagship store,Electronics,Personal Appliances
97164597669,273879,24-12-2013,1,1,5,547,287.175,3022.175,Flagship store,Clothing,Women
90664350001,271092,24-12-2013,11,6,3,880,277.2,2917.2,Flagship store,Home and kitchen,Children
55979959765,271749,23-12-2013,5,3,3,342,107.73,1133.73,e-Shop,Electronics,Computers
37098126495,269301,23-12-2013,10,5,4,697,292.74,3080.74,Flagship store,Books,Audio and video
18611009160,271737,23-12-2013,9,3,4,1307,548.94,5776.94,Flagship store,Electronics,Cameras
51853651942,267460,23-12-2013,11,6,3,256,80.64,848.64,Flagship store,Home and kitchen,Children
4942455630,267203,23-12-2013,11,6,2,223,46.83,492.83,e-Shop,Home and kitchen,Children
1306004541,273451,23-12-2013,12,6,5,956,501.9,5281.9,e-Shop,Home and kitchen,Academic
19576755780,270541,23-12-2013,1,2,5,1171,614.775,6469.775,e-Shop,Footwear,Women
57131576667,270627,23-12-2013,2,6,1,1273,133.665,1406.665,TeleShop,Home and kitchen,Furnishing
25511948871,273541,23-12-2013,3,1,3,253,79.695,838.695,MBR,Clothing,Kids
49145506409,271614,23-12-2013,9,3,3,1365,429.975,4524.975,TeleShop,Electronics,Cameras
54440835041,271051,23-12-2013,10,5,4,844,354.48,3730.48,e-Shop,Books,Audio and video
41186143023,274445,23-12-2013,12,6,-2,-1446,303.66,-3195.66,MBR,Home and kitchen,Academic
92066079926,268504,23-12-2013,10,5,4,913,383.46,4035.46,MBR,Books,Audio and video
71802154072,271461,23-12-2013,6,5,4,609,255.78,2691.78,MBR,Books,DIY
67854452862,271632,23-12-2013,12,5,-5,-216,113.4,-1193.4,e-Shop,Books,Academic
65863132377,268860,23-12-2013,8,3,1,1261,132.405,1393.405,Flagship store,Electronics,Personal Appliances
82642088447,274303,23-12-2013,12,5,4,126,52.92,556.92,Flagship store,Books,Academic
63487864080,269545,23-12-2013,1,4,2,268,56.28,592.28,MBR,Bags,Women
73034986218,268174,23-12-2013,3,1,4,640,268.8,2828.8,e-Shop,Clothing,Kids
82546626992,267665,23-12-2013,12,5,3,1414,445.41,4687.41,Flagship store,Books,Academic
94037898422,272679,23-12-2013,3,2,4,196,82.32,866.32,MBR,Footwear,Kids
63948496530,270418,23-12-2013,2,6,2,368,77.28,813.28,e-Shop,Home and kitchen,Furnishing
38704757792,267656,22-12-2013,5,3,2,398,83.58,879.58,e-Shop,Electronics,Computers
17419069064,268104,22-12-2013,4,2,-5,-1170,614.25,-6464.25,e-Shop,Footwear,Mens
32512485396,267061,22-12-2013,3,5,3,1232,388.08,4084.08,e-Shop,Books,Kids
42704290447,270241,22-12-2013,5,3,3,1489,469.035,4936.035,TeleShop,Electronics,Computers
45939437203,272702,22-12-2013,4,1,3,1406,442.89,4660.89,TeleShop,Clothing,Mens
10837804347,268025,22-12-2013,7,5,5,227,119.175,1254.175,e-Shop,Books,Fiction
21002223077,272153,22-12-2013,5,3,2,1023,214.83,2260.83,MBR,Electronics,Computers
26329452173,272671,22-12-2013,4,2,2,793,166.53,1752.53,e-Shop,Footwear,Mens
37353008251,270313,22-12-2013,8,3,3,1046,329.49,3467.49,e-Shop,Electronics,Personal Appliances
61751032428,269495,22-12-2013,3,1,2,1053,221.13,2327.13,MBR,Clothing,Kids
33329825217,274425,22-12-2013,3,5,3,1193,375.795,3954.795,MBR,Books,Kids
47461024544,269967,22-12-2013,11,6,2,918,192.78,2028.78,e-Shop,Home and kitchen,Children
37741268312,273119,22-12-2013,4,1,1,391,41.055,432.055,TeleShop,Clothing,Mens
10991891904,269122,22-12-2013,10,3,4,1380,579.6,6099.6,TeleShop,Electronics,Audio and video
7736250295,272721,22-12-2013,1,1,1,741,77.805,818.805,e-Shop,Clothing,Women
26394424694,270666,22-12-2013,3,1,3,562,177.03,1863.03,e-Shop,Clothing,Kids
97870074546,272047,22-12-2013,4,3,2,1261,264.81,2786.81,Flagship store,Electronics,Mens
63675512968,271122,22-12-2013,4,2,1,1379,144.795,1523.795,e-Shop,Footwear,Mens
85779861345,269445,22-12-2013,4,3,2,573,120.33,1266.33,TeleShop,Electronics,Mens
81043490932,272532,22-12-2013,1,4,4,893,375.06,3947.06,MBR,Bags,Women
68052435243,271978,22-12-2013,12,6,1,1337,140.385,1477.385,Flagship store,Home and kitchen,Academic
61914560444,272559,21-12-2013,2,6,2,390,81.9,861.9,MBR,Home and kitchen,Furnishing
49104443979,270647,21-12-2013,10,5,5,1343,705.075,7420.075,e-Shop,Books,Audio and video
22091264200,271485,21-12-2013,1,4,2,394,82.74,870.74,MBR,Bags,Women
3340527650,274481,21-12-2013,3,1,1,1383,145.215,1528.215,e-Shop,Clothing,Kids
44390039912,271910,21-12-2013,12,6,2,323,67.83,713.83,TeleShop,Home and kitchen,Academic
55703670873,273745,21-12-2013,9,3,2,1216,255.36,2687.36,Flagship store,Electronics,Cameras
62066185563,270573,21-12-2013,11,6,5,541,284.025,2989.025,e-Shop,Home and kitchen,Children
23701218874,270292,21-12-2013,3,2,5,1155,606.375,6381.375,Flagship store,Footwear,Kids
36672230249,275246,21-12-2013,2,6,1,763,80.115,843.115,TeleShop,Home and kitchen,Furnishing
58420950507,270132,21-12-2013,12,5,2,502,105.42,1109.42,e-Shop,Books,Academic
23742581947,271609,21-12-2013,6,5,4,263,110.46,1162.46,e-Shop,Books,DIY
58613158915,269555,21-12-2013,12,6,5,598,313.95,3303.95,e-Shop,Home and kitchen,Academic
47312086456,274355,21-12-2013,3,2,2,501,105.21,1107.21,TeleShop,Footwear,Kids
3130889793,270163,21-12-2013,1,2,-4,-1217,511.14,-5379.14,TeleShop,Footwear,Women
1082452472,272500,21-12-2013,10,6,3,1016,320.04,3368.04,Flagship store,Home and kitchen,Audio and video
617160548,273553,21-12-2013,9,3,3,1144,360.36,3792.36,Flagship store,Electronics,Cameras
9830883454,274987,21-12-2013,3,1,1,648,68.04,716.04,TeleShop,Clothing,Kids
48973573448,271169,21-12-2013,1,1,5,219,114.975,1209.975,Flagship store,Clothing,Women
30157337990,272160,21-12-2013,9,3,3,1287,405.405,4266.405,Flagship store,Electronics,Cameras
23653879454,267974,21-12-2013,4,2,4,199,83.58,879.58,e-Shop,Footwear,Mens
24754517620,270458,21-12-2013,2,6,2,466,97.86,1029.86,TeleShop,Home and kitchen,Furnishing
10877152370,269117,21-12-2013,11,5,4,1380,579.6,6099.6,e-Shop,Books,Children
83307796382,273016,21-12-2013,6,5,5,481,252.525,2657.525,e-Shop,Books,DIY
87691463110,271790,21-12-2013,5,3,1,1419,148.995,1567.995,MBR,Electronics,Computers
85934548344,274119,21-12-2013,5,3,5,1104,579.6,6099.6,Flagship store,Electronics,Computers
90652362749,271077,21-12-2013,5,3,5,170,89.25,939.25,MBR,Electronics,Computers
79483082538,267685,21-12-2013,3,5,1,1293,135.765,1428.765,TeleShop,Books,Kids
71341225548,272683,21-12-2013,9,3,2,361,75.81,797.81,TeleShop,Electronics,Cameras
84168015435,274246,21-12-2013,2,6,1,496,52.08,548.08,Flagship store,Home and kitchen,Furnishing
80521482559,269297,21-12-2013,12,6,2,596,125.16,1317.16,MBR,Home and kitchen,Academic
80724382656,268424,21-12-2013,1,2,4,782,328.44,3456.44,e-Shop,Footwear,Women
70100359437,271764,21-12-2013,1,4,5,688,361.2,3801.2,e-Shop,Bags,Women
99322308119,268510,21-12-2013,6,5,2,249,52.29,550.29,e-Shop,Books,DIY
41509350188,270603,20-12-2013,3,2,-2,-496,104.16,-1096.16,TeleShop,Footwear,Kids
19619938082,273386,20-12-2013,4,1,2,346,72.66,764.66,MBR,Clothing,Mens
18527765345,267188,20-12-2013,4,2,1,754,79.17,833.17,MBR,Footwear,Mens
58943448557,267465,20-12-2013,3,1,5,279,146.475,1541.475,TeleShop,Clothing,Kids
38197297150,268884,20-12-2013,8,3,5,1239,650.475,6845.475,MBR,Electronics,Personal Appliances
41109110589,271467,20-12-2013,10,6,1,923,96.915,1019.915,TeleShop,Home and kitchen,Audio and video
44525815620,269244,20-12-2013,10,5,1,1283,134.715,1417.715,TeleShop,Books,Audio and video
60271133117,270938,20-12-2013,5,3,3,938,295.47,3109.47,Flagship store,Electronics,Computers
60425930551,269843,20-12-2013,4,2,5,105,55.125,580.125,TeleShop,Footwear,Mens
46394816806,267139,20-12-2013,1,2,2,984,206.64,2174.64,e-Shop,Footwear,Women
76252252074,275075,20-12-2013,3,5,4,799,335.58,3531.58,MBR,Books,Kids
95067583837,267527,20-12-2013,1,4,1,798,83.79,881.79,TeleShop,Bags,Women
77064149271,270331,20-12-2013,3,2,4,1378,578.76,6090.76,e-Shop,Footwear,Kids
78047375988,268757,20-12-2013,10,3,3,489,154.035,1621.035,e-Shop,Electronics,Audio and video
94426220341,269779,20-12-2013,10,6,4,1288,540.96,5692.96,MBR,Home and kitchen,Audio and video
63239740221,270755,20-12-2013,12,5,5,973,510.825,5375.825,Flagship store,Books,Academic
78469782990,268635,20-12-2013,10,6,1,469,49.245,518.245,e-Shop,Home and kitchen,Audio and video
81494306816,274380,20-12-2013,7,5,5,1374,721.35,7591.35,Flagship store,Books,Fiction
87399947112,267683,20-12-2013,1,1,1,1028,107.94,1135.94,e-Shop,Clothing,Women
18047373206,272316,19-12-2013,1,2,2,1379,289.59,3047.59,Flagship store,Footwear,Women
43648138720,269449,19-12-2013,11,6,2,318,66.78,702.78,e-Shop,Home and kitchen,Children
29096561502,270585,19-12-2013,11,5,1,1004,105.42,1109.42,Flagship store,Books,Children
18859382028,266923,19-12-2013,10,6,5,580,304.5,3204.5,e-Shop,Home and kitchen,Audio and video
41970745952,268186,19-12-2013,10,3,4,986,414.12,4358.12,MBR,Electronics,Audio and video
25001195185,271304,19-12-2013,4,4,2,849,178.29,1876.29,Flagship store,Bags,Mens
56907385974,271784,19-12-2013,3,5,5,885,464.625,4889.625,e-Shop,Books,Kids
22303224302,268819,19-12-2013,10,5,-2,-152,31.92,-335.92,Flagship store,Books,Audio and video
6260260423,268525,19-12-2013,4,3,3,164,51.66,543.66,e-Shop,Electronics,Mens
54658917690,267433,19-12-2013,1,1,2,825,173.25,1823.25,MBR,Clothing,Women
15491594213,272044,19-12-2013,10,5,-4,-760,319.2,-3359.2,Flagship store,Books,Audio and video
44812600073,269927,19-12-2013,4,4,5,1373,720.825,7585.825,e-Shop,Bags,Mens
10643323288,270951,19-12-2013,2,6,4,732,307.44,3235.44,e-Shop,Home and kitchen,Furnishing
92885373168,269100,19-12-2013,11,6,2,383,80.43,846.43,TeleShop,Home and kitchen,Children
68926798712,272765,19-12-2013,4,3,4,98,41.16,433.16,e-Shop,Electronics,Mens
85823339302,267576,19-12-2013,1,2,2,846,177.66,1869.66,e-Shop,Footwear,Women
96821846083,274817,19-12-2013,2,6,5,1127,591.675,6226.675,TeleShop,Home and kitchen,Furnishing
91990827947,270461,19-12-2013,1,2,2,847,177.87,1871.87,TeleShop,Footwear,Women
90837495979,272847,19-12-2013,3,5,5,795,417.375,4392.375,Flagship store,Books,Kids
69571015566,270873,19-12-2013,8,3,2,1352,283.92,2987.92,TeleShop,Electronics,Personal Appliances
43169059572,269273,18-12-2013,12,6,5,269,141.225,1486.225,e-Shop,Home and kitchen,Academic
1774519659,272823,18-12-2013,10,6,1,1115,117.075,1232.075,Flagship store,Home and kitchen,Audio and video
7065958073,268776,18-12-2013,3,1,2,1191,250.11,2632.11,e-Shop,Clothing,Kids
22719365776,269509,18-12-2013,1,2,4,691,290.22,3054.22,MBR,Footwear,Women
58800344901,268494,18-12-2013,10,3,3,96,30.24,318.24,MBR,Electronics,Audio and video
409774190,267801,18-12-2013,10,5,1,235,24.675,259.675,e-Shop,Books,Audio and video
6330375782,270132,18-12-2013,12,6,4,1183,496.86,5228.86,e-Shop,Home and kitchen,Academic
14082904669,271366,18-12-2013,4,2,3,1223,385.245,4054.245,TeleShop,Footwear,Mens
30138186915,268436,18-12-2013,3,1,5,842,442.05,4652.05,e-Shop,Clothing,Kids
51359627024,273972,18-12-2013,3,2,1,1345,141.225,1486.225,e-Shop,Footwear,Kids
68494492124,269283,18-12-2013,1,2,1,832,87.36,919.36,MBR,Footwear,Women
80261354687,268706,18-12-2013,11,6,1,1024,107.52,1131.52,Flagship store,Home and kitchen,Children
68579849059,267775,18-12-2013,8,3,2,423,88.83,934.83,Flagship store,Electronics,Personal Appliances
68954440685,270213,18-12-2013,12,5,-3,-512,161.28,-1697.28,Flagship store,Books,Academic
92322562229,273162,18-12-2013,1,1,1,158,16.59,174.59,Flagship store,Clothing,Women
92267424551,274941,18-12-2013,4,1,4,882,370.44,3898.44,TeleShop,Clothing,Mens
82526404170,274410,18-12-2013,1,2,1,431,45.255,476.255,Flagship store,Footwear,Women
70894690693,274022,18-12-2013,10,6,5,198,103.95,1093.95,MBR,Home and kitchen,Audio and video
70631653733,271888,18-12-2013,7,5,2,912,191.52,2015.52,e-Shop,Books,Fiction
91218267588,269982,18-12-2013,6,5,2,1331,279.51,2941.51,TeleShop,Books,DIY
91642918556,272387,18-12-2013,3,2,3,1149,361.935,3808.935,TeleShop,Footwear,Kids
92044057515,272407,18-12-2013,4,1,4,399,167.58,1763.58,TeleShop,Clothing,Mens
66471307401,268096,18-12-2013,3,5,4,578,242.76,2554.76,e-Shop,Books,Kids
74296496691,270155,18-12-2013,10,5,2,946,198.66,2090.66,Flagship store,Books,Audio and video
95167528416,274222,18-12-2013,10,6,3,273,85.995,904.995,MBR,Home and kitchen,Audio and video
79091061684,273463,18-12-2013,10,3,2,1185,248.85,2618.85,Flagship store,Electronics,Audio and video
73616387352,268146,18-12-2013,1,4,3,468,147.42,1551.42,TeleShop,Bags,Women
67149460711,267880,18-12-2013,11,6,3,333,104.895,1103.895,Flagship store,Home and kitchen,Children
67188282818,272330,18-12-2013,10,5,5,923,484.575,5099.575,Flagship store,Books,Audio and video
65087203343,269983,18-12-2013,4,1,1,1012,106.26,1118.26,TeleShop,Clothing,Mens
1765311651,272759,17-12-2013,11,6,3,209,65.835,692.835,MBR,Home and kitchen,Children
17531247925,270130,17-12-2013,3,2,3,524,165.06,1737.06,Flagship store,Footwear,Kids
43821626254,275231,17-12-2013,3,2,1,719,75.495,794.495,e-Shop,Footwear,Kids
21166577568,273065,17-12-2013,12,5,3,791,249.165,2622.165,MBR,Books,Academic
1116722252,272172,17-12-2013,4,3,-2,-983,206.43,-2172.43,e-Shop,Electronics,Mens
54827001682,272373,17-12-2013,3,1,5,1266,664.65,6994.65,TeleShop,Clothing,Kids
15491594213,272044,17-12-2013,10,5,4,760,319.2,3359.2,Flagship store,Books,Audio and video
60998973710,271988,17-12-2013,11,5,-2,-1333,279.93,-2945.93,e-Shop,Books,Children
13982819509,271180,17-12-2013,1,4,4,392,164.64,1732.64,MBR,Bags,Women
31725252834,272021,17-12-2013,10,5,5,1203,631.575,6646.575,MBR,Books,Audio and video
36371129727,269973,17-12-2013,2,6,3,877,276.255,2907.255,e-Shop,Home and kitchen,Furnishing
65259862824,273780,17-12-2013,4,2,3,695,218.925,2303.925,e-Shop,Footwear,Mens
68348597940,268991,17-12-2013,6,5,2,975,204.75,2154.75,e-Shop,Books,DIY
91855187434,267985,17-12-2013,12,5,2,1415,297.15,3127.15,e-Shop,Books,Academic
86378119291,268572,17-12-2013,9,3,1,176,18.48,194.48,e-Shop,Electronics,Cameras
90090079395,269156,17-12-2013,8,3,5,1314,689.85,7259.85,Flagship store,Electronics,Personal Appliances
12190405946,267045,16-12-2013,4,4,4,587,246.54,2594.54,Flagship store,Bags,Mens
45987787833,274244,16-12-2013,10,3,-5,-144,75.6,-795.6,TeleShop,Electronics,Audio and video
33831361807,274047,16-12-2013,3,1,3,941,296.415,3119.415,MBR,Clothing,Kids
46130902114,272248,16-12-2013,4,3,3,1475,464.625,4889.625,e-Shop,Electronics,Mens
18505840838,271509,16-12-2013,1,1,3,1229,387.135,4074.135,Flagship store,Clothing,Women
32262010974,273973,16-12-2013,4,1,5,184,96.6,1016.6,e-Shop,Clothing,Mens
57757107259,267811,16-12-2013,1,2,4,1472,618.24,6506.24,MBR,Footwear,Women
34855966989,267844,16-12-2013,1,4,1,822,86.31,908.31,e-Shop,Bags,Women
34490189973,274411,16-12-2013,1,1,-3,-1193,375.795,-3954.795,TeleShop,Clothing,Women
33974436928,273931,16-12-2013,4,2,3,558,175.77,1849.77,TeleShop,Footwear,Mens
21056686360,267014,16-12-2013,9,3,-3,-895,281.925,-2966.925,Flagship store,Electronics,Cameras
16197868036,268408,16-12-2013,1,4,-5,-210,110.25,-1160.25,Flagship store,Bags,Women
45638958437,267745,16-12-2013,9,3,5,386,202.65,2132.65,e-Shop,Electronics,Cameras
1224632887,272500,16-12-2013,7,5,2,130,27.3,287.3,TeleShop,Books,Fiction
67854452862,271632,16-12-2013,12,5,5,216,113.4,1193.4,e-Shop,Books,Academic
82457987618,273258,16-12-2013,10,3,3,1261,397.215,4180.215,Flagship store,Electronics,Audio and video
90835310705,269804,16-12-2013,3,2,5,1334,700.35,7370.35,e-Shop,Footwear,Kids
70642571677,267825,16-12-2013,1,2,5,798,418.95,4408.95,e-Shop,Footwear,Women
68954440685,270213,16-12-2013,12,5,3,512,161.28,1697.28,Flagship store,Books,Academic
99633539539,268905,16-12-2013,4,4,2,332,69.72,733.72,TeleShop,Bags,Mens
47040956306,273060,15-12-2013,11,6,5,127,66.675,701.675,Flagship store,Home and kitchen,Children
36135387317,273014,15-12-2013,1,4,1,943,99.015,1042.015,e-Shop,Bags,Women
14824697004,267643,15-12-2013,1,4,-2,-941,197.61,-2079.61,TeleShop,Bags,Women
23653520668,268671,15-12-2013,1,2,1,1096,115.08,1211.08,TeleShop,Footwear,Women
23502159123,273587,15-12-2013,4,3,-4,-1489,625.38,-6581.38,Flagship store,Electronics,Mens
27766550080,269318,15-12-2013,7,5,2,647,135.87,1429.87,e-Shop,Books,Fiction
39392737093,271238,15-12-2013,11,5,2,392,82.32,866.32,TeleShop,Books,Children
54121472860,271358,15-12-2013,1,1,1,1062,111.51,1173.51,TeleShop,Clothing,Women
22285989095,269190,15-12-2013,4,3,4,1153,484.26,5096.26,Flagship store,Electronics,Mens
16760905650,274318,15-12-2013,1,4,1,1482,155.61,1637.61,Flagship store,Bags,Women
61077419463,270281,15-12-2013,10,6,1,1064,111.72,1175.72,e-Shop,Home and kitchen,Audio and video
41186143023,274445,15-12-2013,12,6,2,1446,303.66,3195.66,MBR,Home and kitchen,Academic
53444922463,266863,15-12-2013,6,5,1,1050,110.25,1160.25,e-Shop,Books,DIY
73838013475,269894,15-12-2013,3,5,4,890,373.8,3933.8,Flagship store,Books,Kids
68275636222,271971,15-12-2013,10,3,5,751,394.275,4149.275,e-Shop,Electronics,Audio and video
87308274164,274986,15-12-2013,11,6,1,1057,110.985,1167.985,TeleShop,Home and kitchen,Children
91907587556,273218,15-12-2013,4,3,1,1184,124.32,1308.32,e-Shop,Electronics,Mens
76394379733,273763,15-12-2013,4,4,5,1029,540.225,5685.225,Flagship store,Bags,Mens
74781279734,268011,15-12-2013,11,5,2,1034,217.14,2285.14,e-Shop,Books,Children
71457016698,271636,15-12-2013,4,3,-5,-1146,601.65,-6331.65,Flagship store,Electronics,Mens
78641061407,274398,15-12-2013,3,2,2,298,62.58,658.58,TeleShop,Footwear,Kids
37538921347,271937,14-12-2013,7,5,1,1186,124.53,1310.53,e-Shop,Books,Fiction
8448716307,274302,14-12-2013,11,6,4,1036,435.12,4579.12,TeleShop,Home and kitchen,Children
41414834588,267769,14-12-2013,4,3,4,187,78.54,826.54,Flagship store,Electronics,Mens
21018364615,271493,14-12-2013,2,6,2,535,112.35,1182.35,e-Shop,Home and kitchen,Furnishing
37605762777,269387,14-12-2013,8,3,5,1003,526.575,5541.575,e-Shop,Electronics,Personal Appliances
46955407653,273459,14-12-2013,11,5,1,548,57.54,605.54,Flagship store,Books,Children
3130889793,270163,14-12-2013,1,2,4,1217,511.14,5379.14,TeleShop,Footwear,Women
44404982862,274121,14-12-2013,10,6,5,1288,676.2,7116.2,e-Shop,Home and kitchen,Audio and video
16985543391,274227,14-12-2013,10,3,5,1489,781.725,8226.725,MBR,Electronics,Audio and video
67012406418,269038,14-12-2013,11,5,1,344,36.12,380.12,e-Shop,Books,Children
95656660268,274988,14-12-2013,11,6,3,238,74.97,788.97,MBR,Home and kitchen,Children
74177893805,274870,14-12-2013,1,4,3,272,85.68,901.68,MBR,Bags,Women
7827654726,270003,13-12-2013,8,3,5,769,403.725,4248.725,Flagship store,Electronics,Personal Appliances
14605989252,272511,13-12-2013,12,5,3,1253,394.695,4153.695,MBR,Books,Academic
60327528930,273162,13-12-2013,10,5,1,340,35.7,375.7,e-Shop,Books,Audio and video
34490189973,274411,13-12-2013,1,1,3,1193,375.795,3954.795,TeleShop,Clothing,Women
55657416726,268055,13-12-2013,10,3,2,1344,282.24,2970.24,e-Shop,Electronics,Audio and video
18932935928,268344,13-12-2013,4,1,4,831,349.02,3673.02,TeleShop,Clothing,Mens
23502159123,273587,13-12-2013,4,3,4,1489,625.38,6581.38,Flagship store,Electronics,Mens
13209930106,271699,13-12-2013,4,2,2,1291,271.11,2853.11,Flagship store,Footwear,Mens
30556658085,269332,13-12-2013,11,5,3,999,314.685,3311.685,Flagship store,Books,Children
45987787833,274244,13-12-2013,10,3,5,144,75.6,795.6,TeleShop,Electronics,Audio and video
22788913017,274234,13-12-2013,2,6,1,563,59.115,622.115,Flagship store,Home and kitchen,Furnishing
18269931678,270398,13-12-2013,10,6,3,727,229.005,2410.005,MBR,Home and kitchen,Audio and video
41509350188,270603,13-12-2013,3,2,-2,-496,104.16,-1096.16,TeleShop,Footwear,Kids
1116722252,272172,13-12-2013,4,3,2,983,206.43,2172.43,e-Shop,Electronics,Mens
8365460637,274929,13-12-2013,2,6,4,1303,547.26,5759.26,MBR,Home and kitchen,Furnishing
5295316851,268021,13-12-2013,12,6,5,924,485.1,5105.1,Flagship store,Home and kitchen,Academic
54616733794,273403,13-12-2013,4,1,3,1181,372.015,3915.015,Flagship store,Clothing,Mens
49486957217,272212,13-12-2013,2,6,1,348,36.54,384.54,TeleShop,Home and kitchen,Furnishing
16638211707,271364,13-12-2013,5,3,-5,-1407,738.675,-7773.675,e-Shop,Electronics,Computers
79801988661,269228,13-12-2013,3,5,1,1135,119.175,1254.175,MBR,Books,Kids
64414539309,271383,13-12-2013,10,3,5,1357,712.425,7497.425,TeleShop,Electronics,Audio and video
86280988584,271961,13-12-2013,10,6,2,86,18.06,190.06,Flagship store,Home and kitchen,Audio and video
68919819611,270330,13-12-2013,12,5,4,1140,478.8,5038.8,MBR,Books,Academic
78826609501,270809,13-12-2013,12,6,5,313,164.325,1729.325,MBR,Home and kitchen,Academic
61171316625,271498,12/12/2013,12,5,5,1035,543.375,5718.375,TeleShop,Books,Academic
32267607212,269188,12/12/2013,4,2,1,1430,150.15,1580.15,MBR,Footwear,Mens
4239941340,269563,12/12/2013,10,3,3,237,74.655,785.655,Flagship store,Electronics,Audio and video
56092126507,273796,12/12/2013,10,3,1,1145,120.225,1265.225,Flagship store,Electronics,Audio and video
49338498583,270159,12/12/2013,1,4,-1,-1340,140.7,-1480.7,TeleShop,Bags,Women
26703733651,273918,12/12/2013,10,5,3,835,263.025,2768.025,e-Shop,Books,Audio and video
17419069064,268104,12/12/2013,4,2,5,1170,614.25,6464.25,e-Shop,Footwear,Mens
41509350188,270603,12/12/2013,3,2,2,496,104.16,1096.16,TeleShop,Footwear,Kids
16197868036,268408,12/12/2013,1,4,5,210,110.25,1160.25,Flagship store,Bags,Women
55862197829,274112,12/12/2013,4,2,-5,-151,79.275,-834.275,e-Shop,Footwear,Mens
56352008181,268335,12/12/2013,7,5,4,476,199.92,2103.92,e-Shop,Books,Fiction
7121818432,270583,12/12/2013,6,5,1,542,56.91,598.91,e-Shop,Books,DIY
3628819302,268946,12/12/2013,8,3,1,389,40.845,429.845,e-Shop,Electronics,Personal Appliances
83317696083,273306,12/12/2013,4,2,3,646,203.49,2141.49,TeleShop,Footwear,Mens
68098820942,269764,12/12/2013,3,5,3,310,97.65,1027.65,MBR,Books,Kids
79520643769,267167,12/12/2013,4,3,2,114,23.94,251.94,TeleShop,Electronics,Mens
67719058525,271762,12/12/2013,6,5,5,459,240.975,2535.975,Flagship store,Books,DIY
92491131118,268829,12/12/2013,3,5,4,579,243.18,2559.18,MBR,Books,Kids
84455029401,271120,12/12/2013,9,3,4,80,33.6,353.6,Flagship store,Electronics,Cameras
64398634646,274854,12/12/2013,3,1,1,536,56.28,592.28,e-Shop,Clothing,Kids
76408743111,271726,12/12/2013,8,3,5,773,405.825,4270.825,MBR,Electronics,Personal Appliances
42564353863,271153,11/12/2013,10,6,1,885,92.925,977.925,e-Shop,Home and kitchen,Audio and video
48065377477,274842,11/12/2013,4,1,4,760,319.2,3359.2,TeleShop,Clothing,Mens
35411810795,269305,11/12/2013,9,3,5,389,204.225,2149.225,TeleShop,Electronics,Cameras
48980974875,272328,11/12/2013,4,4,2,228,47.88,503.88,e-Shop,Bags,Mens
22303224302,268819,11/12/2013,10,5,2,152,31.92,335.92,Flagship store,Books,Audio and video
25936730779,273223,11/12/2013,4,4,5,567,297.675,3132.675,e-Shop,Bags,Mens
12729197796,272286,11/12/2013,4,4,2,1210,254.1,2674.1,MBR,Bags,Mens
6550007896,267139,11/12/2013,12,6,1,716,75.18,791.18,Flagship store,Home and kitchen,Academic
16511796688,269883,11/12/2013,12,5,1,892,93.66,985.66,Flagship store,Books,Academic
35773596634,275225,11/12/2013,4,1,5,722,379.05,3989.05,e-Shop,Clothing,Mens
47729200099,271546,11/12/2013,3,1,3,805,253.575,2668.575,Flagship store,Clothing,Kids
34242453723,268170,11/12/2013,4,3,4,630,264.6,2784.6,Flagship store,Electronics,Mens
23901208537,272841,11/12/2013,1,4,3,1374,432.81,4554.81,e-Shop,Bags,Women
32207223462,273599,11/12/2013,3,5,5,525,275.625,2900.625,TeleShop,Books,Kids
48457489208,269042,11/12/2013,10,6,5,1117,586.425,6171.425,Flagship store,Home and kitchen,Audio and video
91064381796,274849,11/12/2013,7,5,-3,-735,231.525,-2436.525,TeleShop,Books,Fiction
88100259498,267156,11/12/2013,10,5,5,591,310.275,3265.275,TeleShop,Books,Audio and video
66952242965,272042,11/12/2013,4,2,2,1114,233.94,2461.94,e-Shop,Footwear,Mens
87942921528,269348,11/12/2013,12,5,4,653,274.26,2886.26,e-Shop,Books,Academic
93684706710,274784,11/12/2013,1,2,2,772,162.12,1706.12,Flagship store,Footwear,Women
89840259583,269454,11/12/2013,1,4,5,1263,663.075,6978.075,e-Shop,Bags,Women
52282469291,272197,10/12/2013,10,6,5,628,329.7,3469.7,Flagship store,Home and kitchen,Audio and video
39159127695,270333,10/12/2013,10,5,4,1331,559.02,5883.02,MBR,Books,Audio and video
1330429672,270831,10/12/2013,6,5,3,1068,336.42,3540.42,Flagship store,Books,DIY
55705784819,269411,10/12/2013,12,6,5,389,204.225,2149.225,e-Shop,Home and kitchen,Academic
13890849860,269857,10/12/2013,1,1,3,494,155.61,1637.61,e-Shop,Clothing,Women
10268270634,267337,10/12/2013,4,1,3,789,248.535,2615.535,e-Shop,Clothing,Mens
18234706127,267243,10/12/2013,10,3,4,841,353.22,3717.22,e-Shop,Electronics,Audio and video
48144543811,274268,10/12/2013,12,5,-5,-681,357.525,-3762.525,MBR,Books,Academic
84511790918,274345,10/12/2013,10,5,5,489,256.725,2701.725,MBR,Books,Audio and video
91064381796,274849,10/12/2013,7,5,3,735,231.525,2436.525,TeleShop,Books,Fiction
65499503806,271636,10/12/2013,4,3,1,782,82.11,864.11,e-Shop,Electronics,Mens
87065372533,272436,10/12/2013,1,1,1,811,85.155,896.155,e-Shop,Clothing,Women
75771785618,273747,10/12/2013,11,6,1,406,42.63,448.63,e-Shop,Home and kitchen,Children
32476366106,273608,9/12/2013,4,1,3,362,114.03,1200.03,e-Shop,Clothing,Mens
15944881704,266918,9/12/2013,2,6,5,143,75.075,790.075,e-Shop,Home and kitchen,Furnishing
16638211707,271364,9/12/2013,5,3,5,1407,738.675,7773.675,e-Shop,Electronics,Computers
19617469335,270281,9/12/2013,1,1,5,1455,763.875,8038.875,TeleShop,Clothing,Women
53024811654,268757,9/12/2013,6,5,3,1007,317.205,3338.205,e-Shop,Books,DIY
21209614934,268876,9/12/2013,10,6,1,839,88.095,927.095,MBR,Home and kitchen,Audio and video
57211977876,274101,9/12/2013,12,6,2,547,114.87,1208.87,e-Shop,Home and kitchen,Academic
43675698928,274629,9/12/2013,12,6,5,261,137.025,1442.025,Flagship store,Home and kitchen,Academic
43150350263,268346,9/12/2013,6,5,-3,-1391,438.165,-4611.165,TeleShop,Books,DIY
27531644889,270397,9/12/2013,11,5,3,332,104.58,1100.58,TeleShop,Books,Children
30739392724,272617,9/12/2013,1,4,1,1355,142.275,1497.275,TeleShop,Bags,Women
60998973710,271988,9/12/2013,11,5,2,1333,279.93,2945.93,e-Shop,Books,Children
34837291478,268817,9/12/2013,10,6,2,629,132.09,1390.09,TeleShop,Home and kitchen,Audio and video
34407452272,271293,9/12/2013,3,2,2,676,141.96,1493.96,MBR,Footwear,Kids
10469925666,268664,9/12/2013,10,6,3,1380,434.7,4574.7,e-Shop,Home and kitchen,Audio and video
55511480516,272475,9/12/2013,10,3,-4,-300,126,-1326,Flagship store,Electronics,Audio and video
76683526413,273420,9/12/2013,3,2,1,528,55.44,583.44,MBR,Footwear,Kids
78542249387,267413,9/12/2013,1,1,3,364,114.66,1206.66,Flagship store,Clothing,Women
79949261123,272662,9/12/2013,5,3,3,164,51.66,543.66,e-Shop,Electronics,Computers
79906769693,272328,9/12/2013,10,6,2,1137,238.77,2512.77,e-Shop,Home and kitchen,Audio and video
79369372618,273785,9/12/2013,7,5,2,456,95.76,1007.76,TeleShop,Books,Fiction
72412494452,271669,9/12/2013,11,5,2,1435,301.35,3171.35,TeleShop,Books,Children
67062128695,274219,9/12/2013,4,4,-2,-1084,227.64,-2395.64,TeleShop,Bags,Mens
87174343938,270829,9/12/2013,7,5,4,1141,479.22,5043.22,e-Shop,Books,Fiction
6342866497,272585,8/12/2013,6,5,1,604,63.42,667.42,Flagship store,Books,DIY
43786342372,274171,8/12/2013,12,5,2,1260,264.6,2784.6,Flagship store,Books,Academic
32979702955,268767,8/12/2013,7,5,2,989,207.69,2185.69,MBR,Books,Fiction
43649914034,268335,8/12/2013,12,5,1,753,79.065,832.065,e-Shop,Books,Academic
48517188219,275157,8/12/2013,12,6,2,748,157.08,1653.08,TeleShop,Home and kitchen,Academic
1887479886,270823,8/12/2013,4,1,1,1294,135.87,1429.87,Flagship store,Clothing,Mens
58101178207,273423,8/12/2013,10,5,5,1482,778.05,8188.05,MBR,Books,Audio and video
32558530193,270066,8/12/2013,10,3,3,666,209.79,2207.79,MBR,Electronics,Audio and video
4572080426,267583,8/12/2013,1,1,-5,-1476,774.9,-8154.9,Flagship store,Clothing,Women
12145708589,272262,8/12/2013,10,5,1,1044,109.62,1153.62,Flagship store,Books,Audio and video
58581859492,275091,8/12/2013,2,6,1,751,78.855,829.855,TeleShop,Home and kitchen,Furnishing
4132694678,274860,8/12/2013,7,5,4,1474,619.08,6515.08,Flagship store,Books,Fiction
14824697004,267643,8/12/2013,1,4,2,941,197.61,2079.61,TeleShop,Bags,Women
72841385763,268593,8/12/2013,4,2,4,333,139.86,1471.86,TeleShop,Footwear,Mens
86172366047,272438,8/12/2013,7,5,1,997,104.685,1101.685,Flagship store,Books,Fiction
82266540598,269457,8/12/2013,4,4,3,976,307.44,3235.44,e-Shop,Bags,Mens
89621332678,270151,8/12/2013,10,5,1,1007,105.735,1112.735,e-Shop,Books,Audio and video
88138919788,272813,8/12/2013,4,2,5,640,336,3536,TeleShop,Footwear,Mens
71457016698,271636,8/12/2013,4,3,5,1146,601.65,6331.65,Flagship store,Electronics,Mens
99281145591,270402,8/12/2013,5,3,4,308,129.36,1361.36,e-Shop,Electronics,Computers
2323489827,272503,7/12/2013,7,5,1,987,103.635,1090.635,Flagship store,Books,Fiction
44309457562,270086,7/12/2013,10,5,3,516,162.54,1710.54,e-Shop,Books,Audio and video
47670833030,267286,7/12/2013,2,6,4,228,95.76,1007.76,MBR,Home and kitchen,Furnishing
30112553725,273058,7/12/2013,12,5,-4,-1091,458.22,-4822.22,e-Shop,Books,Academic
43150350263,268346,7/12/2013,6,5,3,1391,438.165,4611.165,TeleShop,Books,DIY
55862197829,274112,7/12/2013,4,2,5,151,79.275,834.275,e-Shop,Footwear,Mens
5414577360,267189,7/12/2013,2,6,-1,-1155,121.275,-1276.275,Flagship store,Home and kitchen,Furnishing
15400939481,267306,7/12/2013,1,4,5,194,101.85,1071.85,e-Shop,Bags,Women
3857165637,267877,7/12/2013,10,3,3,1207,380.205,4001.205,Flagship store,Electronics,Audio and video
27140992073,270563,7/12/2013,1,1,-3,-716,225.54,-2373.54,TeleShop,Clothing,Women
27212859026,269283,7/12/2013,6,5,4,786,330.12,3474.12,TeleShop,Books,DIY
59764737765,272520,7/12/2013,8,3,4,604,253.68,2669.68,MBR,Electronics,Personal Appliances
69718616263,273248,7/12/2013,4,4,5,1088,571.2,6011.2,TeleShop,Bags,Mens
91181273556,274017,7/12/2013,9,3,1,1323,138.915,1461.915,e-Shop,Electronics,Cameras
84254692889,272970,7/12/2013,1,2,2,1319,276.99,2914.99,e-Shop,Footwear,Women
80158149985,268895,7/12/2013,1,1,3,844,265.86,2797.86,MBR,Clothing,Women
86930274993,272403,7/12/2013,10,6,2,892,187.32,1971.32,TeleShop,Home and kitchen,Audio and video
89613703372,270419,7/12/2013,5,3,1,945,99.225,1044.225,TeleShop,Electronics,Computers
85184633278,267191,7/12/2013,1,4,1,421,44.205,465.205,e-Shop,Bags,Women
67555576177,269458,7/12/2013,3,2,2,579,121.59,1279.59,MBR,Footwear,Kids
83379463241,274281,7/12/2013,11,5,3,1009,317.835,3344.835,Flagship store,Books,Children
526141595,270159,6/12/2013,4,4,1,1142,119.91,1261.91,Flagship store,Bags,Mens
42231401812,267293,6/12/2013,4,2,5,1488,781.2,8221.2,TeleShop,Footwear,Mens
38097775213,271281,6/12/2013,11,6,5,157,82.425,867.425,e-Shop,Home and kitchen,Children
29780958596,268884,6/12/2013,4,1,3,603,189.945,1998.945,Flagship store,Clothing,Mens
34378165628,269959,6/12/2013,10,6,1,1278,134.19,1412.19,e-Shop,Home and kitchen,Audio and video
21351110033,274795,6/12/2013,1,4,1,828,86.94,914.94,TeleShop,Bags,Women
21056686360,267014,6/12/2013,9,3,3,895,281.925,2966.925,Flagship store,Electronics,Cameras
35613074372,269270,6/12/2013,11,6,3,100,31.5,331.5,MBR,Home and kitchen,Children
60158713231,270779,6/12/2013,4,3,3,542,170.73,1796.73,TeleShop,Electronics,Mens
60481316229,273219,6/12/2013,12,5,1,942,98.91,1040.91,e-Shop,Books,Academic
16810266305,269328,6/12/2013,4,1,4,155,65.1,685.1,TeleShop,Clothing,Mens
20802079233,274166,6/12/2013,3,2,-4,-971,407.82,-4291.82,TeleShop,Footwear,Kids
47738236369,273740,6/12/2013,10,6,1,1486,156.03,1642.03,e-Shop,Home and kitchen,Audio and video
96848312527,270994,6/12/2013,11,6,2,1193,250.53,2636.53,Flagship store,Home and kitchen,Children
87719386249,270356,6/12/2013,1,4,2,1073,225.33,2371.33,Flagship store,Bags,Women
73191090444,269139,6/12/2013,4,1,4,201,84.42,888.42,TeleShop,Clothing,Mens
99388211635,269922,6/12/2013,10,6,5,716,375.9,3955.9,e-Shop,Home and kitchen,Audio and video
83547705413,274587,6/12/2013,6,5,3,1285,404.775,4259.775,MBR,Books,DIY
12711236844,268669,5/12/2013,11,6,-5,-1472,772.8,-8132.8,e-Shop,Home and kitchen,Children
12150266022,274948,5/12/2013,10,5,3,882,277.83,2923.83,e-Shop,Books,Audio and video
286422298,268392,5/12/2013,1,4,3,89,28.035,295.035,MBR,Bags,Women
16857641351,274630,5/12/2013,1,4,2,269,56.49,594.49,MBR,Bags,Women
31912426798,273170,5/12/2013,1,1,4,1494,627.48,6603.48,e-Shop,Clothing,Women
10876893344,272951,5/12/2013,1,4,1,644,67.62,711.62,MBR,Bags,Women
2955218505,273709,5/12/2013,12,5,4,253,106.26,1118.26,e-Shop,Books,Academic
56585642308,273255,5/12/2013,8,3,4,251,105.42,1109.42,e-Shop,Electronics,Personal Appliances
96553777624,267891,5/12/2013,3,2,5,406,213.15,2243.15,e-Shop,Footwear,Kids
95496349529,269370,5/12/2013,2,6,5,215,112.875,1187.875,TeleShop,Home and kitchen,Furnishing
67544531143,268263,5/12/2013,12,5,4,130,54.6,574.6,Flagship store,Books,Academic
85165256659,273205,5/12/2013,5,3,-4,-455,191.1,-2011.1,TeleShop,Electronics,Computers
75491888580,273536,5/12/2013,11,5,-1,-1443,151.515,-1594.515,e-Shop,Books,Children
98772821241,274627,5/12/2013,10,3,3,926,291.69,3069.69,TeleShop,Electronics,Audio and video
81508116611,269073,5/12/2013,4,4,5,593,311.325,3276.325,e-Shop,Bags,Mens
77239349982,272905,5/12/2013,6,5,3,214,67.41,709.41,TeleShop,Books,DIY
70130354977,272104,5/12/2013,4,3,2,162,34.02,358.02,e-Shop,Electronics,Mens
72205103621,271519,5/12/2013,6,5,4,136,57.12,601.12,Flagship store,Books,DIY
29123932586,270872,4/12/2013,3,2,2,340,71.4,751.4,e-Shop,Footwear,Kids
12677440475,267025,4/12/2013,12,5,5,1339,702.975,7397.975,e-Shop,Books,Academic
46052289808,268708,4/12/2013,4,1,5,270,141.75,1491.75,MBR,Clothing,Mens
24085244674,269819,4/12/2013,4,4,2,1093,229.53,2415.53,Flagship store,Bags,Mens
26230504907,272765,4/12/2013,1,4,3,577,181.755,1912.755,e-Shop,Bags,Women
10726102624,267924,4/12/2013,4,1,-2,-385,80.85,-850.85,Flagship store,Clothing,Mens
45565345295,274322,4/12/2013,12,6,-4,-758,318.36,-3350.36,TeleShop,Home and kitchen,Academic
8130350048,273342,4/12/2013,10,6,2,1032,216.72,2280.72,TeleShop,Home and kitchen,Audio and video
54726871306,269501,4/12/2013,3,2,4,1332,559.44,5887.44,e-Shop,Footwear,Kids
64349839540,272924,4/12/2013,11,6,2,71,14.91,156.91,MBR,Home and kitchen,Children
70181202743,274338,4/12/2013,4,2,4,984,413.28,4349.28,TeleShop,Footwear,Mens
71405509696,271066,4/12/2013,12,5,-4,-1452,609.84,-6417.84,e-Shop,Books,Academic
92346977532,270465,4/12/2013,5,3,-2,-1027,215.67,-2269.67,MBR,Electronics,Computers
78812304573,273202,4/12/2013,1,2,1,203,21.315,224.315,Flagship store,Footwear,Women
49338498583,270159,3/12/2013,1,4,1,1340,140.7,1480.7,TeleShop,Bags,Women
15973529433,268082,3/12/2013,11,6,2,519,108.99,1146.99,TeleShop,Home and kitchen,Children
15790589808,273219,3/12/2013,1,1,3,429,135.135,1422.135,Flagship store,Clothing,Women
26632704304,269329,3/12/2013,11,5,5,937,491.925,5176.925,Flagship store,Books,Children
35298814537,268204,3/12/2013,1,1,1,918,96.39,1014.39,e-Shop,Clothing,Women
39348589648,271011,3/12/2013,1,1,2,426,89.46,941.46,MBR,Clothing,Women
33160825675,269178,3/12/2013,10,6,4,1415,594.3,6254.3,e-Shop,Home and kitchen,Audio and video
20047331969,270853,3/12/2013,3,1,-3,-447,140.805,-1481.805,MBR,Clothing,Kids
57271839021,274128,3/12/2013,3,1,1,388,40.74,428.74,TeleShop,Clothing,Kids
37929840108,272622,3/12/2013,10,3,5,467,245.175,2580.175,MBR,Electronics,Audio and video
49752451850,269007,3/12/2013,1,1,5,326,171.15,1801.15,MBR,Clothing,Women
55511480516,272475,3/12/2013,10,3,4,300,126,1326,Flagship store,Electronics,Audio and video
92372774711,272410,3/12/2013,4,4,1,1379,144.795,1523.795,TeleShop,Bags,Mens
67094099351,274222,3/12/2013,3,1,4,1464,614.88,6470.88,e-Shop,Clothing,Kids
96545491259,274808,3/12/2013,5,3,2,136,28.56,300.56,TeleShop,Electronics,Computers
43750210560,272054,2/12/2013,3,5,3,175,55.125,580.125,MBR,Books,Kids
9661091069,268661,2/12/2013,5,3,4,1392,584.64,6152.64,MBR,Electronics,Computers
57502900320,271959,2/12/2013,4,3,4,568,238.56,2510.56,e-Shop,Electronics,Mens
48144543811,274268,2/12/2013,12,5,5,681,357.525,3762.525,MBR,Books,Academic
5950172499,267322,2/12/2013,9,3,3,374,117.81,1239.81,TeleShop,Electronics,Cameras
41089498440,268802,2/12/2013,3,1,3,799,251.685,2648.685,TeleShop,Clothing,Kids
22464540903,272526,2/12/2013,9,3,5,877,460.425,4845.425,e-Shop,Electronics,Cameras
39618311153,268863,2/12/2013,1,4,2,286,60.06,632.06,Flagship store,Bags,Women
45565345295,274322,2/12/2013,12,6,4,758,318.36,3350.36,TeleShop,Home and kitchen,Academic
62157319453,274455,2/12/2013,12,5,1,1354,142.17,1496.17,TeleShop,Books,Academic
6532068077,267008,2/12/2013,3,1,2,958,201.18,2117.18,MBR,Clothing,Kids
35169127371,273094,2/12/2013,11,6,-3,-1040,327.6,-3447.6,MBR,Home and kitchen,Children
32835754145,273582,2/12/2013,11,6,2,1353,284.13,2990.13,Flagship store,Home and kitchen,Children
36631243629,267051,2/12/2013,12,5,2,788,165.48,1741.48,e-Shop,Books,Academic
97405951808,274673,2/12/2013,10,3,4,1327,557.34,5865.34,Flagship store,Electronics,Audio and video
65716076029,268679,2/12/2013,4,1,-3,-291,91.665,-964.665,e-Shop,Clothing,Mens
97433291468,272314,2/12/2013,7,5,5,1203,631.575,6646.575,Flagship store,Books,Fiction
82965905739,274493,2/12/2013,3,5,4,206,86.52,910.52,MBR,Books,Kids
66223937700,269793,2/12/2013,5,3,2,110,23.1,243.1,Flagship store,Electronics,Computers
88013492921,269264,2/12/2013,3,2,2,312,65.52,689.52,TeleShop,Footwear,Kids
62006768244,268544,1/12/2013,4,3,1,676,70.98,746.98,TeleShop,Electronics,Mens
35308880657,272883,1/12/2013,7,5,-4,-1161,487.62,-5131.62,TeleShop,Books,Fiction
6217331495,269763,1/12/2013,10,6,5,840,441,4641,TeleShop,Home and kitchen,Audio and video
59763292680,267243,1/12/2013,2,6,5,816,428.4,4508.4,e-Shop,Home and kitchen,Furnishing
41077065673,268169,1/12/2013,6,5,4,923,387.66,4079.66,TeleShop,Books,DIY
44962548725,266870,1/12/2013,6,5,1,386,40.53,426.53,e-Shop,Books,DIY
18476979186,269119,1/12/2013,4,4,5,1262,662.55,6972.55,MBR,Bags,Mens
20802079233,274166,1/12/2013,3,2,4,971,407.82,4291.82,TeleShop,Footwear,Kids
2409734641,275214,1/12/2013,6,5,1,1264,132.72,1396.72,TeleShop,Books,DIY
6917311170,270493,1/12/2013,6,5,4,698,293.16,3085.16,e-Shop,Books,DIY
30112553725,273058,1/12/2013,12,5,4,1091,458.22,4822.22,e-Shop,Books,Academic
33039136229,270633,1/12/2013,1,4,1,310,32.55,342.55,e-Shop,Bags,Women
30765797798,272148,1/12/2013,12,6,3,437,137.655,1448.655,e-Shop,Home and kitchen,Academic
44157340631,272316,1/12/2013,3,5,1,1292,135.66,1427.66,MBR,Books,Kids
35169127371,273094,1/12/2013,11,6,3,1040,327.6,3447.6,MBR,Home and kitchen,Children
2152080109,269311,1/12/2013,7,5,1,1449,152.145,1601.145,e-Shop,Books,Fiction
23209298415,272411,1/12/2013,1,1,5,146,76.65,806.65,MBR,Clothing,Women
90070094875,272580,1/12/2013,2,6,-2,-1075,225.75,-2375.75,TeleShop,Home and kitchen,Furnishing
95736165852,271714,1/12/2013,9,3,1,171,17.955,188.955,Flagship store,Electronics,Cameras
74355594801,271313,1/12/2013,4,3,-3,-168,52.92,-556.92,Flagship store,Electronics,Mens
67200642370,273703,1/12/2013,4,4,1,148,15.54,163.54,Flagship store,Bags,Mens
65459979111,270432,1/12/2013,6,5,2,1053,221.13,2327.13,e-Shop,Books,DIY
89077133390,274225,1/12/2013,1,2,5,162,85.05,895.05,TeleShop,Footwear,Women
5448868221,270461,30-11-2013,10,3,2,451,94.71,996.71,Flagship store,Electronics,Audio and video
40781553539,270935,30-11-2013,12,6,2,1304,273.84,2881.84,e-Shop,Home and kitchen,Academic
9932373131,268741,30-11-2013,6,5,1,656,68.88,724.88,MBR,Books,DIY
20103178687,275186,30-11-2013,6,5,4,1371,575.82,6059.82,Flagship store,Books,DIY
43282442972,273918,30-11-2013,4,4,2,1006,211.26,2223.26,e-Shop,Bags,Mens
6255505041,272807,30-11-2013,5,3,5,584,306.6,3226.6,Flagship store,Electronics,Computers
4572080426,267583,30-11-2013,1,1,5,1476,774.9,8154.9,Flagship store,Clothing,Women
8453309874,271612,30-11-2013,11,6,4,717,301.14,3169.14,TeleShop,Home and kitchen,Children
54069703869,270895,30-11-2013,5,3,-5,-95,49.875,-524.875,TeleShop,Electronics,Computers
1852202934,274294,30-11-2013,3,1,2,275,57.75,607.75,e-Shop,Clothing,Kids
5414577360,267189,30-11-2013,2,6,1,1155,121.275,1276.275,Flagship store,Home and kitchen,Furnishing
12085231431,268796,30-11-2013,10,5,-4,-1271,533.82,-5617.82,Flagship store,Books,Audio and video
23976472456,269057,30-11-2013,12,6,3,449,141.435,1488.435,Flagship store,Home and kitchen,Academic
45722051154,270756,30-11-2013,12,6,3,622,195.93,2061.93,e-Shop,Home and kitchen,Academic
30762413475,274559,30-11-2013,4,3,3,250,78.75,828.75,e-Shop,Electronics,Mens
8921737900,271424,30-11-2013,2,6,2,624,131.04,1379.04,MBR,Home and kitchen,Furnishing
55478817966,269042,30-11-2013,1,4,4,766,321.72,3385.72,MBR,Bags,Women
74022438219,272797,30-11-2013,4,1,3,616,194.04,2042.04,TeleShop,Clothing,Mens
75481720903,268714,30-11-2013,11,5,1,351,36.855,387.855,e-Shop,Books,Children
63595805526,268481,30-11-2013,11,6,3,377,118.755,1249.755,MBR,Home and kitchen,Children
63664011794,268936,30-11-2013,3,1,-2,-672,141.12,-1485.12,e-Shop,Clothing,Kids
64871148783,272622,30-11-2013,3,2,5,402,211.05,2221.05,e-Shop,Footwear,Kids
75161284526,268387,30-11-2013,2,6,1,1436,150.78,1586.78,e-Shop,Home and kitchen,Furnishing
17817598623,267673,29-11-2013,5,3,-2,-482,101.22,-1065.22,e-Shop,Electronics,Computers
29620386876,271103,29-11-2013,5,3,2,1350,283.5,2983.5,TeleShop,Electronics,Computers
46284673983,274145,29-11-2013,10,3,5,240,126,1326,e-Shop,Electronics,Audio and video
42295580137,275137,29-11-2013,4,3,3,485,152.775,1607.775,e-Shop,Electronics,Mens
53609707920,271490,29-11-2013,10,5,-1,-116,12.18,-128.18,e-Shop,Books,Audio and video
21058098825,271697,29-11-2013,6,5,2,1123,235.83,2481.83,e-Shop,Books,DIY
42493892111,271784,29-11-2013,4,4,1,1387,145.635,1532.635,e-Shop,Bags,Mens
51535562529,271549,29-11-2013,1,1,3,976,307.44,3235.44,TeleShop,Clothing,Women
9943652087,272088,29-11-2013,4,1,3,218,68.67,722.67,e-Shop,Clothing,Mens
35480534686,273907,29-11-2013,1,1,-2,-832,174.72,-1838.72,e-Shop,Clothing,Women
59325697605,274761,29-11-2013,8,3,2,150,31.5,331.5,TeleShop,Electronics,Personal Appliances
57679265932,269905,29-11-2013,2,6,1,221,23.205,244.205,e-Shop,Home and kitchen,Furnishing
55131712634,273740,29-11-2013,9,3,2,648,136.08,1432.08,Flagship store,Electronics,Cameras
42448362185,272428,29-11-2013,10,6,5,290,152.25,1602.25,e-Shop,Home and kitchen,Audio and video
47837452777,269555,29-11-2013,11,6,3,313,98.595,1037.595,Flagship store,Home and kitchen,Children
23841904687,267802,29-11-2013,4,2,5,1396,732.9,7712.9,MBR,Footwear,Mens
27140992073,270563,29-11-2013,1,1,3,716,225.54,2373.54,TeleShop,Clothing,Women
99681883827,273459,29-11-2013,4,2,3,1427,449.505,4730.505,e-Shop,Footwear,Mens
67062128695,274219,29-11-2013,4,4,2,1084,227.64,2395.64,TeleShop,Bags,Mens
65716076029,268679,29-11-2013,4,1,3,291,91.665,964.665,e-Shop,Clothing,Mens
80632075198,267817,29-11-2013,4,1,-2,-1201,252.21,-2654.21,e-Shop,Clothing,Mens
80927484036,271656,29-11-2013,1,1,-3,-422,132.93,-1398.93,TeleShop,Clothing,Women
82104617889,271355,29-11-2013,6,5,3,119,37.485,394.485,Flagship store,Books,DIY
78898599507,273366,29-11-2013,11,6,4,551,231.42,2435.42,TeleShop,Home and kitchen,Children
85944253857,274362,29-11-2013,1,2,2,1283,269.43,2835.43,e-Shop,Footwear,Women
6226575046,273539,28-11-2013,4,4,1,843,88.515,931.515,MBR,Bags,Mens
17285770452,268080,28-11-2013,1,4,4,354,148.68,1564.68,Flagship store,Bags,Women
46509739379,273644,28-11-2013,11,5,4,536,225.12,2369.12,Flagship store,Books,Children
20047331969,270853,28-11-2013,3,1,3,447,140.805,1481.805,MBR,Clothing,Kids
62718140026,267004,28-11-2013,4,1,2,152,31.92,335.92,e-Shop,Clothing,Mens
62716227921,268268,28-11-2013,6,5,3,690,217.35,2287.35,MBR,Books,DIY
32173092213,273930,28-11-2013,3,5,3,885,278.775,2933.775,Flagship store,Books,Kids
47401968895,274437,28-11-2013,3,5,1,399,41.895,440.895,MBR,Books,Kids
39619327206,272741,28-11-2013,6,5,4,1083,454.86,4786.86,MBR,Books,DIY
59635237242,267498,28-11-2013,4,1,5,452,237.3,2497.3,e-Shop,Clothing,Mens
56925953780,273088,28-11-2013,3,2,2,725,152.25,1602.25,Flagship store,Footwear,Kids
81841420818,268632,28-11-2013,11,5,3,541,170.415,1793.415,e-Shop,Books,Children
88648937796,272585,28-11-2013,12,5,4,1242,521.64,5489.64,e-Shop,Books,Academic
66562215227,272327,28-11-2013,1,4,2,456,95.76,1007.76,MBR,Bags,Women
66850278677,266888,28-11-2013,7,5,2,1477,310.17,3264.17,e-Shop,Books,Fiction
68189092514,268003,28-11-2013,11,6,2,354,74.34,782.34,MBR,Home and kitchen,Children
77032870309,271120,28-11-2013,10,6,5,1123,589.575,6204.575,e-Shop,Home and kitchen,Audio and video
98033591743,274096,28-11-2013,4,2,1,78,8.19,86.19,e-Shop,Footwear,Mens
75774536483,271586,28-11-2013,3,2,-2,-587,123.27,-1297.27,MBR,Footwear,Kids
71028241442,266806,28-11-2013,4,1,4,209,87.78,923.78,e-Shop,Clothing,Mens
67296961064,270005,28-11-2013,1,2,1,314,32.97,346.97,MBR,Footwear,Women
66978448982,273296,28-11-2013,4,3,4,1144,480.48,5056.48,MBR,Electronics,Mens
90070094875,272580,28-11-2013,2,6,2,1075,225.75,2375.75,TeleShop,Home and kitchen,Furnishing
75491888580,273536,28-11-2013,11,5,1,1443,151.515,1594.515,e-Shop,Books,Children
55971000486,269396,27-11-2013,8,3,4,297,124.74,1312.74,Flagship store,Electronics,Personal Appliances
25496147958,269702,27-11-2013,4,4,2,881,185.01,1947.01,e-Shop,Bags,Mens
9277602785,274722,27-11-2013,3,5,4,1035,434.7,4574.7,MBR,Books,Kids
10726102624,267924,27-11-2013,4,1,2,385,80.85,850.85,Flagship store,Clothing,Mens
6605312122,274192,27-11-2013,1,1,4,728,305.76,3217.76,Flagship store,Clothing,Women
29006052005,267915,27-11-2013,1,1,2,374,78.54,826.54,e-Shop,Clothing,Women
17101262952,274259,27-11-2013,11,5,4,1293,543.06,5715.06,Flagship store,Books,Children
85496594077,267199,27-11-2013,1,1,-4,-366,153.72,-1617.72,e-Shop,Clothing,Women
78090056385,271721,27-11-2013,12,6,2,345,72.45,762.45,Flagship store,Home and kitchen,Academic
90003082557,268595,27-11-2013,11,5,3,805,253.575,2668.575,e-Shop,Books,Children
63664011794,268936,27-11-2013,3,1,-2,-672,141.12,-1485.12,e-Shop,Clothing,Kids
25019842828,273302,26-11-2013,2,6,4,1173,492.66,5184.66,e-Shop,Home and kitchen,Furnishing
12711236844,268669,26-11-2013,11,6,5,1472,772.8,8132.8,e-Shop,Home and kitchen,Children
29880802496,269655,26-11-2013,4,1,1,819,85.995,904.995,e-Shop,Clothing,Mens
35308880657,272883,26-11-2013,7,5,4,1161,487.62,5131.62,TeleShop,Books,Fiction
225590919,269424,26-11-2013,11,5,3,521,164.115,1727.115,e-Shop,Books,Children
61295740582,271317,26-11-2013,3,5,1,1076,112.98,1188.98,TeleShop,Books,Kids
53609707920,271490,26-11-2013,10,5,1,116,12.18,128.18,e-Shop,Books,Audio and video
24154088584,269407,26-11-2013,11,6,3,87,27.405,288.405,e-Shop,Home and kitchen,Children
34088369445,267078,26-11-2013,7,5,3,588,185.22,1949.22,e-Shop,Books,Fiction
49787067386,272144,26-11-2013,3,1,5,325,170.625,1795.625,TeleShop,Clothing,Kids
54377774372,270496,26-11-2013,10,3,5,755,396.375,4171.375,MBR,Electronics,Audio and video
10377581802,271139,26-11-2013,1,4,4,687,288.54,3036.54,TeleShop,Bags,Women
36385142331,268250,26-11-2013,12,6,5,902,473.55,4983.55,e-Shop,Home and kitchen,Academic
14155489669,271702,26-11-2013,10,5,2,1263,265.23,2791.23,TeleShop,Books,Audio and video
88330741272,272820,26-11-2013,5,3,5,1190,624.75,6574.75,TeleShop,Electronics,Computers
66088793361,270884,26-11-2013,1,4,3,785,247.275,2602.275,e-Shop,Bags,Women
92346977532,270465,26-11-2013,5,3,2,1027,215.67,2269.67,MBR,Electronics,Computers
72704549521,271154,26-11-2013,3,2,1,258,27.09,285.09,e-Shop,Footwear,Kids
66022020963,271059,26-11-2013,11,5,1,1287,135.135,1422.135,TeleShop,Books,Children
8535912263,270889,25-11-2013,2,6,5,1217,638.925,6723.925,MBR,Home and kitchen,Furnishing
44239665472,269474,25-11-2013,8,3,4,837,351.54,3699.54,TeleShop,Electronics,Personal Appliances
4944140003,274976,25-11-2013,1,2,1,590,61.95,651.95,TeleShop,Footwear,Women
53465042700,271018,25-11-2013,12,5,5,386,202.65,2132.65,MBR,Books,Academic
15893698766,270372,25-11-2013,10,5,-4,-735,308.7,-3248.7,MBR,Books,Audio and video
36124192141,270433,25-11-2013,5,3,2,100,21,221,MBR,Electronics,Computers
47987959088,270064,25-11-2013,10,5,1,1357,142.485,1499.485,Flagship store,Books,Audio and video
763024344,271810,25-11-2013,11,5,4,1258,528.36,5560.36,Flagship store,Books,Children
20146394061,268092,25-11-2013,1,2,4,472,198.24,2086.24,e-Shop,Footwear,Women
28694690707,272703,25-11-2013,7,5,4,444,186.48,1962.48,MBR,Books,Fiction
60660792909,274386,25-11-2013,1,4,2,581,122.01,1284.01,MBR,Bags,Women
10329790150,270450,25-11-2013,10,3,4,209,87.78,923.78,e-Shop,Electronics,Audio and video
35940718141,269929,25-11-2013,4,3,2,1108,232.68,2448.68,Flagship store,Electronics,Mens
33835084573,269729,25-11-2013,10,6,2,1022,214.62,2258.62,Flagship store,Home and kitchen,Audio and video
64183971618,272670,25-11-2013,4,4,3,1102,347.13,3653.13,Flagship store,Bags,Mens
83273621796,269306,25-11-2013,3,5,-5,-692,363.3,-3823.3,MBR,Books,Kids
87397795037,270091,25-11-2013,4,1,1,341,35.805,376.805,TeleShop,Clothing,Mens
71405509696,271066,25-11-2013,12,5,4,1452,609.84,6417.84,e-Shop,Books,Academic
97013888577,267792,25-11-2013,12,5,-2,-1045,219.45,-2309.45,TeleShop,Books,Academic
80799703253,271498,25-11-2013,5,3,5,1102,578.55,6088.55,Flagship store,Electronics,Computers
85165256659,273205,25-11-2013,5,3,4,455,191.1,2011.1,TeleShop,Electronics,Computers
70341801296,272098,25-11-2013,3,5,5,861,452.025,4757.025,MBR,Books,Kids
66304754717,271017,25-11-2013,2,6,5,988,518.7,5458.7,TeleShop,Home and kitchen,Furnishing
20543957547,268544,24-11-2013,10,5,1,112,11.76,123.76,Flagship store,Books,Audio and video
503985994,269948,24-11-2013,2,6,3,81,25.515,268.515,e-Shop,Home and kitchen,Furnishing
2992110761,273564,24-11-2013,7,5,3,1365,429.975,4524.975,Flagship store,Books,Fiction
22892369070,267014,24-11-2013,10,6,4,439,184.38,1940.38,TeleShop,Home and kitchen,Audio and video
9759648316,269869,24-11-2013,3,1,3,847,266.805,2807.805,e-Shop,Clothing,Kids
4403640516,274339,24-11-2013,4,4,2,335,70.35,740.35,TeleShop,Bags,Mens
54183105533,269452,24-11-2013,9,3,3,683,215.145,2264.145,TeleShop,Electronics,Cameras
37046462109,273251,24-11-2013,10,6,2,164,34.44,362.44,Flagship store,Home and kitchen,Audio and video
41641560203,266878,24-11-2013,6,5,3,652,205.38,2161.38,TeleShop,Books,DIY
74210117312,274808,24-11-2013,12,5,3,435,137.025,1442.025,TeleShop,Books,Academic
76577278525,268360,24-11-2013,4,4,5,1217,638.925,6723.925,e-Shop,Bags,Mens
85496594077,267199,24-11-2013,1,1,4,366,153.72,1617.72,e-Shop,Clothing,Women
25445751255,273592,23-11-2013,4,1,3,1057,332.955,3503.955,TeleShop,Clothing,Mens
49441287,268804,23-11-2013,11,6,3,279,87.885,924.885,Flagship store,Home and kitchen,Children
48245559552,272162,23-11-2013,3,1,3,678,213.57,2247.57,MBR,Clothing,Kids
22783818470,272145,23-11-2013,4,1,5,255,133.875,1408.875,TeleShop,Clothing,Mens
33909334455,275163,23-11-2013,3,2,2,1328,278.88,2934.88,TeleShop,Footwear,Kids
56910670909,266901,23-11-2013,1,4,1,1034,108.57,1142.57,MBR,Bags,Women
63016574421,273693,23-11-2013,11,6,5,1323,694.575,7309.575,TeleShop,Home and kitchen,Children
23151091056,269500,23-11-2013,4,3,1,400,42,442,e-Shop,Electronics,Mens
45427565403,269400,23-11-2013,4,3,3,1106,348.39,3666.39,MBR,Electronics,Mens
144983693,271614,23-11-2013,6,5,3,743,234.045,2463.045,TeleShop,Books,DIY
29433915412,273924,23-11-2013,11,6,1,114,11.97,125.97,TeleShop,Home and kitchen,Children
6342361335,272809,23-11-2013,1,2,1,539,56.595,595.595,e-Shop,Footwear,Women
36842541975,274943,23-11-2013,3,5,5,860,451.5,4751.5,e-Shop,Books,Kids
11265826781,273308,23-11-2013,4,4,4,462,194.04,2042.04,MBR,Bags,Mens
95167969410,271425,23-11-2013,11,5,1,1397,146.685,1543.685,Flagship store,Books,Children
70553332101,269719,23-11-2013,5,3,2,623,130.83,1376.83,Flagship store,Electronics,Computers
74355594801,271313,23-11-2013,4,3,3,168,52.92,556.92,Flagship store,Electronics,Mens
65962077023,274090,23-11-2013,6,5,3,72,22.68,238.68,TeleShop,Books,DIY
68951654387,275018,23-11-2013,3,5,4,1155,485.1,5105.1,e-Shop,Books,Kids
80632075198,267817,23-11-2013,4,1,2,1201,252.21,2654.21,e-Shop,Clothing,Mens
92767298366,274700,23-11-2013,3,5,1,1495,156.975,1651.975,e-Shop,Books,Kids
73217600772,274688,23-11-2013,7,5,4,636,267.12,2811.12,e-Shop,Books,Fiction
81667704025,270286,23-11-2013,10,6,3,1179,371.385,3908.385,e-Shop,Home and kitchen,Audio and video
9063157777,274923,22-11-2013,1,1,1,567,59.535,626.535,MBR,Clothing,Women
30519640269,267635,22-11-2013,6,5,2,949,199.29,2097.29,e-Shop,Books,DIY
24882492583,267621,22-11-2013,3,2,2,508,106.68,1122.68,MBR,Footwear,Kids
24421349689,274645,22-11-2013,12,5,4,1109,465.78,4901.78,Flagship store,Books,Academic
60191921466,269200,22-11-2013,12,5,3,406,127.89,1345.89,e-Shop,Books,Academic
30258447780,273737,22-11-2013,1,1,5,216,113.4,1193.4,e-Shop,Clothing,Women
12085231431,268796,22-11-2013,10,5,4,1271,533.82,5617.82,Flagship store,Books,Audio and video
11563570235,269716,22-11-2013,12,5,3,1200,378,3978,e-Shop,Books,Academic
34070850488,274592,22-11-2013,1,4,4,1198,503.16,5295.16,e-Shop,Bags,Women
60349204999,268835,22-11-2013,11,6,1,549,57.645,606.645,MBR,Home and kitchen,Children
60429711724,273440,22-11-2013,3,2,-2,-831,174.51,-1836.51,MBR,Footwear,Kids
53833737600,268716,22-11-2013,3,1,5,552,289.8,3049.8,e-Shop,Clothing,Kids
56824774304,272929,22-11-2013,11,5,5,967,507.675,5342.675,e-Shop,Books,Children
4747580037,272368,22-11-2013,11,5,1,1306,137.13,1443.13,Flagship store,Books,Children
4457122330,273708,22-11-2013,3,1,2,1466,307.86,3239.86,Flagship store,Clothing,Kids
14960915856,267211,22-11-2013,10,5,5,253,132.825,1397.825,e-Shop,Books,Audio and video
6820703680,270710,22-11-2013,5,3,5,380,199.5,2099.5,Flagship store,Electronics,Computers
96782408383,270864,22-11-2013,3,2,1,1451,152.355,1603.355,e-Shop,Footwear,Kids
94023191277,266958,22-11-2013,5,3,2,395,82.95,872.95,e-Shop,Electronics,Computers
75774536483,271586,22-11-2013,3,2,2,587,123.27,1297.27,MBR,Footwear,Kids
90665801025,270344,22-11-2013,11,6,1,290,30.45,320.45,e-Shop,Home and kitchen,Children
67363699182,273140,22-11-2013,1,4,5,1337,701.925,7386.925,Flagship store,Bags,Women
77353742330,272117,22-11-2013,8,3,-1,-1094,114.87,-1208.87,e-Shop,Electronics,Personal Appliances
83347539644,272198,22-11-2013,10,6,5,861,452.025,4757.025,Flagship store,Home and kitchen,Audio and video
32002387870,271488,21-11-2013,7,5,3,1432,451.08,4747.08,Flagship store,Books,Fiction
51110074893,274204,21-11-2013,4,4,4,1045,438.9,4618.9,MBR,Bags,Mens
22315252729,273928,21-11-2013,3,1,4,1214,509.88,5365.88,e-Shop,Clothing,Kids
26055379664,266989,21-11-2013,10,3,3,122,38.43,404.43,e-Shop,Electronics,Audio and video
57447676374,271072,21-11-2013,3,1,2,295,61.95,651.95,TeleShop,Clothing,Kids
17602977519,272514,21-11-2013,3,5,1,1144,120.12,1264.12,e-Shop,Books,Kids
46243615038,271733,21-11-2013,5,3,2,1291,271.11,2853.11,MBR,Electronics,Computers
405375008,269708,21-11-2013,4,1,4,615,258.3,2718.3,TeleShop,Clothing,Mens
23518497045,269005,21-11-2013,4,1,-2,-1109,232.89,-2450.89,MBR,Clothing,Mens
97013888577,267792,21-11-2013,12,5,2,1045,219.45,2309.45,TeleShop,Books,Academic
90526321894,274629,21-11-2013,12,6,3,1435,452.025,4757.025,MBR,Home and kitchen,Academic
86222996122,273768,21-11-2013,5,3,2,1305,274.05,2884.05,Flagship store,Electronics,Computers
65805531087,268016,21-11-2013,10,6,4,339,142.38,1498.38,e-Shop,Home and kitchen,Audio and video
80927484036,271656,21-11-2013,1,1,3,422,132.93,1398.93,TeleShop,Clothing,Women
92329786418,270823,21-11-2013,4,4,5,339,177.975,1872.975,MBR,Bags,Mens
92127180267,272440,21-11-2013,1,4,2,977,205.17,2159.17,Flagship store,Bags,Women
63664011794,268936,21-11-2013,3,1,2,672,141.12,1485.12,e-Shop,Clothing,Kids
99358505664,271404,21-11-2013,4,4,1,395,41.475,436.475,e-Shop,Bags,Mens
88934411486,269657,21-11-2013,12,6,4,1236,519.12,5463.12,Flagship store,Home and kitchen,Academic
67952214352,269655,21-11-2013,11,6,4,1498,629.16,6621.16,TeleShop,Home and kitchen,Children
77397626308,273359,21-11-2013,11,6,1,692,72.66,764.66,Flagship store,Home and kitchen,Children
46586231174,267749,20-11-2013,4,4,3,1106,348.39,3666.39,TeleShop,Bags,Mens
40309002020,270823,20-11-2013,5,3,1,1227,128.835,1355.835,e-Shop,Electronics,Computers
5553482422,273682,20-11-2013,1,1,-3,-368,115.92,-1219.92,MBR,Clothing,Women
34826120734,273027,20-11-2013,8,3,2,500,105,1105,Flagship store,Electronics,Personal Appliances
52510653873,274540,20-11-2013,2,6,3,382,120.33,1266.33,TeleShop,Home and kitchen,Furnishing
53724843479,273350,20-11-2013,4,1,1,138,14.49,152.49,Flagship store,Clothing,Mens
18436009999,273292,20-11-2013,7,5,5,620,325.5,3425.5,Flagship store,Books,Fiction
54069703869,270895,20-11-2013,5,3,5,95,49.875,524.875,TeleShop,Electronics,Computers
9641994981,275172,20-11-2013,10,6,1,213,22.365,235.365,MBR,Home and kitchen,Audio and video
17817598623,267673,20-11-2013,5,3,2,482,101.22,1065.22,e-Shop,Electronics,Computers
42814516248,267926,20-11-2013,9,3,3,407,128.205,1349.205,Flagship store,Electronics,Cameras
85496173007,271364,20-11-2013,10,3,1,1218,127.89,1345.89,MBR,Electronics,Audio and video
93882826888,275227,20-11-2013,10,3,2,552,115.92,1219.92,MBR,Electronics,Audio and video
94009945192,273934,20-11-2013,4,3,5,1331,698.775,7353.775,e-Shop,Electronics,Mens
83273621796,269306,20-11-2013,3,5,5,692,363.3,3823.3,MBR,Books,Kids
19694189865,270406,19-11-2013,10,5,5,1263,663.075,6978.075,e-Shop,Books,Audio and video
25047846918,275129,19-11-2013,1,2,1,727,76.335,803.335,TeleShop,Footwear,Women
51680494978,273824,19-11-2013,9,3,1,996,104.58,1100.58,e-Shop,Electronics,Cameras
35480534686,273907,19-11-2013,1,1,2,832,174.72,1838.72,e-Shop,Clothing,Women
7560799922,267053,19-11-2013,8,3,1,830,87.15,917.15,e-Shop,Electronics,Personal Appliances
38146152393,270269,19-11-2013,10,6,5,734,385.35,4055.35,MBR,Home and kitchen,Audio and video
97455130003,270644,19-11-2013,10,3,5,210,110.25,1160.25,MBR,Electronics,Audio and video
91473276082,274460,19-11-2013,6,5,2,601,126.21,1328.21,MBR,Books,DIY
70566307106,273908,19-11-2013,11,5,2,1421,298.41,3140.41,e-Shop,Books,Children
86471366867,272724,19-11-2013,10,3,3,931,293.265,3086.265,e-Shop,Electronics,Audio and video
68411644844,269979,19-11-2013,10,6,5,506,265.65,2795.65,Flagship store,Home and kitchen,Audio and video
89274514782,271236,19-11-2013,11,6,1,513,53.865,566.865,e-Shop,Home and kitchen,Children
90547638606,268817,19-11-2013,3,2,3,1097,345.555,3636.555,Flagship store,Footwear,Kids
69169159670,269516,19-11-2013,4,2,4,1201,504.42,5308.42,MBR,Footwear,Mens
80270266851,274657,19-11-2013,3,1,3,1131,356.265,3749.265,MBR,Clothing,Kids
99042843811,268885,19-11-2013,1,1,1,819,85.995,904.995,Flagship store,Clothing,Women
19793012256,267247,18-11-2013,12,5,1,396,41.58,437.58,MBR,Books,Academic
56904114319,272122,18-11-2013,1,4,3,840,264.6,2784.6,e-Shop,Bags,Women
47000257543,273014,18-11-2013,6,5,4,1433,601.86,6333.86,TeleShop,Books,DIY
20590053217,273500,18-11-2013,10,6,4,1059,444.78,4680.78,e-Shop,Home and kitchen,Audio and video
60429711724,273440,18-11-2013,3,2,2,831,174.51,1836.51,MBR,Footwear,Kids
10861410733,274748,18-11-2013,11,5,3,504,158.76,1670.76,Flagship store,Books,Children
12265011538,270387,18-11-2013,5,3,5,911,478.275,5033.275,e-Shop,Electronics,Computers
59398606270,273350,18-11-2013,12,6,3,1271,400.365,4213.365,e-Shop,Home and kitchen,Academic
24989842859,267258,18-11-2013,8,3,1,549,57.645,606.645,TeleShop,Electronics,Personal Appliances
41312798981,271665,18-11-2013,11,5,-1,-1455,152.775,-1607.775,e-Shop,Books,Children
24129475595,274824,18-11-2013,1,2,5,628,329.7,3469.7,TeleShop,Footwear,Women
54634875448,275139,18-11-2013,3,2,3,286,90.09,948.09,e-Shop,Footwear,Kids
40160646399,268812,18-11-2013,12,6,5,631,331.275,3486.275,MBR,Home and kitchen,Academic
95859553960,267886,18-11-2013,6,5,3,998,314.37,3308.37,e-Shop,Books,DIY
73517126109,270554,18-11-2013,3,1,5,463,243.075,2558.075,e-Shop,Clothing,Kids
90754948132,272470,18-11-2013,1,1,4,131,55.02,579.02,e-Shop,Clothing,Women
89539931184,268509,18-11-2013,12,6,3,1083,341.145,3590.145,e-Shop,Home and kitchen,Academic
71653185996,270539,18-11-2013,10,5,2,222,46.62,490.62,MBR,Books,Audio and video
76663033882,271353,18-11-2013,4,4,3,1218,383.67,4037.67,Flagship store,Bags,Mens
5375915743,267508,17-11-2013,4,1,3,778,245.07,2579.07,e-Shop,Clothing,Mens
4392473962,272316,17-11-2013,3,5,3,1361,428.715,4511.715,e-Shop,Books,Kids
49919333273,270458,17-11-2013,8,3,-4,-1486,624.12,-6568.12,TeleShop,Electronics,Personal Appliances
27801283097,268664,17-11-2013,5,3,5,1179,618.975,6513.975,TeleShop,Electronics,Computers
3371465443,274059,17-11-2013,9,3,3,1471,463.365,4876.365,TeleShop,Electronics,Cameras
21964060608,267768,17-11-2013,2,6,5,334,175.35,1845.35,Flagship store,Home and kitchen,Furnishing
44589474891,270744,17-11-2013,1,2,-3,-528,166.32,-1750.32,Flagship store,Footwear,Women
51831537545,272900,17-11-2013,8,3,2,620,130.2,1370.2,MBR,Electronics,Personal Appliances
31577087495,267307,17-11-2013,8,3,3,806,253.89,2671.89,MBR,Electronics,Personal Appliances
13026363883,274902,17-11-2013,4,1,1,1135,119.175,1254.175,e-Shop,Clothing,Mens
52688748780,273099,17-11-2013,8,3,2,939,197.19,2075.19,TeleShop,Electronics,Personal Appliances
32171110544,267155,17-11-2013,3,2,5,1097,575.925,6060.925,e-Shop,Footwear,Kids
48251602750,270258,17-11-2013,12,5,1,322,33.81,355.81,MBR,Books,Academic
34272247981,267415,17-11-2013,6,5,5,1071,562.275,5917.275,e-Shop,Books,DIY
58933992299,266855,17-11-2013,3,1,2,1349,283.29,2981.29,e-Shop,Clothing,Kids
45769321444,268266,17-11-2013,4,2,2,720,151.2,1591.2,e-Shop,Footwear,Mens
61589428369,274463,17-11-2013,12,6,2,446,93.66,985.66,e-Shop,Home and kitchen,Academic
70234905603,267208,17-11-2013,1,1,5,579,303.975,3198.975,Flagship store,Clothing,Women
94505813275,274772,17-11-2013,1,2,4,1072,450.24,4738.24,TeleShop,Footwear,Women
79582108950,273582,17-11-2013,7,5,3,420,132.3,1392.3,Flagship store,Books,Fiction
96433587064,271377,17-11-2013,3,2,3,787,247.905,2608.905,TeleShop,Footwear,Kids
10035233967,275079,16-11-2013,4,3,5,422,221.55,2331.55,Flagship store,Electronics,Mens
42326945587,271650,16-11-2013,4,3,-5,-1187,623.175,-6558.175,MBR,Electronics,Mens
36082665361,267019,16-11-2013,1,2,3,733,230.895,2429.895,e-Shop,Footwear,Women
7457826583,273156,16-11-2013,4,1,5,1193,626.325,6591.325,e-Shop,Clothing,Mens
23518497045,269005,16-11-2013,4,1,2,1109,232.89,2450.89,MBR,Clothing,Mens
41173082154,267045,16-11-2013,10,6,2,1033,216.93,2282.93,MBR,Home and kitchen,Audio and video
45180046500,272629,16-11-2013,1,2,4,481,202.02,2126.02,e-Shop,Footwear,Women
17622962928,270976,16-11-2013,1,2,1,1439,151.095,1590.095,e-Shop,Footwear,Women
14535478972,274152,16-11-2013,5,3,4,603,253.26,2665.26,Flagship store,Electronics,Computers
55342345815,268024,16-11-2013,1,1,1,848,89.04,937.04,MBR,Clothing,Women
2009469779,273194,16-11-2013,3,5,4,801,336.42,3540.42,e-Shop,Books,Kids
17167085630,267629,16-11-2013,1,1,5,663,348.075,3663.075,MBR,Clothing,Women
4623545525,269659,16-11-2013,9,3,-5,-164,86.1,-906.1,MBR,Electronics,Cameras
38095479069,271744,16-11-2013,4,2,1,1278,134.19,1412.19,MBR,Footwear,Mens
73209343212,274724,16-11-2013,12,5,4,1147,481.74,5069.74,e-Shop,Books,Academic
82979925792,269306,16-11-2013,8,3,4,83,34.86,366.86,e-Shop,Electronics,Personal Appliances
81484744075,270590,16-11-2013,10,6,-2,-568,119.28,-1255.28,e-Shop,Home and kitchen,Audio and video
78576500715,268874,16-11-2013,6,5,5,1156,606.9,6386.9,Flagship store,Books,DIY
66117141546,274810,16-11-2013,3,1,1,708,74.34,782.34,e-Shop,Clothing,Kids
71144839616,271544,16-11-2013,7,5,3,286,90.09,948.09,e-Shop,Books,Fiction
71976180879,272555,16-11-2013,7,5,2,1432,300.72,3164.72,Flagship store,Books,Fiction
80089928321,271778,16-11-2013,2,6,3,639,201.285,2118.285,TeleShop,Home and kitchen,Furnishing
86959655984,271239,16-11-2013,4,2,5,1410,740.25,7790.25,MBR,Footwear,Mens
15893698766,270372,15-11-2013,10,5,4,735,308.7,3248.7,MBR,Books,Audio and video
10632280445,275048,15-11-2013,1,2,5,698,366.45,3856.45,TeleShop,Footwear,Women
40234442664,274153,15-11-2013,4,1,4,990,415.8,4375.8,MBR,Clothing,Mens
60454546008,269677,15-11-2013,1,1,2,1135,238.35,2508.35,TeleShop,Clothing,Women
46017516329,271868,15-11-2013,1,1,3,231,72.765,765.765,Flagship store,Clothing,Women
12164588630,270262,15-11-2013,3,2,-2,-1059,222.39,-2340.39,Flagship store,Footwear,Kids
13116124711,270842,15-11-2013,12,5,5,1191,625.275,6580.275,e-Shop,Books,Academic
47860969517,270458,15-11-2013,8,3,5,1203,631.575,6646.575,e-Shop,Electronics,Personal Appliances
38817902046,274523,15-11-2013,1,2,2,1028,215.88,2271.88,Flagship store,Footwear,Women
44589474891,270744,15-11-2013,1,2,3,528,166.32,1750.32,Flagship store,Footwear,Women
24198379467,271862,15-11-2013,12,6,-2,-1160,243.6,-2563.6,e-Shop,Home and kitchen,Academic
57707492292,271441,15-11-2013,3,2,2,574,120.54,1268.54,Flagship store,Footwear,Kids
80093314617,271161,15-11-2013,1,1,5,1264,663.6,6983.6,MBR,Clothing,Women
67730179963,272722,15-11-2013,3,5,-4,-274,115.08,-1211.08,TeleShop,Books,Kids
98703100398,271893,15-11-2013,4,3,-4,-619,259.98,-2735.98,e-Shop,Electronics,Mens
79853182955,269244,15-11-2013,10,6,1,712,74.76,786.76,MBR,Home and kitchen,Audio and video
65781965127,267682,15-11-2013,11,5,1,1046,109.83,1155.83,e-Shop,Books,Children
66276488194,272038,15-11-2013,2,6,-2,-955,200.55,-2110.55,e-Shop,Home and kitchen,Furnishing
85791685668,270350,15-11-2013,11,6,5,1370,719.25,7569.25,Flagship store,Home and kitchen,Children
7046193868,275252,14-11-2013,7,5,1,652,68.46,720.46,e-Shop,Books,Fiction
11468933107,267264,14-11-2013,10,5,1,1393,146.265,1539.265,TeleShop,Books,Audio and video
40741373723,273220,14-11-2013,7,5,4,534,224.28,2360.28,Flagship store,Books,Fiction
34935943527,268243,14-11-2013,3,1,3,1456,458.64,4826.64,e-Shop,Clothing,Kids
4740594593,274493,14-11-2013,7,5,2,314,65.94,693.94,TeleShop,Books,Fiction
60346032375,270767,14-11-2013,4,3,1,855,89.775,944.775,e-Shop,Electronics,Mens
46989646717,274331,14-11-2013,1,4,3,655,206.325,2171.325,Flagship store,Bags,Women
58050932649,271981,14-11-2013,10,6,2,542,113.82,1197.82,e-Shop,Home and kitchen,Audio and video
62756577276,270210,14-11-2013,3,5,1,679,71.295,750.295,Flagship store,Books,Kids
13946470738,273217,14-11-2013,3,1,4,1107,464.94,4892.94,e-Shop,Clothing,Kids
6167340284,267655,14-11-2013,4,1,1,164,17.22,181.22,e-Shop,Clothing,Mens
74062863878,272638,14-11-2013,3,1,4,1167,490.14,5158.14,Flagship store,Clothing,Kids
65202497925,268438,14-11-2013,6,5,4,1216,510.72,5374.72,MBR,Books,DIY
99858040733,274786,14-11-2013,8,3,3,98,30.87,324.87,e-Shop,Electronics,Personal Appliances
99027151216,272086,14-11-2013,9,3,2,1144,240.24,2528.24,e-Shop,Electronics,Cameras
67810870997,273155,14-11-2013,4,4,1,623,65.415,688.415,MBR,Bags,Mens
85489227221,271873,14-11-2013,10,5,4,961,403.62,4247.62,e-Shop,Books,Audio and video
96900649820,271582,14-11-2013,2,6,4,145,60.9,640.9,TeleShop,Home and kitchen,Furnishing
77353742330,272117,14-11-2013,8,3,1,1094,114.87,1208.87,e-Shop,Electronics,Personal Appliances
73189116899,270608,14-11-2013,6,5,4,1059,444.78,4680.78,TeleShop,Books,DIY
3773640816,271046,13-11-2013,10,3,5,1009,529.725,5574.725,e-Shop,Electronics,Audio and video
20902786498,268679,13-11-2013,11,6,5,1009,529.725,5574.725,e-Shop,Home and kitchen,Children
48611664092,274326,13-11-2013,8,3,3,551,173.565,1826.565,e-Shop,Electronics,Personal Appliances
46782179980,269755,13-11-2013,3,5,4,956,401.52,4225.52,e-Shop,Books,Kids
57922099582,272775,13-11-2013,4,2,1,422,44.31,466.31,MBR,Footwear,Mens
15757289184,271833,13-11-2013,5,3,2,964,202.44,2130.44,TeleShop,Electronics,Computers
33296931604,273270,13-11-2013,3,2,3,426,134.19,1412.19,MBR,Footwear,Kids
50813183985,267226,13-11-2013,10,6,1,551,57.855,608.855,Flagship store,Home and kitchen,Audio and video
49410470654,270484,13-11-2013,5,3,2,825,173.25,1823.25,e-Shop,Electronics,Computers
39482141281,274685,13-11-2013,5,3,2,1450,304.5,3204.5,Flagship store,Electronics,Computers
49919333273,270458,13-11-2013,8,3,4,1486,624.12,6568.12,TeleShop,Electronics,Personal Appliances
71265724250,270706,13-11-2013,7,5,3,1198,377.37,3971.37,e-Shop,Books,Fiction
80854397491,270710,13-11-2013,2,6,1,506,53.13,559.13,MBR,Home and kitchen,Furnishing
94813519488,268369,13-11-2013,1,1,2,1417,297.57,3131.57,MBR,Clothing,Women
70997907379,274956,13-11-2013,1,1,4,1352,567.84,5975.84,e-Shop,Clothing,Women
82866730545,272217,13-11-2013,12,6,5,135,70.875,745.875,TeleShop,Home and kitchen,Academic
73926003420,270066,13-11-2013,6,5,3,199,62.685,659.685,e-Shop,Books,DIY
77729830805,269304,13-11-2013,12,5,2,1012,212.52,2236.52,Flagship store,Books,Academic
2029148714,269596,12/11/2013,4,4,-1,-600,63,-663,TeleShop,Bags,Mens
9199526379,274044,12/11/2013,1,1,-3,-606,190.89,-2008.89,TeleShop,Clothing,Women
38419461344,268047,12/11/2013,11,6,3,480,151.2,1591.2,TeleShop,Home and kitchen,Children
19180077403,273123,12/11/2013,2,6,2,494,103.74,1091.74,Flagship store,Home and kitchen,Furnishing
54736530816,269927,12/11/2013,1,4,4,1008,423.36,4455.36,e-Shop,Bags,Women
57988529791,275025,12/11/2013,4,2,1,1361,142.905,1503.905,TeleShop,Footwear,Mens
57528817167,272308,12/11/2013,4,1,2,900,189,1989,Flagship store,Clothing,Mens
13902000472,272837,12/11/2013,3,5,3,1093,344.295,3623.295,e-Shop,Books,Kids
24085733490,273958,12/11/2013,4,2,5,274,143.85,1513.85,TeleShop,Footwear,Mens
24198379467,271862,12/11/2013,12,6,2,1160,243.6,2563.6,e-Shop,Home and kitchen,Academic
32506131422,268092,12/11/2013,6,5,3,518,163.17,1717.17,TeleShop,Books,DIY
53484905729,274818,12/11/2013,4,1,4,268,112.56,1184.56,TeleShop,Clothing,Mens
78064050000,269661,12/11/2013,1,4,2,185,38.85,408.85,e-Shop,Bags,Women
87120697660,271735,12/11/2013,5,3,4,1061,445.62,4689.62,Flagship store,Electronics,Computers
95080894817,273780,12/11/2013,5,3,2,1145,240.45,2530.45,Flagship store,Electronics,Computers
66435444713,269766,12/11/2013,4,3,3,593,186.795,1965.795,TeleShop,Electronics,Mens
58464564567,274334,11/11/2013,11,6,4,1003,421.26,4433.26,MBR,Home and kitchen,Children
60831990407,271431,11/11/2013,1,1,2,1240,260.4,2740.4,TeleShop,Clothing,Women
4455003515,274790,11/11/2013,2,6,1,623,65.415,688.415,MBR,Home and kitchen,Furnishing
60783451775,272186,11/11/2013,3,5,-5,-625,328.125,-3453.125,MBR,Books,Kids
51207489135,270716,11/11/2013,11,6,1,1442,151.41,1593.41,TeleShop,Home and kitchen,Children
21901207819,272547,11/11/2013,5,3,4,956,401.52,4225.52,TeleShop,Electronics,Computers
55499897374,267706,11/11/2013,10,5,-1,-75,7.875,-82.875,Flagship store,Books,Audio and video
57424450459,269394,11/11/2013,9,3,2,273,57.33,603.33,MBR,Electronics,Cameras
41312798981,271665,11/11/2013,11,5,1,1455,152.775,1607.775,e-Shop,Books,Children
23913785696,274594,11/11/2013,3,1,2,826,173.46,1825.46,e-Shop,Clothing,Kids
30699743111,271014,11/11/2013,11,6,4,462,194.04,2042.04,Flagship store,Home and kitchen,Children
3353517524,274492,11/11/2013,5,3,4,293,123.06,1295.06,TeleShop,Electronics,Computers
5553482422,273682,11/11/2013,1,1,3,368,115.92,1219.92,MBR,Clothing,Women
81269548859,268288,11/11/2013,10,3,4,507,212.94,2240.94,e-Shop,Electronics,Audio and video
92874142137,274780,11/11/2013,1,1,5,1496,785.4,8265.4,e-Shop,Clothing,Women
90400267994,268968,11/11/2013,9,3,1,620,65.1,685.1,Flagship store,Electronics,Cameras
76374002930,275196,11/11/2013,5,3,2,426,89.46,941.46,e-Shop,Electronics,Computers
66960479624,273160,11/11/2013,4,3,1,1096,115.08,1211.08,MBR,Electronics,Mens
72515050103,272188,11/11/2013,9,3,1,659,69.195,728.195,MBR,Electronics,Cameras
98962499552,274208,11/11/2013,2,6,1,1392,146.16,1538.16,Flagship store,Home and kitchen,Furnishing
60510890089,267653,10/11/2013,3,2,3,646,203.49,2141.49,TeleShop,Footwear,Kids
17066925247,267983,10/11/2013,2,6,5,371,194.775,2049.775,e-Shop,Home and kitchen,Furnishing
12164588630,270262,10/11/2013,3,2,2,1059,222.39,2340.39,Flagship store,Footwear,Kids
39143095614,271760,10/11/2013,10,6,2,899,188.79,1986.79,MBR,Home and kitchen,Audio and video
41037649929,271873,10/11/2013,4,1,4,242,101.64,1069.64,e-Shop,Clothing,Mens
49615088406,269507,10/11/2013,4,1,3,467,147.105,1548.105,MBR,Clothing,Mens
59689043154,274084,10/11/2013,1,1,-5,-685,359.625,-3784.625,e-Shop,Clothing,Women
11742289667,273297,10/11/2013,4,3,3,1116,351.54,3699.54,e-Shop,Electronics,Mens
44983367889,269787,10/11/2013,7,5,5,1226,643.65,6773.65,e-Shop,Books,Fiction
22286388174,273229,10/11/2013,10,6,3,515,162.225,1707.225,e-Shop,Home and kitchen,Audio and video
13503869997,269193,10/11/2013,12,5,3,81,25.515,268.515,TeleShop,Books,Academic
5899753717,271816,10/11/2013,10,5,1,1185,124.425,1309.425,e-Shop,Books,Audio and video
2820688369,269972,10/11/2013,1,1,1,400,42,442,Flagship store,Clothing,Women
21567705484,272700,10/11/2013,3,5,1,1369,143.745,1512.745,Flagship store,Books,Kids
52333790740,267332,10/11/2013,4,1,3,545,171.675,1806.675,Flagship store,Clothing,Mens
56843520635,269647,10/11/2013,9,3,4,308,129.36,1361.36,e-Shop,Electronics,Cameras
9199526379,274044,10/11/2013,1,1,3,606,190.89,2008.89,TeleShop,Clothing,Women
50130685320,273325,10/11/2013,3,1,1,1496,157.08,1653.08,e-Shop,Clothing,Kids
69339832201,272622,10/11/2013,4,2,2,702,147.42,1551.42,e-Shop,Footwear,Mens
66276488194,272038,10/11/2013,2,6,2,955,200.55,2110.55,e-Shop,Home and kitchen,Furnishing
82450616978,271663,10/11/2013,10,3,3,967,304.605,3205.605,e-Shop,Electronics,Audio and video
91034993805,269031,10/11/2013,4,3,5,891,467.775,4922.775,Flagship store,Electronics,Mens
87973123978,269483,10/11/2013,9,3,3,1101,346.815,3649.815,Flagship store,Electronics,Cameras
81484744075,270590,10/11/2013,10,6,2,568,119.28,1255.28,e-Shop,Home and kitchen,Audio and video
67730179963,272722,10/11/2013,3,5,4,274,115.08,1211.08,TeleShop,Books,Kids
9583289595,267979,9/11/2013,7,5,2,1087,228.27,2402.27,TeleShop,Books,Fiction
9403444416,270256,9/11/2013,10,3,5,552,289.8,3049.8,e-Shop,Electronics,Audio and video
4216279222,271636,9/11/2013,4,2,1,711,74.655,785.655,TeleShop,Footwear,Mens
59660016262,274058,9/11/2013,6,5,4,184,77.28,813.28,TeleShop,Books,DIY
5597418300,268412,9/11/2013,4,4,4,513,215.46,2267.46,e-Shop,Bags,Mens
18538242224,267463,9/11/2013,1,2,4,203,85.26,897.26,TeleShop,Footwear,Women
4623545525,269659,9/11/2013,9,3,5,164,86.1,906.1,MBR,Electronics,Cameras
54196482670,274828,9/11/2013,10,5,1,662,69.51,731.51,Flagship store,Books,Audio and video
26366990344,271995,9/11/2013,4,3,3,321,101.115,1064.115,MBR,Electronics,Mens
32379409143,268379,9/11/2013,11,6,3,506,159.39,1677.39,TeleShop,Home and kitchen,Children
16775867233,266842,9/11/2013,10,5,3,1052,331.38,3487.38,MBR,Books,Audio and video
40741909497,267595,9/11/2013,2,6,5,184,96.6,1016.6,TeleShop,Home and kitchen,Furnishing
44794284613,267287,9/11/2013,11,5,2,734,154.14,1622.14,TeleShop,Books,Children
32675769538,274865,9/11/2013,12,6,5,1437,754.425,7939.425,e-Shop,Home and kitchen,Academic
1831286047,270092,9/11/2013,6,5,1,1023,107.415,1130.415,MBR,Books,DIY
50250308685,275214,9/11/2013,8,3,2,1106,232.26,2444.26,MBR,Electronics,Personal Appliances
54682506330,273856,9/11/2013,12,5,5,1285,674.625,7099.625,MBR,Books,Academic
62065383939,270441,9/11/2013,10,6,3,362,114.03,1200.03,e-Shop,Home and kitchen,Audio and video
58117021172,267727,9/11/2013,1,4,2,1090,228.9,2408.9,MBR,Bags,Women
74767855015,268431,9/11/2013,12,6,3,1265,398.475,4193.475,e-Shop,Home and kitchen,Academic
73937469373,274789,9/11/2013,1,4,4,1360,571.2,6011.2,Flagship store,Bags,Women
74268268550,270330,9/11/2013,1,4,3,666,209.79,2207.79,e-Shop,Bags,Women
42326945587,271650,8/11/2013,4,3,5,1187,623.175,6558.175,MBR,Electronics,Mens
50068667220,270163,8/11/2013,10,3,2,84,17.64,185.64,TeleShop,Electronics,Audio and video
52924481274,274646,8/11/2013,4,2,3,1324,417.06,4389.06,Flagship store,Footwear,Mens
4515054035,273552,8/11/2013,10,5,3,1148,361.62,3805.62,e-Shop,Books,Audio and video
40296563347,274702,8/11/2013,1,2,4,1403,589.26,6201.26,Flagship store,Footwear,Women
23369831920,268478,8/11/2013,3,1,1,1354,142.17,1496.17,e-Shop,Clothing,Kids
56507090706,275229,8/11/2013,6,5,-1,-1290,135.45,-1425.45,e-Shop,Books,DIY
61641075830,270360,8/11/2013,11,6,3,825,259.875,2734.875,e-Shop,Home and kitchen,Children
39378563566,271985,8/11/2013,1,2,5,764,401.1,4221.1,MBR,Footwear,Women
71584878339,271906,8/11/2013,5,3,2,1355,284.55,2994.55,MBR,Electronics,Computers
83658074649,270137,8/11/2013,5,3,2,343,72.03,758.03,Flagship store,Electronics,Computers
71223823702,269709,8/11/2013,11,6,3,948,298.62,3142.62,Flagship store,Home and kitchen,Children
64002353199,267621,8/11/2013,12,5,2,938,196.98,2072.98,e-Shop,Books,Academic
85643218478,270241,8/11/2013,1,4,1,240,25.2,265.2,MBR,Bags,Women
96808366038,275020,8/11/2013,10,3,3,1015,319.725,3364.725,e-Shop,Electronics,Audio and video
98145296973,267808,8/11/2013,7,5,5,177,92.925,977.925,Flagship store,Books,Fiction
86922420728,272228,8/11/2013,2,6,2,749,157.29,1655.29,Flagship store,Home and kitchen,Furnishing
67909502068,274707,8/11/2013,3,5,2,1460,306.6,3226.6,e-Shop,Books,Kids
46726813626,271360,7/11/2013,5,3,4,1099,461.58,4857.58,e-Shop,Electronics,Computers
17997596296,269311,7/11/2013,9,3,1,185,19.425,204.425,Flagship store,Electronics,Cameras
15960998018,270151,7/11/2013,5,3,3,1144,360.36,3792.36,Flagship store,Electronics,Computers
9233177809,270372,7/11/2013,8,3,4,88,36.96,388.96,e-Shop,Electronics,Personal Appliances
53803685570,272547,7/11/2013,1,4,3,908,286.02,3010.02,TeleShop,Bags,Women
15982806455,272659,7/11/2013,3,5,3,654,206.01,2168.01,e-Shop,Books,Kids
10102529534,268097,7/11/2013,4,2,5,1113,584.325,6149.325,Flagship store,Footwear,Mens
14939210353,270330,7/11/2013,10,3,4,1472,618.24,6506.24,MBR,Electronics,Audio and video
11886738424,273026,7/11/2013,2,6,4,1080,453.6,4773.6,e-Shop,Home and kitchen,Furnishing
10218693483,270433,7/11/2013,3,2,2,1062,223.02,2347.02,Flagship store,Footwear,Kids
33958905402,269964,7/11/2013,3,1,5,249,130.725,1375.725,Flagship store,Clothing,Kids
56612353239,268352,7/11/2013,11,5,3,151,47.565,500.565,e-Shop,Books,Children
44560262913,272342,7/11/2013,2,6,2,485,101.85,1071.85,MBR,Home and kitchen,Furnishing
46735424380,272237,7/11/2013,1,1,2,654,137.34,1445.34,TeleShop,Clothing,Women
48987384652,272726,7/11/2013,6,5,1,496,52.08,548.08,e-Shop,Books,DIY
21257949475,270995,7/11/2013,4,2,1,942,98.91,1040.91,e-Shop,Footwear,Mens
19554330943,269890,7/11/2013,10,6,4,959,402.78,4238.78,e-Shop,Home and kitchen,Audio and video
60783451775,272186,7/11/2013,3,5,5,625,328.125,3453.125,MBR,Books,Kids
21053992704,266863,7/11/2013,8,3,4,304,127.68,1343.68,MBR,Electronics,Personal Appliances
40530644778,273058,7/11/2013,4,3,1,493,51.765,544.765,e-Shop,Electronics,Mens
28494678869,267549,7/11/2013,11,5,3,824,259.56,2731.56,e-Shop,Books,Children
66735268679,272222,7/11/2013,1,1,2,786,165.06,1737.06,TeleShop,Clothing,Women
98703100398,271893,7/11/2013,4,3,4,619,259.98,2735.98,e-Shop,Electronics,Mens
96568445448,273119,7/11/2013,3,2,3,1397,440.055,4631.055,TeleShop,Footwear,Kids
92777957905,271862,7/11/2013,4,3,-2,-1151,241.71,-2543.71,e-Shop,Electronics,Mens
67693125863,274767,7/11/2013,9,3,4,1480,621.6,6541.6,MBR,Electronics,Cameras
99402427249,272493,7/11/2013,12,6,1,637,66.885,703.885,e-Shop,Home and kitchen,Academic
71607851157,271399,7/11/2013,10,3,4,324,136.08,1432.08,TeleShop,Electronics,Audio and video
1821206312,271544,6/11/2013,10,5,4,589,247.38,2603.38,e-Shop,Books,Audio and video
52788922730,274019,6/11/2013,3,5,2,699,146.79,1544.79,TeleShop,Books,Kids
6694723594,269497,6/11/2013,6,5,-2,-772,162.12,-1706.12,e-Shop,Books,DIY
48498600921,274384,6/11/2013,5,3,-3,-579,182.385,-1919.385,TeleShop,Electronics,Computers
21350280144,273554,6/11/2013,3,5,4,1378,578.76,6090.76,e-Shop,Books,Kids
24700869618,268457,6/11/2013,3,2,4,807,338.94,3566.94,e-Shop,Footwear,Kids
44459946603,267783,6/11/2013,5,3,3,1108,349.02,3673.02,e-Shop,Electronics,Computers
42200161937,274838,6/11/2013,10,3,3,456,143.64,1511.64,MBR,Electronics,Audio and video
33558632627,272536,6/11/2013,12,6,1,521,54.705,575.705,e-Shop,Home and kitchen,Academic
37055404480,273213,6/11/2013,11,6,4,941,395.22,4159.22,Flagship store,Home and kitchen,Children
3317306788,270670,6/11/2013,10,3,5,1221,641.025,6746.025,e-Shop,Electronics,Audio and video
57584759668,272096,6/11/2013,4,3,1,637,66.885,703.885,e-Shop,Electronics,Mens
21546886708,274839,6/11/2013,9,3,1,1357,142.485,1499.485,Flagship store,Electronics,Cameras
24964195213,275142,6/11/2013,5,3,2,742,155.82,1639.82,e-Shop,Electronics,Computers
79988645417,268901,6/11/2013,12,6,3,575,181.125,1906.125,e-Shop,Home and kitchen,Academic
80422064589,266846,6/11/2013,4,3,5,1161,609.525,6414.525,e-Shop,Electronics,Mens
64646544031,267395,6/11/2013,3,2,3,330,103.95,1093.95,Flagship store,Footwear,Kids
67692542012,267085,6/11/2013,1,4,2,754,158.34,1666.34,TeleShop,Bags,Women
72689170347,274029,6/11/2013,10,6,4,925,388.5,4088.5,TeleShop,Home and kitchen,Audio and video
63395710262,273112,6/11/2013,3,1,5,584,306.6,3226.6,Flagship store,Clothing,Kids
98331540834,272881,6/11/2013,4,1,5,1155,606.375,6381.375,Flagship store,Clothing,Mens
64929273869,268017,6/11/2013,3,5,-4,-1465,615.3,-6475.3,Flagship store,Books,Kids
64338123551,271467,6/11/2013,3,5,5,334,175.35,1845.35,Flagship store,Books,Kids
77594596800,272861,6/11/2013,4,3,3,458,144.27,1518.27,MBR,Electronics,Mens
76895542255,274925,6/11/2013,11,6,4,393,165.06,1737.06,Flagship store,Home and kitchen,Children
21576850081,272985,5/11/2013,6,5,4,1276,535.92,5639.92,e-Shop,Books,DIY
58417621020,268568,5/11/2013,4,2,2,336,70.56,742.56,e-Shop,Footwear,Mens
6597120539,271181,5/11/2013,1,4,5,375,196.875,2071.875,e-Shop,Bags,Women
13340635755,268731,5/11/2013,9,3,2,703,147.63,1553.63,e-Shop,Electronics,Cameras
30605979795,272878,5/11/2013,4,2,2,1398,293.58,3089.58,MBR,Footwear,Mens
48292388389,269521,5/11/2013,6,5,2,1069,224.49,2362.49,e-Shop,Books,DIY
52040016502,268860,5/11/2013,10,6,3,299,94.185,991.185,MBR,Home and kitchen,Audio and video
24566668550,271383,5/11/2013,10,6,3,289,91.035,958.035,Flagship store,Home and kitchen,Audio and video
32811654639,269960,5/11/2013,9,3,4,979,411.18,4327.18,MBR,Electronics,Cameras
59689043154,274084,5/11/2013,1,1,5,685,359.625,3784.625,e-Shop,Clothing,Women
56507090706,275229,5/11/2013,6,5,1,1290,135.45,1425.45,e-Shop,Books,DIY
61921563645,268393,5/11/2013,3,1,4,235,98.7,1038.7,e-Shop,Clothing,Kids
34537447875,268827,5/11/2013,8,3,5,985,517.125,5442.125,MBR,Electronics,Personal Appliances
91615088840,275016,5/11/2013,4,4,-2,-1102,231.42,-2435.42,Flagship store,Bags,Mens
84896805073,268501,5/11/2013,4,2,-3,-1492,469.98,-4945.98,TeleShop,Footwear,Mens
45274112993,272771,4/11/2013,1,1,3,1177,370.755,3901.755,e-Shop,Clothing,Women
51870625084,274150,4/11/2013,8,3,1,877,92.085,969.085,e-Shop,Electronics,Personal Appliances
8978632177,267287,4/11/2013,10,6,4,811,340.62,3584.62,TeleShop,Home and kitchen,Audio and video
55499897374,267706,4/11/2013,10,5,1,75,7.875,82.875,Flagship store,Books,Audio and video
16280405241,274055,4/11/2013,11,5,3,157,49.455,520.455,TeleShop,Books,Children
42721486493,274589,4/11/2013,1,2,5,227,119.175,1254.175,e-Shop,Footwear,Women
20432556813,271051,4/11/2013,1,4,5,1200,630,6630,Flagship store,Bags,Women
26229360944,272142,4/11/2013,1,1,4,1468,616.56,6488.56,TeleShop,Clothing,Women
79419931034,268285,4/11/2013,4,3,1,886,93.03,979.03,Flagship store,Electronics,Mens
93654047723,274773,4/11/2013,1,2,2,730,153.3,1613.3,e-Shop,Footwear,Women
94202894247,272354,4/11/2013,1,2,1,166,17.43,183.43,TeleShop,Footwear,Women
92777957905,271862,4/11/2013,4,3,2,1151,241.71,2543.71,e-Shop,Electronics,Mens
97908416053,274624,4/11/2013,4,1,-5,-1276,669.9,-7049.9,TeleShop,Clothing,Mens
74317617379,274832,4/11/2013,12,5,4,725,304.5,3204.5,e-Shop,Books,Academic
96629037552,272948,4/11/2013,7,5,4,721,302.82,3186.82,MBR,Books,Fiction
91615088840,275016,4/11/2013,4,4,2,1102,231.42,2435.42,Flagship store,Bags,Mens
25601292314,268458,3/11/2013,12,6,2,1149,241.29,2539.29,TeleShop,Home and kitchen,Academic
1465175267,271344,3/11/2013,3,5,2,1077,226.17,2380.17,e-Shop,Books,Kids
4968790114,272305,3/11/2013,4,3,5,146,76.65,806.65,e-Shop,Electronics,Mens
50504166310,275057,3/11/2013,4,4,3,157,49.455,520.455,MBR,Bags,Mens
10877729712,270074,3/11/2013,10,5,3,1441,453.915,4776.915,e-Shop,Books,Audio and video
4269097915,269791,3/11/2013,8,3,4,266,111.72,1175.72,MBR,Electronics,Personal Appliances
1709296728,268973,3/11/2013,11,5,3,794,250.11,2632.11,Flagship store,Books,Children
24171117244,267048,3/11/2013,1,4,4,618,259.56,2731.56,Flagship store,Bags,Women
48498600921,274384,3/11/2013,5,3,3,579,182.385,1919.385,TeleShop,Electronics,Computers
23694750111,271104,3/11/2013,8,3,4,929,390.18,4106.18,e-Shop,Electronics,Personal Appliances
52578290396,269367,3/11/2013,10,6,2,1293,271.53,2857.53,TeleShop,Home and kitchen,Audio and video
43354014893,274524,3/11/2013,12,5,3,1498,471.87,4965.87,Flagship store,Books,Academic
22508967436,267542,3/11/2013,10,3,2,461,96.81,1018.81,Flagship store,Electronics,Audio and video
7437895415,270908,3/11/2013,7,5,5,746,391.65,4121.65,TeleShop,Books,Fiction
46900055648,269035,3/11/2013,11,5,2,454,95.34,1003.34,e-Shop,Books,Children
17705973048,267508,3/11/2013,1,2,3,1337,421.155,4432.155,e-Shop,Footwear,Women
77115177053,272589,3/11/2013,10,5,4,350,147,1547,e-Shop,Books,Audio and video
93800202387,266892,3/11/2013,10,5,3,570,179.55,1889.55,Flagship store,Books,Audio and video
87728555428,267490,3/11/2013,4,3,4,249,104.58,1100.58,MBR,Electronics,Mens
71551968767,272590,3/11/2013,8,3,5,849,445.725,4690.725,e-Shop,Electronics,Personal Appliances
92643283378,266824,3/11/2013,10,3,3,380,119.7,1259.7,MBR,Electronics,Audio and video
84896805073,268501,3/11/2013,4,2,-3,-1492,469.98,-4945.98,TeleShop,Footwear,Mens
62473269807,267806,2/11/2013,1,2,4,731,307.02,3231.02,TeleShop,Footwear,Women
2029148714,269596,2/11/2013,4,4,1,600,63,663,TeleShop,Bags,Mens
48035836973,269600,2/11/2013,12,5,3,492,154.98,1630.98,e-Shop,Books,Academic
37058239476,273697,2/11/2013,10,6,-5,-179,93.975,-988.975,e-Shop,Home and kitchen,Audio and video
5091223572,274052,2/11/2013,7,5,4,1226,514.92,5418.92,e-Shop,Books,Fiction
6921247739,268645,2/11/2013,4,4,5,1312,688.8,7248.8,TeleShop,Bags,Mens
40065064237,272031,2/11/2013,9,3,1,455,47.775,502.775,e-Shop,Electronics,Cameras
59608492020,274293,2/11/2013,10,6,1,564,59.22,623.22,TeleShop,Home and kitchen,Audio and video
58721964316,273976,2/11/2013,3,2,1,1388,145.74,1533.74,Flagship store,Footwear,Kids
54045434352,268567,2/11/2013,2,6,3,777,244.755,2575.755,e-Shop,Home and kitchen,Furnishing
21208539196,273968,2/11/2013,3,1,3,219,68.985,725.985,e-Shop,Clothing,Kids
59290173625,267032,2/11/2013,3,5,5,856,449.4,4729.4,TeleShop,Books,Kids
10946288575,268051,2/11/2013,11,5,4,1122,471.24,4959.24,e-Shop,Books,Children
68287994062,274278,2/11/2013,10,6,1,684,71.82,755.82,MBR,Home and kitchen,Audio and video
73380284002,267734,2/11/2013,7,5,2,1491,313.11,3295.11,e-Shop,Books,Fiction
97421903478,269830,2/11/2013,1,4,1,804,84.42,888.42,Flagship store,Bags,Women
77839461481,268403,2/11/2013,5,3,5,705,370.125,3895.125,MBR,Electronics,Computers
23487957167,272343,1/11/2013,3,2,1,396,41.58,437.58,e-Shop,Footwear,Kids
37520493338,266820,1/11/2013,4,1,4,480,201.6,2121.6,e-Shop,Clothing,Mens
46346472050,274077,1/11/2013,9,3,5,1296,680.4,7160.4,MBR,Electronics,Cameras
47546056115,267016,1/11/2013,12,5,1,266,27.93,293.93,e-Shop,Books,Academic
26487990614,273799,1/11/2013,9,3,2,730,153.3,1613.3,TeleShop,Electronics,Cameras
62721658979,273922,1/11/2013,3,5,1,173,18.165,191.165,MBR,Books,Kids
51168344897,270404,1/11/2013,4,4,3,1166,367.29,3865.29,e-Shop,Bags,Mens
9657818206,271613,1/11/2013,11,5,-5,-948,497.7,-5237.7,MBR,Books,Children
38120720917,271101,1/11/2013,12,6,-2,-77,16.17,-170.17,MBR,Home and kitchen,Academic
11544150945,273017,1/11/2013,1,4,-3,-878,276.57,-2910.57,MBR,Bags,Women
55148052870,268502,1/11/2013,3,2,4,556,233.52,2457.52,e-Shop,Footwear,Kids
65770104257,269307,1/11/2013,1,4,-3,-1205,379.575,-3994.575,Flagship store,Bags,Women
55622759868,267322,31-10-2013,12,6,5,381,200.025,2105.025,e-Shop,Home and kitchen,Academic
6694723594,269497,31-10-2013,6,5,2,772,162.12,1706.12,e-Shop,Books,DIY
11990434574,270687,31-10-2013,1,1,5,962,505.05,5315.05,MBR,Clothing,Women
31100743771,270365,31-10-2013,4,2,4,1376,577.92,6081.92,TeleShop,Footwear,Mens
30695094054,272652,31-10-2013,4,1,5,1096,575.4,6055.4,e-Shop,Clothing,Mens
62003820160,268169,31-10-2013,11,5,3,1419,446.985,4703.985,TeleShop,Books,Children
4859972273,274583,31-10-2013,2,6,4,701,294.42,3098.42,Flagship store,Home and kitchen,Furnishing
37385184826,266857,31-10-2013,8,3,4,506,212.52,2236.52,e-Shop,Electronics,Personal Appliances
59814071037,267642,31-10-2013,2,6,3,884,278.46,2930.46,MBR,Home and kitchen,Furnishing
38120720917,271101,31-10-2013,12,6,2,77,16.17,170.17,MBR,Home and kitchen,Academic
50964870268,269316,31-10-2013,4,4,3,618,194.67,2048.67,MBR,Bags,Mens
34146274681,269998,31-10-2013,10,3,2,896,188.16,1980.16,Flagship store,Electronics,Audio and video
15952242999,273149,31-10-2013,10,6,2,544,114.24,1202.24,e-Shop,Home and kitchen,Audio and video
58712648311,269958,31-10-2013,4,1,5,730,383.25,4033.25,e-Shop,Clothing,Mens
89824445917,271085,31-10-2013,10,5,3,1298,408.87,4302.87,e-Shop,Books,Audio and video
68266853498,271232,31-10-2013,8,3,3,287,90.405,951.405,TeleShop,Electronics,Personal Appliances
80136271183,274778,31-10-2013,5,3,5,1432,751.8,7911.8,Flagship store,Electronics,Computers
94439534053,269691,31-10-2013,3,1,4,1387,582.54,6130.54,e-Shop,Clothing,Kids
99100122994,273304,31-10-2013,9,3,2,1462,307.02,3231.02,TeleShop,Electronics,Cameras
98378483674,272806,31-10-2013,12,5,4,1050,441,4641,e-Shop,Books,Academic
70415664505,269980,31-10-2013,7,5,5,1460,766.5,8066.5,e-Shop,Books,Fiction
73556600449,270705,31-10-2013,4,1,1,721,75.705,796.705,MBR,Clothing,Mens
75614037148,270119,31-10-2013,1,4,2,760,159.6,1679.6,e-Shop,Bags,Women
25389170208,269055,30-10-2013,12,5,4,491,206.22,2170.22,e-Shop,Books,Academic
12507576383,269639,30-10-2013,4,4,-3,-387,121.905,-1282.905,e-Shop,Bags,Mens
49131633625,266846,30-10-2013,12,5,4,902,378.84,3986.84,TeleShop,Books,Academic
25072355470,269659,30-10-2013,8,3,1,978,102.69,1080.69,e-Shop,Electronics,Personal Appliances
11263177292,273931,30-10-2013,3,2,-5,-1204,632.1,-6652.1,Flagship store,Footwear,Kids
28167589620,267237,30-10-2013,12,5,1,905,95.025,1000.025,Flagship store,Books,Academic
12865668180,274323,30-10-2013,1,4,4,459,192.78,2028.78,e-Shop,Bags,Women
27578319125,270263,30-10-2013,4,3,5,1056,554.4,5834.4,e-Shop,Electronics,Mens
36124884774,274955,30-10-2013,10,3,-3,-776,244.44,-2572.44,MBR,Electronics,Audio and video
39844267399,269091,30-10-2013,3,1,4,1117,469.14,4937.14,Flagship store,Clothing,Kids
30114716095,274805,30-10-2013,8,3,2,870,182.7,1922.7,Flagship store,Electronics,Personal Appliances
41473870808,269392,30-10-2013,11,6,5,88,46.2,486.2,TeleShop,Home and kitchen,Children
97908416053,274624,30-10-2013,4,1,5,1276,669.9,7049.9,TeleShop,Clothing,Mens
91702219549,272889,30-10-2013,3,1,3,261,82.215,865.215,e-Shop,Clothing,Kids
72646776684,274663,30-10-2013,12,5,5,1200,630,6630,Flagship store,Books,Academic
73699503055,273347,30-10-2013,9,3,-3,-234,73.71,-775.71,e-Shop,Electronics,Cameras
70817676551,273364,30-10-2013,1,1,5,652,342.3,3602.3,e-Shop,Clothing,Women
64264551970,270419,30-10-2013,11,5,4,730,306.6,3226.6,MBR,Books,Children
44214318825,275090,29-10-2013,12,6,2,1170,245.7,2585.7,e-Shop,Home and kitchen,Academic
24304923911,270811,29-10-2013,1,2,-1,-214,22.47,-236.47,Flagship store,Footwear,Women
2660281057,271935,29-10-2013,11,6,5,1117,586.425,6171.425,MBR,Home and kitchen,Children
42222964251,267361,29-10-2013,7,5,2,1187,249.27,2623.27,e-Shop,Books,Fiction
38087976007,267718,29-10-2013,3,1,5,510,267.75,2817.75,MBR,Clothing,Kids
30919402330,269555,29-10-2013,3,1,2,1409,295.89,3113.89,e-Shop,Clothing,Kids
15893932575,271041,29-10-2013,4,3,5,787,413.175,4348.175,e-Shop,Electronics,Mens
47663810763,271418,29-10-2013,12,6,3,1197,377.055,3968.055,TeleShop,Home and kitchen,Academic
53605325105,269997,29-10-2013,9,3,2,228,47.88,503.88,e-Shop,Electronics,Cameras
8594214662,269417,29-10-2013,11,6,2,840,176.4,1856.4,MBR,Home and kitchen,Children
33896174668,273184,29-10-2013,12,5,3,760,239.4,2519.4,e-Shop,Books,Academic
2124829199,266906,29-10-2013,6,5,5,465,244.125,2569.125,e-Shop,Books,DIY
90077942189,273360,29-10-2013,1,1,5,233,122.325,1287.325,e-Shop,Clothing,Women
94846961509,270833,29-10-2013,3,2,1,1090,114.45,1204.45,Flagship store,Footwear,Kids
80816846770,272088,29-10-2013,1,1,1,832,87.36,919.36,e-Shop,Clothing,Women
74403296314,269061,29-10-2013,12,6,2,1199,251.79,2649.79,e-Shop,Home and kitchen,Academic
91924710933,268943,29-10-2013,9,3,1,794,83.37,877.37,TeleShop,Electronics,Cameras
65061121297,271371,29-10-2013,12,6,2,698,146.58,1542.58,TeleShop,Home and kitchen,Academic
84634997764,272207,29-10-2013,2,6,3,460,144.9,1524.9,e-Shop,Home and kitchen,Furnishing
96891575720,274700,29-10-2013,3,5,4,260,109.2,1149.2,TeleShop,Books,Kids
30851559832,271738,28-10-2013,1,4,4,263,110.46,1162.46,Flagship store,Bags,Women
9657818206,271613,28-10-2013,11,5,5,948,497.7,5237.7,MBR,Books,Children
39109858987,270460,28-10-2013,4,2,1,452,47.46,499.46,Flagship store,Footwear,Mens
27162131360,274456,28-10-2013,10,6,2,1287,270.27,2844.27,e-Shop,Home and kitchen,Audio and video
31058355097,272252,28-10-2013,9,3,-3,-479,150.885,-1587.885,TeleShop,Electronics,Cameras
57814346542,272168,28-10-2013,11,5,-1,-111,11.655,-122.655,Flagship store,Books,Children
26040818568,270751,28-10-2013,10,6,4,1314,551.88,5807.88,e-Shop,Home and kitchen,Audio and video
24157654753,267016,28-10-2013,4,2,3,791,249.165,2622.165,TeleShop,Footwear,Mens
44113022843,270375,28-10-2013,1,4,-1,-1376,144.48,-1520.48,TeleShop,Bags,Women
43834875617,274008,28-10-2013,3,1,4,1253,526.26,5538.26,TeleShop,Clothing,Kids
13212342325,270257,28-10-2013,9,3,5,1352,709.8,7469.8,TeleShop,Electronics,Cameras
97926338899,269155,28-10-2013,4,2,3,1046,329.49,3467.49,MBR,Footwear,Mens
65770104257,269307,28-10-2013,1,4,3,1205,379.575,3994.575,Flagship store,Bags,Women
64929273869,268017,28-10-2013,3,5,4,1465,615.3,6475.3,Flagship store,Books,Kids
71126004153,271256,28-10-2013,10,6,2,697,146.37,1540.37,e-Shop,Home and kitchen,Audio and video
73205322342,274322,28-10-2013,10,6,1,474,49.77,523.77,TeleShop,Home and kitchen,Audio and video
84896805073,268501,28-10-2013,4,2,3,1492,469.98,4945.98,TeleShop,Footwear,Mens
74481954778,274411,28-10-2013,3,2,-1,-1295,135.975,-1430.975,e-Shop,Footwear,Kids
90260462481,266966,28-10-2013,3,2,-1,-310,32.55,-342.55,MBR,Footwear,Kids
27357545025,273615,27-10-2013,9,3,3,332,104.58,1100.58,e-Shop,Electronics,Cameras
27003564783,270131,27-10-2013,4,1,4,1158,486.36,5118.36,e-Shop,Clothing,Mens
26758949279,269463,27-10-2013,6,5,3,735,231.525,2436.525,TeleShop,Books,DIY
41643068496,268589,27-10-2013,4,1,4,598,251.16,2643.16,e-Shop,Clothing,Mens
33260896048,267621,27-10-2013,4,2,3,1474,464.31,4886.31,Flagship store,Footwear,Mens
46192080777,270458,27-10-2013,3,1,4,415,174.3,1834.3,Flagship store,Clothing,Kids
15426772972,269716,27-10-2013,2,6,1,499,52.395,551.395,TeleShop,Home and kitchen,Furnishing
32323336940,274059,27-10-2013,12,6,2,364,76.44,804.44,e-Shop,Home and kitchen,Academic
22891434233,274772,27-10-2013,1,1,3,202,63.63,669.63,MBR,Clothing,Women
44113022843,270375,27-10-2013,1,4,1,1376,144.48,1520.48,TeleShop,Bags,Women
60256954225,268628,27-10-2013,4,1,3,467,147.105,1548.105,Flagship store,Clothing,Mens
32616134209,268536,27-10-2013,3,2,5,287,150.675,1585.675,e-Shop,Footwear,Kids
43646716511,267651,27-10-2013,10,5,2,1301,273.21,2875.21,e-Shop,Books,Audio and video
7093222428,270643,27-10-2013,11,5,4,1180,495.6,5215.6,e-Shop,Books,Children
29613986037,268515,27-10-2013,3,1,3,881,277.515,2920.515,Flagship store,Clothing,Kids
62379817504,267308,27-10-2013,3,1,1,1474,154.77,1628.77,MBR,Clothing,Kids
27552065888,269830,27-10-2013,9,3,3,391,123.165,1296.165,e-Shop,Electronics,Cameras
85543457949,274274,27-10-2013,4,4,2,115,24.15,254.15,TeleShop,Bags,Mens
80505059304,267377,27-10-2013,1,2,1,370,38.85,408.85,MBR,Footwear,Women
75398347016,269577,27-10-2013,2,6,3,1457,458.955,4829.955,MBR,Home and kitchen,Furnishing
77693944178,272258,27-10-2013,4,2,1,1113,116.865,1229.865,MBR,Footwear,Mens
98991363021,272833,27-10-2013,4,4,4,682,286.44,3014.44,MBR,Bags,Mens
74367530196,270632,27-10-2013,10,6,3,1460,459.9,4839.9,Flagship store,Home and kitchen,Audio and video
77798586737,274490,27-10-2013,4,4,3,429,135.135,1422.135,MBR,Bags,Mens
73439604128,270894,27-10-2013,10,5,2,1086,228.06,2400.06,MBR,Books,Audio and video
98240278788,268203,27-10-2013,1,1,3,182,57.33,603.33,TeleShop,Clothing,Women
95824002432,273599,27-10-2013,6,5,2,124,26.04,274.04,TeleShop,Books,DIY
87384005745,275244,27-10-2013,1,1,5,266,139.65,1469.65,TeleShop,Clothing,Women
67132025532,274326,27-10-2013,4,2,4,695,291.9,3071.9,e-Shop,Footwear,Mens
271077902,273453,26-10-2013,4,4,2,1380,289.8,3049.8,e-Shop,Bags,Mens
31138689278,269849,26-10-2013,5,3,3,911,286.965,3019.965,e-Shop,Electronics,Computers
25000591297,268024,26-10-2013,12,6,2,460,96.6,1016.6,TeleShop,Home and kitchen,Academic
8298562485,274433,26-10-2013,11,5,4,875,367.5,3867.5,Flagship store,Books,Children
34939941439,273804,26-10-2013,1,4,2,1348,283.08,2979.08,Flagship store,Bags,Women
59063473200,272857,26-10-2013,11,5,4,1441,605.22,6369.22,e-Shop,Books,Children
37058239476,273697,26-10-2013,10,6,5,179,93.975,988.975,e-Shop,Home and kitchen,Audio and video
44207744011,275230,26-10-2013,9,3,1,968,101.64,1069.64,e-Shop,Electronics,Cameras
41953190041,269233,26-10-2013,10,3,2,353,74.13,780.13,MBR,Electronics,Audio and video
7181759414,272440,26-10-2013,8,3,5,593,311.325,3276.325,Flagship store,Electronics,Personal Appliances
38422221060,267135,26-10-2013,1,4,2,251,52.71,554.71,Flagship store,Bags,Women
29732818453,271568,26-10-2013,6,5,5,944,495.6,5215.6,e-Shop,Books,DIY
44259143666,274806,26-10-2013,3,2,2,1266,265.86,2797.86,TeleShop,Footwear,Kids
90260462481,266966,26-10-2013,3,2,1,310,32.55,342.55,MBR,Footwear,Kids
73192792600,270396,26-10-2013,7,5,3,495,155.925,1640.925,MBR,Books,Fiction
86496510628,272428,26-10-2013,10,5,4,1188,498.96,5250.96,e-Shop,Books,Audio and video
74346774200,275175,26-10-2013,1,4,-3,-881,277.515,-2920.515,MBR,Bags,Women
82107310153,269987,26-10-2013,11,5,2,318,66.78,702.78,e-Shop,Books,Children
86300045172,273803,26-10-2013,7,5,3,1212,381.78,4017.78,MBR,Books,Fiction
88207500627,269906,26-10-2013,11,5,3,247,77.805,818.805,Flagship store,Books,Children
92734514344,270384,26-10-2013,1,4,2,1362,286.02,3010.02,TeleShop,Bags,Women
48567196102,272404,25-10-2013,8,3,5,861,452.025,4757.025,e-Shop,Electronics,Personal Appliances
21165026282,267332,25-10-2013,2,6,1,1060,111.3,1171.3,e-Shop,Home and kitchen,Furnishing
18508943383,274016,25-10-2013,4,1,1,825,86.625,911.625,MBR,Clothing,Mens
55825431958,266935,25-10-2013,3,1,1,1473,154.665,1627.665,Flagship store,Clothing,Kids
50558886025,270503,25-10-2013,7,5,5,165,86.625,911.625,MBR,Books,Fiction
59604455812,274462,25-10-2013,9,3,4,1009,423.78,4459.78,e-Shop,Electronics,Cameras
34012202612,271122,25-10-2013,3,5,1,687,72.135,759.135,e-Shop,Books,Kids
31678974241,267291,25-10-2013,10,6,1,1289,135.345,1424.345,e-Shop,Home and kitchen,Audio and video
1311422554,273740,25-10-2013,1,1,4,353,148.26,1560.26,e-Shop,Clothing,Women
57814346542,272168,25-10-2013,11,5,1,111,11.655,122.655,Flagship store,Books,Children
16038761049,268354,25-10-2013,11,6,3,857,269.955,2840.955,TeleShop,Home and kitchen,Children
10861359,272671,25-10-2013,4,4,2,103,21.63,227.63,Flagship store,Bags,Mens
60462668531,267282,25-10-2013,11,6,5,177,92.925,977.925,Flagship store,Home and kitchen,Children
23699312920,272400,25-10-2013,5,3,2,1484,311.64,3279.64,MBR,Electronics,Computers
29888028015,267338,25-10-2013,11,6,3,232,73.08,769.08,e-Shop,Home and kitchen,Children
41146423905,268946,25-10-2013,5,3,5,1237,649.425,6834.425,MBR,Electronics,Computers
4332183378,267718,25-10-2013,6,5,3,942,296.73,3122.73,MBR,Books,DIY
92649448229,273213,25-10-2013,5,3,3,84,26.46,278.46,MBR,Electronics,Computers
98918581621,272858,25-10-2013,12,5,5,1304,684.6,7204.6,e-Shop,Books,Academic
94802461469,267971,25-10-2013,1,2,4,563,236.46,2488.46,e-Shop,Footwear,Women
91266052799,269466,25-10-2013,4,3,2,370,77.7,817.7,MBR,Electronics,Mens
83016079916,273645,25-10-2013,10,3,4,402,168.84,1776.84,TeleShop,Electronics,Audio and video
74346774200,275175,25-10-2013,1,4,3,881,277.515,2920.515,MBR,Bags,Women
78547650287,273906,25-10-2013,3,1,1,475,49.875,524.875,e-Shop,Clothing,Kids
31058355097,272252,24-10-2013,9,3,-3,-479,150.885,-1587.885,TeleShop,Electronics,Cameras
38997818229,273717,24-10-2013,2,6,4,1208,507.36,5339.36,e-Shop,Home and kitchen,Furnishing
35794333499,274896,24-10-2013,3,1,1,1167,122.535,1289.535,MBR,Clothing,Kids
55407737245,272463,24-10-2013,12,5,5,856,449.4,4729.4,e-Shop,Books,Academic
33104888370,268098,24-10-2013,3,2,-4,-294,123.48,-1299.48,e-Shop,Footwear,Kids
63064865162,271224,24-10-2013,10,3,5,130,68.25,718.25,Flagship store,Electronics,Audio and video
58359585013,270741,24-10-2013,4,4,2,963,202.23,2128.23,TeleShop,Bags,Mens
58012438692,268575,24-10-2013,7,5,5,854,448.35,4718.35,Flagship store,Books,Fiction
33886188672,268145,24-10-2013,1,1,5,112,58.8,618.8,e-Shop,Clothing,Women
12221937609,274073,24-10-2013,2,6,2,236,49.56,521.56,Flagship store,Home and kitchen,Furnishing
19845905776,272738,24-10-2013,12,5,3,1478,465.57,4899.57,e-Shop,Books,Academic
6416705253,269501,24-10-2013,12,5,3,1034,325.71,3427.71,Flagship store,Books,Academic
19683795063,273575,24-10-2013,1,1,1,132,13.86,145.86,e-Shop,Clothing,Women
11544150945,273017,24-10-2013,1,4,3,878,276.57,2910.57,MBR,Bags,Women
48829220523,273258,24-10-2013,1,1,-4,-296,124.32,-1308.32,MBR,Clothing,Women
1517580412,274778,24-10-2013,4,1,3,101,31.815,334.815,TeleShop,Clothing,Mens
65801275039,269926,24-10-2013,12,5,3,1207,380.205,4001.205,TeleShop,Books,Academic
84520380158,268706,24-10-2013,1,1,2,1414,296.94,3124.94,e-Shop,Clothing,Women
79487944303,271589,24-10-2013,1,4,5,1185,622.125,6547.125,e-Shop,Bags,Women
79964819869,269352,24-10-2013,6,5,2,324,68.04,716.04,TeleShop,Books,DIY
72521420434,268953,24-10-2013,12,6,1,431,45.255,476.255,e-Shop,Home and kitchen,Academic
82560586789,269623,24-10-2013,1,2,5,592,310.8,3270.8,MBR,Footwear,Women
85001381555,267126,24-10-2013,12,6,1,1334,140.07,1474.07,Flagship store,Home and kitchen,Academic
63794395544,273328,24-10-2013,10,5,1,484,50.82,534.82,MBR,Books,Audio and video
73554855073,268221,24-10-2013,3,5,3,1161,365.715,3848.715,e-Shop,Books,Kids
70841937494,273546,24-10-2013,3,2,3,854,269.01,2831.01,MBR,Footwear,Kids
65914834397,269860,24-10-2013,10,5,1,286,30.03,316.03,e-Shop,Books,Audio and video
9593539317,267320,23-10-2013,3,1,1,1363,143.115,1506.115,TeleShop,Clothing,Kids
61444979277,273519,23-10-2013,4,1,3,220,69.3,729.3,e-Shop,Clothing,Mens
29919046071,270803,23-10-2013,1,1,3,102,32.13,338.13,e-Shop,Clothing,Women
23326932265,271298,23-10-2013,4,1,3,1278,402.57,4236.57,Flagship store,Clothing,Mens
7073978335,273784,23-10-2013,8,3,5,959,503.475,5298.475,TeleShop,Electronics,Personal Appliances
43411292958,273807,23-10-2013,1,4,5,1204,632.1,6652.1,TeleShop,Bags,Women
22174583855,274533,23-10-2013,3,2,4,571,239.82,2523.82,MBR,Footwear,Kids
34012427830,271222,23-10-2013,1,4,4,465,195.3,2055.3,e-Shop,Bags,Women
50765555776,274929,23-10-2013,6,5,3,913,287.595,3026.595,TeleShop,Books,DIY
32869646943,269916,23-10-2013,11,5,2,402,84.42,888.42,TeleShop,Books,Children
46819805157,273862,23-10-2013,6,5,-1,-1210,127.05,-1337.05,MBR,Books,DIY
19607279778,267203,23-10-2013,9,3,4,104,43.68,459.68,e-Shop,Electronics,Cameras
8697004076,271424,23-10-2013,10,5,3,1093,344.295,3623.295,Flagship store,Books,Audio and video
1262038605,267680,23-10-2013,5,3,-2,-1179,247.59,-2605.59,e-Shop,Electronics,Computers
50164322367,267700,23-10-2013,10,3,5,173,90.825,955.825,Flagship store,Electronics,Audio and video
58754542882,273569,23-10-2013,12,6,4,703,295.26,3107.26,MBR,Home and kitchen,Academic
53354263776,268063,23-10-2013,8,3,-5,-404,212.1,-2232.1,TeleShop,Electronics,Personal Appliances
84614804366,267634,23-10-2013,3,5,4,1389,583.38,6139.38,e-Shop,Books,Kids
81092435186,267511,23-10-2013,3,5,5,994,521.85,5491.85,e-Shop,Books,Kids
72504986680,270550,23-10-2013,3,2,-3,-1350,425.25,-4475.25,Flagship store,Footwear,Kids
80570049430,272528,23-10-2013,8,3,2,1070,224.7,2364.7,TeleShop,Electronics,Personal Appliances
79918882549,269160,23-10-2013,3,5,4,1463,614.46,6466.46,e-Shop,Books,Kids
89369225162,271049,23-10-2013,12,6,5,370,194.25,2044.25,TeleShop,Home and kitchen,Academic
71759835776,274755,23-10-2013,10,5,5,979,513.975,5408.975,e-Shop,Books,Audio and video
2786744954,269586,22-10-2013,2,6,5,317,166.425,1751.425,TeleShop,Home and kitchen,Furnishing
21596413406,267842,22-10-2013,8,3,5,875,459.375,4834.375,e-Shop,Electronics,Personal Appliances
37854798838,271858,22-10-2013,8,3,3,267,84.105,885.105,Flagship store,Electronics,Personal Appliances
27695383914,274970,22-10-2013,4,3,-1,-149,15.645,-164.645,TeleShop,Electronics,Mens
7327093145,270313,22-10-2013,11,6,5,998,523.95,5513.95,MBR,Home and kitchen,Children
36014488328,267801,22-10-2013,4,1,4,976,409.92,4313.92,e-Shop,Clothing,Mens
25060278928,267876,22-10-2013,8,3,2,447,93.87,987.87,e-Shop,Electronics,Personal Appliances
20036258953,273071,22-10-2013,6,5,2,1393,292.53,3078.53,Flagship store,Books,DIY
9044824427,267316,22-10-2013,1,1,-4,-1386,582.12,-6126.12,MBR,Clothing,Women
36124884774,274955,22-10-2013,10,3,3,776,244.44,2572.44,MBR,Electronics,Audio and video
22728033909,271540,22-10-2013,12,5,1,849,89.145,938.145,e-Shop,Books,Academic
48829220523,273258,22-10-2013,1,1,4,296,124.32,1308.32,MBR,Clothing,Women
74843917010,269407,22-10-2013,10,5,2,568,119.28,1255.28,TeleShop,Books,Audio and video
86917571508,272006,22-10-2013,1,4,3,1077,339.255,3570.255,Flagship store,Bags,Women
97165850624,269438,22-10-2013,1,2,2,672,141.12,1485.12,TeleShop,Footwear,Women
80665730869,268100,22-10-2013,3,5,1,518,54.39,572.39,e-Shop,Books,Kids
65116664552,266940,22-10-2013,1,1,1,852,89.46,941.46,e-Shop,Clothing,Women
89550242346,269274,22-10-2013,1,4,3,1290,406.35,4276.35,e-Shop,Bags,Women
69493680766,268293,22-10-2013,12,6,5,782,410.55,4320.55,TeleShop,Home and kitchen,Academic
80285037011,267977,22-10-2013,2,6,4,652,273.84,2881.84,e-Shop,Home and kitchen,Furnishing
72373792392,267666,22-10-2013,11,6,2,612,128.52,1352.52,e-Shop,Home and kitchen,Children
73699503055,273347,22-10-2013,9,3,3,234,73.71,775.71,e-Shop,Electronics,Cameras
35326899671,267152,21-10-2013,3,5,4,1145,480.9,5060.9,MBR,Books,Kids
3987340024,268391,21-10-2013,8,3,2,364,76.44,804.44,e-Shop,Electronics,Personal Appliances
51952335404,274376,21-10-2013,2,6,4,730,306.6,3226.6,e-Shop,Home and kitchen,Furnishing
12507576383,269639,21-10-2013,4,4,3,387,121.905,1282.905,e-Shop,Bags,Mens
19998679217,273198,21-10-2013,4,3,4,1109,465.78,4901.78,Flagship store,Electronics,Mens
43000284218,271810,21-10-2013,1,2,4,537,225.54,2373.54,e-Shop,Footwear,Women
42584015540,271397,21-10-2013,4,3,1,681,71.505,752.505,TeleShop,Electronics,Mens
53587412518,272441,21-10-2013,3,2,1,449,47.145,496.145,e-Shop,Footwear,Kids
33104888370,268098,21-10-2013,3,2,4,294,123.48,1299.48,e-Shop,Footwear,Kids
9788290574,274117,21-10-2013,10,6,2,184,38.64,406.64,TeleShop,Home and kitchen,Audio and video
41914991024,269388,21-10-2013,10,6,4,912,383.04,4031.04,e-Shop,Home and kitchen,Audio and video
11263177292,273931,21-10-2013,3,2,5,1204,632.1,6652.1,Flagship store,Footwear,Kids
40874151450,274380,21-10-2013,4,2,2,1132,237.72,2501.72,MBR,Footwear,Mens
46819805157,273862,21-10-2013,6,5,1,1210,127.05,1337.05,MBR,Books,DIY
57929560009,268377,21-10-2013,8,3,5,820,430.5,4530.5,TeleShop,Electronics,Personal Appliances
6825836521,268533,21-10-2013,6,5,-3,-1340,422.1,-4442.1,Flagship store,Books,DIY
58785834351,270608,21-10-2013,1,4,4,1161,487.62,5131.62,Flagship store,Bags,Women
86870982001,267216,21-10-2013,9,3,2,558,117.18,1233.18,Flagship store,Electronics,Cameras
65896930752,271844,21-10-2013,12,5,5,299,156.975,1651.975,e-Shop,Books,Academic
79814074595,270817,21-10-2013,12,5,5,119,62.475,657.475,Flagship store,Books,Academic
77693135702,274270,21-10-2013,4,4,5,369,193.725,2038.725,e-Shop,Bags,Mens
64944828961,274265,21-10-2013,4,2,1,467,49.035,516.035,Flagship store,Footwear,Mens
79000930678,269966,21-10-2013,4,4,1,1456,152.88,1608.88,TeleShop,Bags,Mens
81546836655,267792,21-10-2013,5,3,5,1456,764.4,8044.4,e-Shop,Electronics,Computers
96152624808,267999,21-10-2013,10,6,2,106,22.26,234.26,TeleShop,Home and kitchen,Audio and video
83158264542,271311,21-10-2013,11,5,2,618,129.78,1365.78,MBR,Books,Children
99268713598,268148,21-10-2013,4,3,-2,-631,132.51,-1394.51,TeleShop,Electronics,Mens
36488065209,269772,20-10-2013,10,3,3,382,120.33,1266.33,TeleShop,Electronics,Audio and video
38701282123,273554,20-10-2013,4,2,3,570,179.55,1889.55,TeleShop,Footwear,Mens
3977243830,270086,20-10-2013,3,2,1,300,31.5,331.5,e-Shop,Footwear,Kids
45003945680,273290,20-10-2013,10,5,4,670,281.4,2961.4,MBR,Books,Audio and video
40768581598,267230,20-10-2013,6,5,5,440,231,2431,TeleShop,Books,DIY
5027216087,271249,20-10-2013,3,1,1,1204,126.42,1330.42,Flagship store,Clothing,Kids
45582187513,272442,20-10-2013,6,5,4,769,322.98,3398.98,e-Shop,Books,DIY
24304923911,270811,20-10-2013,1,2,1,214,22.47,236.47,Flagship store,Footwear,Women
37967650017,274766,20-10-2013,1,2,4,106,44.52,468.52,Flagship store,Footwear,Women
23273855343,269451,20-10-2013,11,5,3,1446,455.49,4793.49,e-Shop,Books,Children
18580784925,268697,20-10-2013,3,1,-1,-1253,131.565,-1384.565,e-Shop,Clothing,Kids
30839054350,267952,20-10-2013,4,4,2,321,67.41,709.41,MBR,Bags,Mens
36567729413,270861,20-10-2013,3,5,3,1296,408.24,4296.24,Flagship store,Books,Kids
74481954778,274411,20-10-2013,3,2,1,1295,135.975,1430.975,e-Shop,Footwear,Kids
70882570377,275073,20-10-2013,1,2,2,990,207.9,2187.9,Flagship store,Footwear,Women
88967687979,270093,20-10-2013,11,6,3,1026,323.19,3401.19,e-Shop,Home and kitchen,Children
99268713598,268148,20-10-2013,4,3,-2,-631,132.51,-1394.51,TeleShop,Electronics,Mens
63891606966,270658,20-10-2013,2,6,-1,-292,30.66,-322.66,e-Shop,Home and kitchen,Furnishing
88879632755,271916,20-10-2013,1,2,-2,-415,87.15,-917.15,TeleShop,Footwear,Women
90918281908,272111,20-10-2013,6,5,2,1472,309.12,3253.12,MBR,Books,DIY
81710655214,272019,20-10-2013,4,1,1,1264,132.72,1396.72,TeleShop,Clothing,Mens
75132672066,269219,20-10-2013,4,2,2,989,207.69,2185.69,MBR,Footwear,Mens
22792972773,272485,19-10-2013,7,5,2,145,30.45,320.45,MBR,Books,Fiction
38485923021,267442,19-10-2013,11,6,1,711,74.655,785.655,MBR,Home and kitchen,Children
61594503674,267256,19-10-2013,11,5,3,1404,442.26,4654.26,e-Shop,Books,Children
11350682258,268106,19-10-2013,1,1,2,1056,221.76,2333.76,TeleShop,Clothing,Women
9072863124,272337,19-10-2013,6,5,3,852,268.38,2824.38,MBR,Books,DIY
20284627787,272336,19-10-2013,10,3,5,832,436.8,4596.8,Flagship store,Electronics,Audio and video
17237393450,266910,19-10-2013,12,5,2,858,180.18,1896.18,Flagship store,Books,Academic
59977337176,270831,19-10-2013,2,6,5,1068,560.7,5900.7,e-Shop,Home and kitchen,Furnishing
21082427551,269285,19-10-2013,5,3,4,513,215.46,2267.46,Flagship store,Electronics,Computers
10449943038,270095,19-10-2013,1,4,2,526,110.46,1162.46,MBR,Bags,Women
60164437362,270908,19-10-2013,8,3,-4,-231,97.02,-1021.02,e-Shop,Electronics,Personal Appliances
57378573240,267972,19-10-2013,4,4,-3,-184,57.96,-609.96,e-Shop,Bags,Mens
58285706307,272088,19-10-2013,3,5,5,1311,688.275,7243.275,e-Shop,Books,Kids
10763027744,269307,19-10-2013,10,6,5,386,202.65,2132.65,Flagship store,Home and kitchen,Audio and video
99132729205,272379,19-10-2013,9,3,4,626,262.92,2766.92,MBR,Electronics,Cameras
83394834769,272253,19-10-2013,1,1,1,382,40.11,422.11,e-Shop,Clothing,Women
63266409767,269673,19-10-2013,3,1,2,298,62.58,658.58,Flagship store,Clothing,Kids
78475888439,272912,19-10-2013,4,3,1,1175,123.375,1298.375,TeleShop,Electronics,Mens
86633785285,272279,19-10-2013,1,2,5,699,366.975,3861.975,e-Shop,Footwear,Women
73570930492,272393,19-10-2013,8,3,1,129,13.545,142.545,TeleShop,Electronics,Personal Appliances
92192564098,274650,19-10-2013,11,6,2,1484,311.64,3279.64,e-Shop,Home and kitchen,Children
1262038605,267680,18-10-2013,5,3,2,1179,247.59,2605.59,e-Shop,Electronics,Computers
18580784925,268697,18-10-2013,3,1,1,1253,131.565,1384.565,e-Shop,Clothing,Kids
15886109319,271601,18-10-2013,9,3,2,324,68.04,716.04,TeleShop,Electronics,Cameras
12230235592,271511,18-10-2013,9,3,4,746,313.32,3297.32,TeleShop,Electronics,Cameras
38258486827,273916,18-10-2013,3,2,5,173,90.825,955.825,TeleShop,Footwear,Kids
56153494829,267504,18-10-2013,4,2,5,1291,677.775,7132.775,MBR,Footwear,Mens
38120691899,269646,18-10-2013,1,1,5,1108,581.7,6121.7,e-Shop,Clothing,Women
61051325893,274130,18-10-2013,7,5,1,147,15.435,162.435,MBR,Books,Fiction
31058355097,272252,18-10-2013,9,3,3,479,150.885,1587.885,TeleShop,Electronics,Cameras
21909623667,271565,18-10-2013,10,5,4,243,102.06,1074.06,e-Shop,Books,Audio and video
29244708858,270551,18-10-2013,10,6,5,308,161.7,1701.7,MBR,Home and kitchen,Audio and video
29884166860,268419,18-10-2013,10,6,4,351,147.42,1551.42,e-Shop,Home and kitchen,Audio and video
36568834140,267384,18-10-2013,3,2,-5,-1076,564.9,-5944.9,TeleShop,Footwear,Kids
6825836521,268533,18-10-2013,6,5,3,1340,422.1,4442.1,Flagship store,Books,DIY
30361888421,269619,18-10-2013,1,4,1,819,85.995,904.995,TeleShop,Bags,Women
25691661198,268497,18-10-2013,9,3,4,1170,491.4,5171.4,e-Shop,Electronics,Cameras
26625444063,272006,18-10-2013,4,1,4,770,323.4,3403.4,e-Shop,Clothing,Mens
41538175325,269111,18-10-2013,4,2,5,855,448.875,4723.875,MBR,Footwear,Mens
78263354966,268153,18-10-2013,7,5,5,1428,749.7,7889.7,MBR,Books,Fiction
88337746602,272665,18-10-2013,10,3,3,1438,452.97,4766.97,e-Shop,Electronics,Audio and video
72504986680,270550,18-10-2013,3,2,3,1350,425.25,4475.25,Flagship store,Footwear,Kids
84616295521,273933,18-10-2013,11,6,4,1047,439.74,4627.74,MBR,Home and kitchen,Children
14222225664,269602,17-10-2013,3,2,4,714,299.88,3155.88,TeleShop,Footwear,Kids
57378573240,267972,17-10-2013,4,4,-3,-184,57.96,-609.96,e-Shop,Bags,Mens
18876753958,269650,17-10-2013,1,1,2,1440,302.4,3182.4,e-Shop,Clothing,Women
44437460442,266942,17-10-2013,12,5,3,1040,327.6,3447.6,e-Shop,Books,Academic
58937670752,269212,17-10-2013,11,6,2,1148,241.08,2537.08,TeleShop,Home and kitchen,Children
12192356337,274817,17-10-2013,12,5,4,463,194.46,2046.46,Flagship store,Books,Academic
44427776683,273767,17-10-2013,2,6,2,578,121.38,1277.38,Flagship store,Home and kitchen,Furnishing
56534038246,271876,17-10-2013,5,3,1,98,10.29,108.29,e-Shop,Electronics,Computers
32355467692,273553,17-10-2013,8,3,3,808,254.52,2678.52,Flagship store,Electronics,Personal Appliances
37046130033,272965,17-10-2013,10,3,5,1058,555.45,5845.45,e-Shop,Electronics,Audio and video
49035977747,272117,17-10-2013,7,5,4,1020,428.4,4508.4,TeleShop,Books,Fiction
16580948072,269101,17-10-2013,10,6,3,630,198.45,2088.45,TeleShop,Home and kitchen,Audio and video
36568834140,267384,17-10-2013,3,2,5,1076,564.9,5944.9,TeleShop,Footwear,Kids
42457876009,270744,17-10-2013,2,6,5,157,82.425,867.425,Flagship store,Home and kitchen,Furnishing
88879632755,271916,17-10-2013,1,2,2,415,87.15,917.15,TeleShop,Footwear,Women
88073471176,268918,17-10-2013,3,1,5,259,135.975,1430.975,Flagship store,Clothing,Kids
75324881006,271095,17-10-2013,1,2,2,901,189.21,1991.21,e-Shop,Footwear,Women
64623321015,269958,17-10-2013,11,5,1,337,35.385,372.385,TeleShop,Books,Children
82446335913,273814,17-10-2013,4,3,1,874,91.77,965.77,TeleShop,Electronics,Mens
70181976503,272615,17-10-2013,4,3,-5,-864,453.6,-4773.6,e-Shop,Electronics,Mens
51997466118,275230,16-10-2013,8,3,1,1085,113.925,1198.925,e-Shop,Electronics,Personal Appliances
37040172333,269897,16-10-2013,12,5,4,763,320.46,3372.46,TeleShop,Books,Academic
30149182019,269106,16-10-2013,2,6,4,412,173.04,1821.04,e-Shop,Home and kitchen,Furnishing
60004340930,270801,16-10-2013,4,1,3,250,78.75,828.75,Flagship store,Clothing,Mens
24511654082,274428,16-10-2013,3,1,5,665,349.125,3674.125,MBR,Clothing,Kids
61621467503,268635,16-10-2013,12,5,3,703,221.445,2330.445,TeleShop,Books,Academic
49416776878,268798,16-10-2013,11,6,3,540,170.1,1790.1,Flagship store,Home and kitchen,Children
27695383914,274970,16-10-2013,4,3,1,149,15.645,164.645,TeleShop,Electronics,Mens
16642679564,270274,16-10-2013,12,6,5,1293,678.825,7143.825,e-Shop,Home and kitchen,Academic
81786113732,268445,16-10-2013,6,5,4,425,178.5,1878.5,MBR,Books,DIY
71802499829,271620,16-10-2013,10,3,2,438,91.98,967.98,MBR,Electronics,Audio and video
82724359316,274518,16-10-2013,6,5,5,1162,610.05,6420.05,TeleShop,Books,DIY
87276778547,270947,16-10-2013,1,1,5,461,242.025,2547.025,TeleShop,Clothing,Women
70181976503,272615,16-10-2013,4,3,5,864,453.6,4773.6,e-Shop,Electronics,Mens
87972133630,272993,16-10-2013,10,6,2,328,68.88,724.88,TeleShop,Home and kitchen,Audio and video
63891606966,270658,16-10-2013,2,6,1,292,30.66,322.66,e-Shop,Home and kitchen,Furnishing
92875346735,269624,16-10-2013,8,3,3,350,110.25,1160.25,TeleShop,Electronics,Personal Appliances
93342173587,271834,16-10-2013,12,6,5,1073,563.325,5928.325,Flagship store,Home and kitchen,Academic
67378700109,271364,16-10-2013,10,6,5,1023,537.075,5652.075,e-Shop,Home and kitchen,Audio and video
45655248702,270306,15-10-2013,10,6,2,444,93.24,981.24,TeleShop,Home and kitchen,Audio and video
50527215862,273999,15-10-2013,10,3,3,1390,437.85,4607.85,e-Shop,Electronics,Audio and video
35682281416,272420,15-10-2013,4,4,2,651,136.71,1438.71,Flagship store,Bags,Mens
37160466208,267697,15-10-2013,12,6,-4,-82,34.44,-362.44,e-Shop,Home and kitchen,Academic
56059136086,273378,15-10-2013,3,1,4,546,229.32,2413.32,e-Shop,Clothing,Kids
48454217930,272731,15-10-2013,3,5,5,681,357.525,3762.525,MBR,Books,Kids
2169620588,272488,15-10-2013,5,3,5,1122,589.05,6199.05,TeleShop,Electronics,Computers
59391536619,269034,15-10-2013,2,6,4,1385,581.7,6121.7,TeleShop,Home and kitchen,Furnishing
49751041765,268344,15-10-2013,4,2,4,406,170.52,1794.52,e-Shop,Footwear,Mens
53354263776,268063,15-10-2013,8,3,-5,-404,212.1,-2232.1,TeleShop,Electronics,Personal Appliances
55314280320,272341,15-10-2013,6,5,4,110,46.2,486.2,e-Shop,Books,DIY
27376421019,268615,15-10-2013,4,4,4,1234,518.28,5454.28,e-Shop,Bags,Mens
92662983672,269892,15-10-2013,11,5,4,1394,585.48,6161.48,MBR,Books,Children
99931416607,273971,15-10-2013,7,5,1,378,39.69,417.69,Flagship store,Books,Fiction
74153181603,269412,15-10-2013,2,6,3,636,200.34,2108.34,Flagship store,Home and kitchen,Furnishing
98620224973,272949,15-10-2013,7,5,5,421,221.025,2326.025,MBR,Books,Fiction
64938445888,270401,15-10-2013,2,6,5,1232,646.8,6806.8,TeleShop,Home and kitchen,Furnishing
63687553623,270870,15-10-2013,11,5,-1,-947,99.435,-1046.435,e-Shop,Books,Children
88671144106,273546,15-10-2013,10,5,3,948,298.62,3142.62,e-Shop,Books,Audio and video
97831485514,267910,15-10-2013,12,6,3,1204,379.26,3991.26,Flagship store,Home and kitchen,Academic
91812979918,267649,15-10-2013,1,2,5,1155,606.375,6381.375,Flagship store,Footwear,Women
37542686191,271076,14-10-2013,3,5,-1,-657,68.985,-725.985,MBR,Books,Kids
30575471754,269075,14-10-2013,11,6,1,1308,137.34,1445.34,e-Shop,Home and kitchen,Children
10952918272,267962,14-10-2013,11,5,1,792,83.16,875.16,Flagship store,Books,Children
20757493399,271937,14-10-2013,10,3,5,156,81.9,861.9,e-Shop,Electronics,Audio and video
57378573240,267972,14-10-2013,4,4,3,184,57.96,609.96,e-Shop,Bags,Mens
6454386007,271040,14-10-2013,1,4,1,690,72.45,762.45,Flagship store,Bags,Women
47958348301,268701,14-10-2013,6,5,3,1098,345.87,3639.87,MBR,Books,DIY
53354263776,268063,14-10-2013,8,3,5,404,212.1,2232.1,TeleShop,Electronics,Personal Appliances
35490903377,267180,14-10-2013,10,3,2,662,139.02,1463.02,Flagship store,Electronics,Audio and video
14985038227,270811,14-10-2013,8,3,4,518,217.56,2289.56,e-Shop,Electronics,Personal Appliances
7232517558,267707,14-10-2013,1,1,-1,-611,64.155,-675.155,Flagship store,Clothing,Women
47348938080,267364,14-10-2013,1,2,-3,-1322,416.43,-4382.43,e-Shop,Footwear,Women
48493389851,270842,14-10-2013,7,5,-1,-493,51.765,-544.765,Flagship store,Books,Fiction
36195403620,273883,14-10-2013,7,5,1,1086,114.03,1200.03,TeleShop,Books,Fiction
503736661,270050,14-10-2013,9,3,1,196,20.58,216.58,MBR,Electronics,Cameras
17306845023,273938,14-10-2013,10,6,5,1280,672,7072,e-Shop,Home and kitchen,Audio and video
9044824427,267316,14-10-2013,1,1,4,1386,582.12,6126.12,MBR,Clothing,Women
71023860402,269613,14-10-2013,4,4,5,745,391.125,4116.125,MBR,Bags,Mens
99276576007,269805,14-10-2013,1,1,-2,-1371,287.91,-3029.91,e-Shop,Clothing,Women
97851032666,274462,14-10-2013,1,1,1,365,38.325,403.325,Flagship store,Clothing,Women
72615864767,268065,14-10-2013,12,6,3,1454,458.01,4820.01,TeleShop,Home and kitchen,Academic
7827963944,272768,13-10-2013,7,5,1,1062,111.51,1173.51,MBR,Books,Fiction
2559550088,274913,13-10-2013,4,2,1,1048,110.04,1158.04,e-Shop,Footwear,Mens
44859788671,269832,13-10-2013,8,3,2,1472,309.12,3253.12,e-Shop,Electronics,Personal Appliances
55025785198,268852,13-10-2013,7,5,5,125,65.625,690.625,Flagship store,Books,Fiction
60164437362,270908,13-10-2013,8,3,4,231,97.02,1021.02,e-Shop,Electronics,Personal Appliances
11365472566,268608,13-10-2013,1,2,5,896,470.4,4950.4,TeleShop,Footwear,Women
10000237880,271389,13-10-2013,1,2,1,1200,126,1326,MBR,Footwear,Women
10702795422,271144,13-10-2013,3,1,-5,-1349,708.225,-7453.225,Flagship store,Clothing,Kids
1993381934,271384,13-10-2013,2,6,5,571,299.775,3154.775,Flagship store,Home and kitchen,Furnishing
40872331319,272473,13-10-2013,1,1,1,648,68.04,716.04,MBR,Clothing,Women
20436389482,271520,13-10-2013,3,5,3,1133,356.895,3755.895,Flagship store,Books,Kids
51371824115,267913,13-10-2013,4,2,-5,-632,331.8,-3491.8,Flagship store,Footwear,Mens
13984264413,268391,13-10-2013,12,5,-3,-282,88.83,-934.83,Flagship store,Books,Academic
63254279195,273740,13-10-2013,10,6,2,1194,250.74,2638.74,e-Shop,Home and kitchen,Audio and video
76988932178,272038,13-10-2013,3,1,2,1484,311.64,3279.64,e-Shop,Clothing,Kids
76918173706,270966,13-10-2013,10,5,2,1277,268.17,2822.17,e-Shop,Books,Audio and video
82518041904,271214,13-10-2013,1,2,-1,-282,29.61,-311.61,Flagship store,Footwear,Women
91247555065,271571,13-10-2013,2,6,4,590,247.8,2607.8,TeleShop,Home and kitchen,Furnishing
79771029800,268390,13-10-2013,2,6,3,614,193.41,2035.41,MBR,Home and kitchen,Furnishing
73840640460,266822,13-10-2013,8,3,3,1428,449.82,4733.82,e-Shop,Electronics,Personal Appliances
83393690424,266944,13-10-2013,8,3,3,1393,438.795,4617.795,Flagship store,Electronics,Personal Appliances
7280284948,273489,12/10/2013,11,6,-2,-968,203.28,-2139.28,e-Shop,Home and kitchen,Children
8068378511,268874,12/10/2013,11,6,5,936,491.4,5171.4,Flagship store,Home and kitchen,Children
29616306344,267247,12/10/2013,2,6,4,1264,530.88,5586.88,Flagship store,Home and kitchen,Furnishing
48846162935,274790,12/10/2013,2,6,2,1313,275.73,2901.73,TeleShop,Home and kitchen,Furnishing
11228626515,268677,12/10/2013,12,6,4,801,336.42,3540.42,Flagship store,Home and kitchen,Academic
1613752613,272566,12/10/2013,10,3,3,695,218.925,2303.925,e-Shop,Electronics,Audio and video
26449927836,274854,12/10/2013,5,3,5,1089,571.725,6016.725,e-Shop,Electronics,Computers
60128923032,271972,12/10/2013,10,6,4,1351,567.42,5971.42,Flagship store,Home and kitchen,Audio and video
49272192537,272003,12/10/2013,11,5,1,118,12.39,130.39,MBR,Books,Children
16744625626,274209,12/10/2013,12,5,1,791,83.055,874.055,TeleShop,Books,Academic
1346965027,274596,12/10/2013,8,3,5,349,183.225,1928.225,TeleShop,Electronics,Personal Appliances
76709251157,270072,12/10/2013,10,5,4,824,346.08,3642.08,e-Shop,Books,Audio and video
63689054520,273014,12/10/2013,10,5,5,286,150.15,1580.15,MBR,Books,Audio and video
67799462554,268786,12/10/2013,8,3,3,1500,472.5,4972.5,e-Shop,Electronics,Personal Appliances
70501521760,267349,12/10/2013,4,2,5,381,200.025,2105.025,TeleShop,Footwear,Mens
82518041904,271214,12/10/2013,1,2,1,282,29.61,311.61,Flagship store,Footwear,Women
98991147610,270895,12/10/2013,1,2,5,1224,642.6,6762.6,e-Shop,Footwear,Women
45637161484,268810,11/10/2013,1,4,2,594,124.74,1312.74,e-Shop,Bags,Women
13793979460,269795,11/10/2013,9,3,4,1288,540.96,5692.96,MBR,Electronics,Cameras
54863881279,270672,11/10/2013,6,5,4,653,274.26,2886.26,Flagship store,Books,DIY
23052777583,271811,11/10/2013,3,5,1,717,75.285,792.285,MBR,Books,Kids
43335815119,271099,11/10/2013,3,2,4,523,219.66,2311.66,MBR,Footwear,Kids
39458743077,272678,11/10/2013,10,6,1,999,104.895,1103.895,MBR,Home and kitchen,Audio and video
59334162952,267447,11/10/2013,10,5,3,697,219.555,2310.555,Flagship store,Books,Audio and video
45453257776,271096,11/10/2013,7,5,-1,-319,33.495,-352.495,Flagship store,Books,Fiction
17650695500,274313,11/10/2013,11,6,1,856,89.88,945.88,e-Shop,Home and kitchen,Children
5912114763,273122,11/10/2013,10,5,2,922,193.62,2037.62,e-Shop,Books,Audio and video
44720233736,270756,11/10/2013,11,6,2,1061,222.81,2344.81,Flagship store,Home and kitchen,Children
59248562036,269300,11/10/2013,2,6,4,128,53.76,565.76,e-Shop,Home and kitchen,Furnishing
525041466,274490,11/10/2013,6,5,-3,-1482,466.83,-4912.83,TeleShop,Books,DIY
99268713598,268148,11/10/2013,4,3,2,631,132.51,1394.51,TeleShop,Electronics,Mens
90791852705,268025,11/10/2013,4,4,1,488,51.24,539.24,TeleShop,Bags,Mens
68519899429,270538,11/10/2013,11,5,4,538,225.96,2377.96,Flagship store,Books,Children
67005154873,268044,11/10/2013,12,6,1,785,82.425,867.425,e-Shop,Home and kitchen,Academic
80307980167,267395,11/10/2013,4,2,3,416,131.04,1379.04,MBR,Footwear,Mens
93716601452,268078,11/10/2013,6,5,4,800,336,3536,e-Shop,Books,DIY
63687553623,270870,11/10/2013,11,5,-1,-947,99.435,-1046.435,e-Shop,Books,Children
70989403859,268133,11/10/2013,9,3,2,141,29.61,311.61,e-Shop,Electronics,Cameras
84610706178,268692,11/10/2013,11,6,4,443,186.06,1958.06,TeleShop,Home and kitchen,Children
9297164024,271152,10/10/2013,11,6,1,517,54.285,571.285,e-Shop,Home and kitchen,Children
19309959579,270571,10/10/2013,7,5,-5,-1473,773.325,-8138.325,e-Shop,Books,Fiction
5084770245,270530,10/10/2013,4,3,5,633,332.325,3497.325,e-Shop,Electronics,Mens
32522646479,273551,10/10/2013,7,5,2,637,133.77,1407.77,MBR,Books,Fiction
38067212076,272511,10/10/2013,9,3,1,281,29.505,310.505,TeleShop,Electronics,Cameras
30667641648,270744,10/10/2013,11,6,3,457,143.955,1514.955,TeleShop,Home and kitchen,Children
10666286938,273510,10/10/2013,10,6,3,526,165.69,1743.69,e-Shop,Home and kitchen,Audio and video
18628130192,269173,10/10/2013,3,5,1,223,23.415,246.415,e-Shop,Books,Kids
27729054560,268752,10/10/2013,4,3,4,257,107.94,1135.94,e-Shop,Electronics,Mens
525041466,274490,10/10/2013,6,5,3,1482,466.83,4912.83,TeleShop,Books,DIY
51371824115,267913,10/10/2013,4,2,5,632,331.8,3491.8,Flagship store,Footwear,Mens
46031970536,272741,10/10/2013,10,6,3,805,253.575,2668.575,Flagship store,Home and kitchen,Audio and video
13302134789,266919,10/10/2013,5,3,1,1330,139.65,1469.65,MBR,Electronics,Computers
73833461929,268546,10/10/2013,12,6,4,255,107.1,1127.1,MBR,Home and kitchen,Academic
85383785682,267552,10/10/2013,4,3,4,1141,479.22,5043.22,e-Shop,Electronics,Mens
92140615840,266980,10/10/2013,11,6,3,1459,459.585,4836.585,MBR,Home and kitchen,Children
91288152168,275159,10/10/2013,4,2,-2,-782,164.22,-1728.22,MBR,Footwear,Mens
63436628258,273900,10/10/2013,10,6,2,677,142.17,1496.17,e-Shop,Home and kitchen,Audio and video
72487671223,273194,10/10/2013,2,6,3,1308,412.02,4336.02,MBR,Home and kitchen,Furnishing
68677209951,273787,10/10/2013,4,2,3,919,289.485,3046.485,e-Shop,Footwear,Mens
68626541417,267339,10/10/2013,4,1,1,830,87.15,917.15,Flagship store,Clothing,Mens
85790020460,273889,10/10/2013,4,4,-3,-448,141.12,-1485.12,TeleShop,Bags,Mens
80154417617,274981,10/10/2013,4,4,4,156,65.52,689.52,e-Shop,Bags,Mens
68536255715,271496,10/10/2013,1,1,4,946,397.32,4181.32,MBR,Clothing,Women
19309959579,270571,9/10/2013,7,5,5,1473,773.325,8138.325,e-Shop,Books,Fiction
62585061901,271554,9/10/2013,6,5,4,1437,603.54,6351.54,e-Shop,Books,DIY
20694290483,272515,9/10/2013,3,2,5,342,179.55,1889.55,e-Shop,Footwear,Kids
42594581220,269362,9/10/2013,4,1,3,1191,375.165,3948.165,e-Shop,Clothing,Mens
4075159127,271040,9/10/2013,1,2,-5,-733,384.825,-4049.825,Flagship store,Footwear,Women
7280284948,273489,9/10/2013,11,6,2,968,203.28,2139.28,e-Shop,Home and kitchen,Children
30403617500,274321,9/10/2013,4,3,4,1500,630,6630,Flagship store,Electronics,Mens
33544664637,268149,9/10/2013,1,4,4,278,116.76,1228.76,MBR,Bags,Women
23390870026,273181,9/10/2013,4,2,4,1183,496.86,5228.86,Flagship store,Footwear,Mens
56056430709,269565,9/10/2013,11,6,1,855,89.775,944.775,TeleShop,Home and kitchen,Children
45647042529,274579,9/10/2013,1,2,2,1052,220.92,2324.92,TeleShop,Footwear,Women
5551581340,270074,9/10/2013,1,1,3,207,65.205,686.205,MBR,Clothing,Women
33050408780,269049,9/10/2013,4,3,2,713,149.73,1575.73,e-Shop,Electronics,Mens
46337421598,274496,9/10/2013,11,5,5,114,59.85,629.85,e-Shop,Books,Children
75811087829,269879,9/10/2013,10,3,5,310,162.75,1712.75,e-Shop,Electronics,Audio and video
87667666356,274652,9/10/2013,7,5,4,1074,451.08,4747.08,e-Shop,Books,Fiction
96026002035,274222,9/10/2013,1,2,4,991,416.22,4380.22,e-Shop,Footwear,Women
80153787774,272232,9/10/2013,4,1,4,318,133.56,1405.56,TeleShop,Clothing,Mens
68020509909,272954,9/10/2013,2,6,2,989,207.69,2185.69,e-Shop,Home and kitchen,Furnishing
51733995583,272336,8/10/2013,2,6,4,767,322.14,3390.14,e-Shop,Home and kitchen,Furnishing
6236454874,267962,8/10/2013,3,1,-2,-934,196.14,-2064.14,TeleShop,Clothing,Kids
47348938080,267364,8/10/2013,1,2,3,1322,416.43,4382.43,e-Shop,Footwear,Women
37160466208,267697,8/10/2013,12,6,4,82,34.44,362.44,e-Shop,Home and kitchen,Academic
37542686191,271076,8/10/2013,3,5,1,657,68.985,725.985,MBR,Books,Kids
7232517558,267707,8/10/2013,1,1,-1,-611,64.155,-675.155,Flagship store,Clothing,Women
38076441343,268220,8/10/2013,3,1,2,1365,286.65,3016.65,e-Shop,Clothing,Kids
40677354698,268173,8/10/2013,10,6,-2,-730,153.3,-1613.3,e-Shop,Home and kitchen,Audio and video
28176910036,268740,8/10/2013,5,3,5,833,437.325,4602.325,MBR,Electronics,Computers
5689364332,275096,8/10/2013,4,1,-2,-1144,240.24,-2528.24,Flagship store,Clothing,Mens
48746861264,268486,8/10/2013,6,5,2,1092,229.32,2413.32,e-Shop,Books,DIY
46748937031,272277,8/10/2013,4,1,4,287,120.54,1268.54,Flagship store,Clothing,Mens
48493389851,270842,8/10/2013,7,5,1,493,51.765,544.765,Flagship store,Books,Fiction
44561244354,268817,8/10/2013,10,3,5,637,334.425,3519.425,e-Shop,Electronics,Audio and video
63687553623,270870,8/10/2013,11,5,1,947,99.435,1046.435,e-Shop,Books,Children
69463088149,270111,8/10/2013,3,1,4,1146,481.32,5065.32,e-Shop,Clothing,Kids
91288152168,275159,8/10/2013,4,2,2,782,164.22,1728.22,MBR,Footwear,Mens
90745939913,273146,8/10/2013,11,5,5,273,143.325,1508.325,e-Shop,Books,Children
69651363425,271059,8/10/2013,11,6,1,290,30.45,320.45,e-Shop,Home and kitchen,Children
74529288066,273115,8/10/2013,6,5,4,788,330.96,3482.96,e-Shop,Books,DIY
78650368874,273398,8/10/2013,4,2,5,1217,638.925,6723.925,TeleShop,Footwear,Mens
98686554011,271314,8/10/2013,4,4,5,738,387.45,4077.45,e-Shop,Bags,Mens
53909388478,273702,7/10/2013,1,1,-4,-826,346.92,-3650.92,Flagship store,Clothing,Women
42231912333,267100,7/10/2013,12,5,2,1130,237.3,2497.3,Flagship store,Books,Academic
43864280836,274227,7/10/2013,3,2,4,942,395.64,4163.64,e-Shop,Footwear,Kids
9659551493,270706,7/10/2013,10,6,2,980,205.8,2165.8,e-Shop,Home and kitchen,Audio and video
57596500723,272415,7/10/2013,3,2,5,747,392.175,4127.175,e-Shop,Footwear,Kids
45453257776,271096,7/10/2013,7,5,1,319,33.495,352.495,Flagship store,Books,Fiction
14223048613,271192,7/10/2013,2,6,1,1085,113.925,1198.925,e-Shop,Home and kitchen,Furnishing
55499277056,275066,7/10/2013,10,6,4,218,91.56,963.56,TeleShop,Home and kitchen,Audio and video
40820002811,269240,7/10/2013,4,3,-4,-859,360.78,-3796.78,e-Shop,Electronics,Mens
48293778664,273631,7/10/2013,11,5,3,629,198.135,2085.135,Flagship store,Books,Children
10702795422,271144,7/10/2013,3,1,5,1349,708.225,7453.225,Flagship store,Clothing,Kids
27782798646,272153,7/10/2013,11,5,3,757,238.455,2509.455,e-Shop,Books,Children
13984264413,268391,7/10/2013,12,5,3,282,88.83,934.83,Flagship store,Books,Academic
22442971489,270316,7/10/2013,12,6,1,1088,114.24,1202.24,MBR,Home and kitchen,Academic
49603524401,274156,7/10/2013,8,3,4,1168,490.56,5162.56,e-Shop,Electronics,Personal Appliances
12853679962,270690,7/10/2013,4,2,4,744,312.48,3288.48,Flagship store,Footwear,Mens
9987404340,268819,7/10/2013,10,5,1,1220,128.1,1348.1,e-Shop,Books,Audio and video
17843035021,273387,7/10/2013,3,1,4,536,225.12,2369.12,MBR,Clothing,Kids
65977505842,269716,7/10/2013,12,5,5,470,246.75,2596.75,MBR,Books,Academic
93402722589,273913,7/10/2013,4,1,2,1346,282.66,2974.66,e-Shop,Clothing,Mens
86083850080,271437,7/10/2013,3,1,3,167,52.605,553.605,TeleShop,Clothing,Kids
79798023529,267216,7/10/2013,12,5,3,1216,383.04,4031.04,e-Shop,Books,Academic
90906166357,270187,7/10/2013,4,3,1,1230,129.15,1359.15,Flagship store,Electronics,Mens
62520184012,274909,6/10/2013,1,1,3,454,143.01,1505.01,MBR,Clothing,Women
60715535657,274163,6/10/2013,10,5,2,772,162.12,1706.12,e-Shop,Books,Audio and video
58516556336,268676,6/10/2013,10,5,1,139,14.595,153.595,e-Shop,Books,Audio and video
46069491135,273641,6/10/2013,4,2,5,1097,575.925,6060.925,MBR,Footwear,Mens
28894279246,267488,6/10/2013,4,3,3,329,103.635,1090.635,TeleShop,Electronics,Mens
8003753105,268444,6/10/2013,4,4,2,573,120.33,1266.33,e-Shop,Bags,Mens
7232517558,267707,6/10/2013,1,1,1,611,64.155,675.155,Flagship store,Clothing,Women
40660817536,273092,6/10/2013,1,4,2,1492,313.32,3297.32,MBR,Bags,Women
99372261440,269241,6/10/2013,5,3,3,511,160.965,1693.965,e-Shop,Electronics,Computers
75960776767,274615,6/10/2013,6,5,-5,-884,464.1,-4884.1,MBR,Books,DIY
74851961207,271368,6/10/2013,3,5,5,879,461.475,4856.475,e-Shop,Books,Kids
85790020460,273889,6/10/2013,4,4,3,448,141.12,1485.12,TeleShop,Bags,Mens
82129515229,273456,6/10/2013,11,6,2,102,21.42,225.42,e-Shop,Home and kitchen,Children
99276576007,269805,6/10/2013,1,1,2,1371,287.91,3029.91,e-Shop,Clothing,Women
89853431896,273473,6/10/2013,10,5,1,255,26.775,281.775,MBR,Books,Audio and video
73922321031,269433,6/10/2013,6,5,1,992,104.16,1096.16,e-Shop,Books,DIY
1853454901,272857,5/10/2013,1,4,-1,-837,87.885,-924.885,e-Shop,Bags,Women
50928364895,274024,5/10/2013,4,1,4,1089,457.38,4813.38,MBR,Clothing,Mens
62179696755,272341,5/10/2013,4,4,5,643,337.575,3552.575,Flagship store,Bags,Mens
12430732380,269766,5/10/2013,3,2,4,755,317.1,3337.1,e-Shop,Footwear,Kids
34098986878,270541,5/10/2013,8,3,1,518,54.39,572.39,TeleShop,Electronics,Personal Appliances
46593467462,268699,5/10/2013,11,5,2,352,73.92,777.92,MBR,Books,Children
20379072578,269904,5/10/2013,3,1,3,833,262.395,2761.395,e-Shop,Clothing,Kids
7900647779,271742,5/10/2013,2,6,2,1371,287.91,3029.91,e-Shop,Home and kitchen,Furnishing
13513787281,267702,5/10/2013,1,4,4,867,364.14,3832.14,e-Shop,Bags,Women
5818912316,267631,5/10/2013,7,5,1,1150,120.75,1270.75,e-Shop,Books,Fiction
44716521756,267550,5/10/2013,4,2,4,595,249.9,2629.9,MBR,Footwear,Mens
7561425554,268269,5/10/2013,3,2,3,133,41.895,440.895,MBR,Footwear,Kids
52304476217,274900,5/10/2013,1,4,4,186,78.12,822.12,e-Shop,Bags,Women
13084503116,274175,5/10/2013,11,6,-3,-847,266.805,-2807.805,e-Shop,Home and kitchen,Children
55769891198,273652,5/10/2013,3,2,5,491,257.775,2712.775,e-Shop,Footwear,Kids
65295087252,270994,5/10/2013,3,1,3,968,304.92,3208.92,Flagship store,Clothing,Kids
91156017209,273404,5/10/2013,10,5,1,1343,141.015,1484.015,TeleShop,Books,Audio and video
77695448887,267442,5/10/2013,3,2,-5,-286,150.15,-1580.15,MBR,Footwear,Kids
81880568368,275261,5/10/2013,11,5,5,80,42,442,MBR,Books,Children
92212740066,271422,5/10/2013,10,6,-5,-1382,725.55,-7635.55,MBR,Home and kitchen,Audio and video
24951240379,267987,4/10/2013,8,3,4,191,80.22,844.22,e-Shop,Electronics,Personal Appliances
54251889351,267740,4/10/2013,10,5,-3,-542,170.73,-1796.73,MBR,Books,Audio and video
28998091302,270245,4/10/2013,12,6,5,135,70.875,745.875,e-Shop,Home and kitchen,Academic
58475868101,274837,4/10/2013,12,6,4,761,319.62,3363.62,TeleShop,Home and kitchen,Academic
28057661722,269550,4/10/2013,4,2,4,113,47.46,499.46,Flagship store,Footwear,Mens
31405843337,267183,4/10/2013,9,3,1,872,91.56,963.56,e-Shop,Electronics,Cameras
17136813878,271054,4/10/2013,8,3,2,268,56.28,592.28,e-Shop,Electronics,Personal Appliances
15107557669,270293,4/10/2013,11,5,-4,-467,196.14,-2064.14,e-Shop,Books,Children
49748204648,269563,4/10/2013,4,4,-2,-239,50.19,-528.19,e-Shop,Bags,Mens
45026699183,273596,4/10/2013,3,1,1,298,31.29,329.29,Flagship store,Clothing,Kids
22921611004,267817,4/10/2013,7,5,3,192,60.48,636.48,e-Shop,Books,Fiction
47303097322,268456,4/10/2013,11,5,1,1159,121.695,1280.695,e-Shop,Books,Children
18871836981,267028,4/10/2013,1,4,5,608,319.2,3359.2,Flagship store,Bags,Women
3215753969,267001,4/10/2013,11,5,5,1361,714.525,7519.525,Flagship store,Books,Children
19723849126,275255,4/10/2013,8,3,3,1309,412.335,4339.335,e-Shop,Electronics,Personal Appliances
43285085791,274813,4/10/2013,4,3,3,165,51.975,546.975,Flagship store,Electronics,Mens
61293826562,270433,4/10/2013,4,4,4,517,217.14,2285.14,e-Shop,Bags,Mens
43951972346,271968,4/10/2013,4,3,1,908,95.34,1003.34,e-Shop,Electronics,Mens
44103159566,272893,4/10/2013,4,1,-4,-958,402.36,-4234.36,e-Shop,Clothing,Mens
14897788024,271457,4/10/2013,10,3,4,654,274.68,2890.68,e-Shop,Electronics,Audio and video
55781954220,272346,4/10/2013,1,2,5,793,416.325,4381.325,e-Shop,Footwear,Women
98577349267,266975,4/10/2013,5,3,-4,-1035,434.7,-4574.7,e-Shop,Electronics,Computers
77695448887,267442,4/10/2013,3,2,5,286,150.15,1580.15,MBR,Footwear,Kids
72495172898,274376,4/10/2013,2,6,-5,-155,81.375,-856.375,MBR,Home and kitchen,Furnishing
69652660357,271516,4/10/2013,2,6,5,226,118.65,1248.65,e-Shop,Home and kitchen,Furnishing
27083514629,273105,3/10/2013,5,3,1,1088,114.24,1202.24,e-Shop,Electronics,Computers
19132947890,271398,3/10/2013,5,3,4,426,178.92,1882.92,TeleShop,Electronics,Computers
23031315852,271213,3/10/2013,4,2,4,410,172.2,1812.2,e-Shop,Footwear,Mens
22979102640,268021,3/10/2013,1,1,4,1013,425.46,4477.46,e-Shop,Clothing,Women
26072591434,273752,3/10/2013,3,1,5,310,162.75,1712.75,TeleShop,Clothing,Kids
5689364332,275096,3/10/2013,4,1,2,1144,240.24,2528.24,Flagship store,Clothing,Mens
51012356412,267268,3/10/2013,1,4,3,601,189.315,1992.315,TeleShop,Bags,Women
60338341222,268159,3/10/2013,3,1,1,318,33.39,351.39,e-Shop,Clothing,Kids
32920968228,273924,3/10/2013,12,5,5,1287,675.675,7110.675,e-Shop,Books,Academic
54442568243,274219,3/10/2013,2,6,-1,-1337,140.385,-1477.385,MBR,Home and kitchen,Furnishing
16064447385,271762,3/10/2013,2,6,4,1231,517.02,5441.02,MBR,Home and kitchen,Furnishing
45908136480,274351,3/10/2013,10,6,5,900,472.5,4972.5,e-Shop,Home and kitchen,Audio and video
34309329882,271363,3/10/2013,10,6,3,219,68.985,725.985,MBR,Home and kitchen,Audio and video
6236454874,267962,3/10/2013,3,1,2,934,196.14,2064.14,TeleShop,Clothing,Kids
41698607381,267637,3/10/2013,4,4,1,602,63.21,665.21,MBR,Bags,Mens
89470887722,270681,3/10/2013,10,6,1,684,71.82,755.82,e-Shop,Home and kitchen,Audio and video
65574165288,266918,3/10/2013,4,4,2,1082,227.22,2391.22,e-Shop,Bags,Mens
85938756856,269233,3/10/2013,7,5,-3,-837,263.655,-2774.655,MBR,Books,Fiction
85194296182,272262,3/10/2013,10,3,2,1241,260.61,2742.61,e-Shop,Electronics,Audio and video
36845370231,274234,2/10/2013,3,2,3,231,72.765,765.765,e-Shop,Footwear,Kids
59246331147,274541,2/10/2013,3,5,2,1120,235.2,2475.2,e-Shop,Books,Kids
60363883553,275070,2/10/2013,7,5,-2,-597,125.37,-1319.37,e-Shop,Books,Fiction
38085374440,267160,2/10/2013,10,5,2,1402,294.42,3098.42,e-Shop,Books,Audio and video
53218301514,268514,2/10/2013,4,4,3,842,265.23,2791.23,TeleShop,Bags,Mens
51648515126,271268,2/10/2013,11,5,4,993,417.06,4389.06,Flagship store,Books,Children
16919509871,274456,2/10/2013,4,2,3,633,199.395,2098.395,e-Shop,Footwear,Mens
26419259549,273968,2/10/2013,1,2,-3,-825,259.875,-2734.875,MBR,Footwear,Women
59592937099,270597,2/10/2013,12,6,-4,-1112,467.04,-4915.04,TeleShop,Home and kitchen,Academic
45624427169,273781,2/10/2013,12,6,2,638,133.98,1409.98,Flagship store,Home and kitchen,Academic
58142802235,273314,2/10/2013,12,5,1,192,20.16,212.16,e-Shop,Books,Academic
90579853236,267830,2/10/2013,2,6,3,1044,328.86,3460.86,e-Shop,Home and kitchen,Furnishing
98577349267,266975,2/10/2013,5,3,4,1035,434.7,4574.7,e-Shop,Electronics,Computers
81925916982,275194,2/10/2013,4,2,2,464,97.44,1025.44,e-Shop,Footwear,Mens
73341822671,274281,2/10/2013,12,5,3,1313,413.595,4352.595,TeleShop,Books,Academic
66288752252,274862,2/10/2013,4,2,-5,-1185,622.125,-6547.125,Flagship store,Footwear,Mens
78087609980,269860,2/10/2013,10,3,3,508,160.02,1684.02,MBR,Electronics,Audio and video
81242487633,271184,2/10/2013,10,5,3,738,232.47,2446.47,Flagship store,Books,Audio and video
88932960832,274428,2/10/2013,4,3,2,807,169.47,1783.47,Flagship store,Electronics,Mens
85442546679,271344,2/10/2013,4,4,3,234,73.71,775.71,MBR,Bags,Mens
63960481774,269245,2/10/2013,2,6,5,1143,600.075,6315.075,e-Shop,Home and kitchen,Furnishing
83513671488,270828,2/10/2013,3,2,-3,-510,160.65,-1690.65,TeleShop,Footwear,Kids
51379975470,273959,1/10/2013,3,5,1,119,12.495,131.495,Flagship store,Books,Kids
49755771032,270146,1/10/2013,4,1,3,1022,321.93,3387.93,MBR,Clothing,Mens
55029971315,268368,1/10/2013,7,5,3,1099,346.185,3643.185,TeleShop,Books,Fiction
5446584680,270616,1/10/2013,11,6,4,1116,468.72,4932.72,e-Shop,Home and kitchen,Children
4075159127,271040,1/10/2013,1,2,5,733,384.825,4049.825,Flagship store,Footwear,Women
7113504295,272348,1/10/2013,5,3,4,378,158.76,1670.76,e-Shop,Electronics,Computers
28097602196,271262,1/10/2013,3,5,1,1002,105.21,1107.21,e-Shop,Books,Kids
35607073389,273977,1/10/2013,9,3,4,760,319.2,3359.2,Flagship store,Electronics,Cameras
33597543545,269919,1/10/2013,1,4,3,168,52.92,556.92,MBR,Bags,Women
6775601148,268526,1/10/2013,4,3,5,133,69.825,734.825,e-Shop,Electronics,Mens
40677354698,268173,1/10/2013,10,6,2,730,153.3,1613.3,e-Shop,Home and kitchen,Audio and video
53909388478,273702,1/10/2013,1,1,4,826,346.92,3650.92,Flagship store,Clothing,Women
76904931130,274225,1/10/2013,10,5,1,666,69.93,735.93,e-Shop,Books,Audio and video
72708301422,273440,1/10/2013,3,2,3,953,300.195,3159.195,TeleShop,Footwear,Kids
97460521600,274901,1/10/2013,4,3,4,346,145.32,1529.32,MBR,Electronics,Mens
65541539183,272896,1/10/2013,3,5,1,470,49.35,519.35,MBR,Books,Kids
86439586048,269223,1/10/2013,11,6,5,1112,583.8,6143.8,e-Shop,Home and kitchen,Children
71923810752,273233,1/10/2013,4,2,5,293,153.825,1618.825,e-Shop,Footwear,Mens
75734374807,274292,1/10/2013,12,6,2,1300,273,2873,e-Shop,Home and kitchen,Academic
63472415208,269717,1/10/2013,1,2,1,842,88.41,930.41,TeleShop,Footwear,Women
73535299222,269455,1/10/2013,9,3,2,488,102.48,1078.48,Flagship store,Electronics,Cameras
22271052121,272417,30-09-2013,4,4,5,355,186.375,1961.375,MBR,Bags,Mens
18340603689,271834,30-09-2013,10,6,1,1073,112.665,1185.665,Flagship store,Home and kitchen,Audio and video
16107964332,274590,30-09-2013,4,2,1,363,38.115,401.115,MBR,Footwear,Mens
6419159391,268700,30-09-2013,11,5,-3,-1242,391.23,-4117.23,Flagship store,Books,Children
40439389002,267332,30-09-2013,4,3,-5,-1305,685.125,-7210.125,MBR,Electronics,Mens
16506162022,272825,30-09-2013,11,6,5,921,483.525,5088.525,e-Shop,Home and kitchen,Children
31472785116,273051,30-09-2013,12,6,4,385,161.7,1701.7,TeleShop,Home and kitchen,Academic
6815224214,274431,30-09-2013,3,2,1,1080,113.4,1193.4,MBR,Footwear,Kids
40820002811,269240,30-09-2013,4,3,4,859,360.78,3796.78,e-Shop,Electronics,Mens
14641355069,267738,30-09-2013,4,3,1,310,32.55,342.55,MBR,Electronics,Mens
47641191688,274548,30-09-2013,12,5,-1,-315,33.075,-348.075,Flagship store,Books,Academic
41548065485,271605,30-09-2013,1,4,-2,-1265,265.65,-2795.65,e-Shop,Bags,Women
18783764274,266937,30-09-2013,10,3,4,572,240.24,2528.24,Flagship store,Electronics,Audio and video
40745088690,269484,30-09-2013,12,6,-3,-175,55.125,-580.125,e-Shop,Home and kitchen,Academic
67328267881,269303,30-09-2013,7,5,3,710,223.65,2353.65,MBR,Books,Fiction
77942412460,270678,30-09-2013,1,4,5,769,403.725,4248.725,e-Shop,Bags,Women
76555713508,275148,30-09-2013,11,6,5,456,239.4,2519.4,MBR,Home and kitchen,Children
83103966777,270906,30-09-2013,12,6,3,115,36.225,381.225,Flagship store,Home and kitchen,Academic
29891983906,267301,29-09-2013,10,5,1,229,24.045,253.045,MBR,Books,Audio and video
48444543612,271982,29-09-2013,8,3,-3,-461,145.215,-1528.215,TeleShop,Electronics,Personal Appliances
18132085935,272515,29-09-2013,3,1,2,937,196.77,2070.77,TeleShop,Clothing,Kids
28994562054,273726,29-09-2013,3,1,5,574,301.35,3171.35,e-Shop,Clothing,Kids
28574101356,267212,29-09-2013,4,4,2,609,127.89,1345.89,e-Shop,Bags,Mens
28905805659,274251,29-09-2013,11,6,-4,-1256,527.52,-5551.52,e-Shop,Home and kitchen,Children
8513108042,273453,29-09-2013,8,3,5,1410,740.25,7790.25,e-Shop,Electronics,Personal Appliances
53778481584,272358,29-09-2013,4,2,3,753,237.195,2496.195,Flagship store,Footwear,Mens
36277165625,274376,29-09-2013,6,5,2,276,57.96,609.96,e-Shop,Books,DIY
59701686660,268815,29-09-2013,7,5,3,1498,471.87,4965.87,Flagship store,Books,Fiction
95812246656,273106,29-09-2013,8,3,2,298,62.58,658.58,TeleShop,Electronics,Personal Appliances
73174124501,268790,29-09-2013,4,1,2,423,88.83,934.83,TeleShop,Clothing,Mens
69203630637,274361,29-09-2013,10,5,1,396,41.58,437.58,TeleShop,Books,Audio and video
66288752252,274862,29-09-2013,4,2,5,1185,622.125,6547.125,Flagship store,Footwear,Mens
73975278352,269155,29-09-2013,4,3,4,447,187.74,1975.74,MBR,Electronics,Mens
97980633403,269925,29-09-2013,12,6,5,1272,667.8,7027.8,e-Shop,Home and kitchen,Academic
83087704808,266940,29-09-2013,8,3,5,757,397.425,4182.425,e-Shop,Electronics,Personal Appliances
90311563724,267644,29-09-2013,4,1,5,402,211.05,2221.05,e-Shop,Clothing,Mens
69911541233,271788,29-09-2013,2,6,3,287,90.405,951.405,e-Shop,Home and kitchen,Furnishing
71278234450,267103,29-09-2013,11,6,1,370,38.85,408.85,Flagship store,Home and kitchen,Children
50083772343,268344,28-09-2013,11,6,5,114,59.85,629.85,e-Shop,Home and kitchen,Children
26419259549,273968,28-09-2013,1,2,3,825,259.875,2734.875,MBR,Footwear,Women
61047246646,268500,28-09-2013,12,5,1,1103,115.815,1218.815,e-Shop,Books,Academic
47641191688,274548,28-09-2013,12,5,1,315,33.075,348.075,Flagship store,Books,Academic
42996647458,274385,28-09-2013,9,3,5,715,375.375,3950.375,Flagship store,Electronics,Cameras
51769480508,274655,28-09-2013,6,5,4,1350,567,5967,MBR,Books,DIY
41011646061,271118,28-09-2013,10,6,4,263,110.46,1162.46,MBR,Home and kitchen,Audio and video
32816124423,269640,28-09-2013,10,5,2,718,150.78,1586.78,Flagship store,Books,Audio and video
33762870289,273931,28-09-2013,1,2,4,1483,622.86,6554.86,TeleShop,Footwear,Women
51749142627,268345,28-09-2013,2,6,5,1266,664.65,6994.65,Flagship store,Home and kitchen,Furnishing
36241947327,267903,28-09-2013,6,5,2,312,65.52,689.52,TeleShop,Books,DIY
44966048632,269242,28-09-2013,1,1,4,382,160.44,1688.44,e-Shop,Clothing,Women
54442568243,274219,28-09-2013,2,6,1,1337,140.385,1477.385,MBR,Home and kitchen,Furnishing
15107557669,270293,28-09-2013,11,5,4,467,196.14,2064.14,e-Shop,Books,Children
54251889351,267740,28-09-2013,10,5,-3,-542,170.73,-1796.73,MBR,Books,Audio and video
40745088690,269484,28-09-2013,12,6,3,175,55.125,580.125,e-Shop,Home and kitchen,Academic
22360421644,271358,28-09-2013,12,6,1,1178,123.69,1301.69,MBR,Home and kitchen,Academic
62574338044,272006,28-09-2013,10,5,2,145,30.45,320.45,e-Shop,Books,Audio and video
9631601808,269205,28-09-2013,6,5,1,809,84.945,893.945,TeleShop,Books,DIY
88073541494,274181,28-09-2013,10,6,1,334,35.07,369.07,Flagship store,Home and kitchen,Audio and video
65454256888,274769,28-09-2013,1,4,2,1362,286.02,3010.02,TeleShop,Bags,Women
95538956889,272939,28-09-2013,1,2,5,516,270.9,2850.9,e-Shop,Footwear,Women
99074283766,267442,28-09-2013,7,5,3,420,132.3,1392.3,e-Shop,Books,Fiction
93457282663,273507,28-09-2013,4,2,-3,-969,305.235,-3212.235,e-Shop,Footwear,Mens
78708352529,268565,28-09-2013,2,6,2,538,112.98,1188.98,MBR,Home and kitchen,Furnishing
79660093215,270612,28-09-2013,10,6,5,711,373.275,3928.275,TeleShop,Home and kitchen,Audio and video
93113163063,273395,28-09-2013,4,3,5,732,384.3,4044.3,TeleShop,Electronics,Mens
97645160990,274759,28-09-2013,10,6,4,1143,480.06,5052.06,MBR,Home and kitchen,Audio and video
99405618125,272494,28-09-2013,11,6,-2,-1458,306.18,-3222.18,e-Shop,Home and kitchen,Children
28905805659,274251,27-09-2013,11,6,4,1256,527.52,5551.52,e-Shop,Home and kitchen,Children
5016742567,268732,27-09-2013,7,5,2,319,66.99,704.99,TeleShop,Books,Fiction
2130773353,274647,27-09-2013,10,5,3,436,137.34,1445.34,e-Shop,Books,Audio and video
38711229257,269629,27-09-2013,1,1,5,935,490.875,5165.875,MBR,Clothing,Women
14570529203,274551,27-09-2013,4,3,2,515,108.15,1138.15,e-Shop,Electronics,Mens
31098889224,267652,27-09-2013,10,6,2,917,192.57,2026.57,e-Shop,Home and kitchen,Audio and video
13084503116,274175,27-09-2013,11,6,3,847,266.805,2807.805,e-Shop,Home and kitchen,Children
1017044430,269857,27-09-2013,10,6,3,277,87.255,918.255,e-Shop,Home and kitchen,Audio and video
43167652327,271671,27-09-2013,4,4,4,1109,465.78,4901.78,Flagship store,Bags,Mens
30612133657,272411,27-09-2013,9,3,3,809,254.835,2681.835,Flagship store,Electronics,Cameras
59547158614,269388,27-09-2013,1,4,2,396,83.16,875.16,e-Shop,Bags,Women
42823875095,271668,27-09-2013,11,5,1,844,88.62,932.62,MBR,Books,Children
4848636401,272573,27-09-2013,9,3,1,1461,153.405,1614.405,MBR,Electronics,Cameras
24499713342,273992,27-09-2013,5,3,4,394,165.48,1741.48,TeleShop,Electronics,Computers
1853454901,272857,27-09-2013,1,4,1,837,87.885,924.885,e-Shop,Bags,Women
70060266406,274265,27-09-2013,1,1,2,958,201.18,2117.18,MBR,Clothing,Women
74852226281,269694,27-09-2013,12,5,3,1133,356.895,3755.895,MBR,Books,Academic
83841315117,275130,27-09-2013,10,3,2,832,174.72,1838.72,e-Shop,Electronics,Audio and video
91507094326,270462,27-09-2013,10,3,1,1459,153.195,1612.195,MBR,Electronics,Audio and video
75960776767,274615,27-09-2013,6,5,5,884,464.1,4884.1,MBR,Books,DIY
54251889351,267740,26-09-2013,10,5,3,542,170.73,1796.73,MBR,Books,Audio and video
49262381351,268933,26-09-2013,9,3,1,1306,137.13,1443.13,e-Shop,Electronics,Cameras
26019840554,269188,26-09-2013,11,5,4,472,198.24,2086.24,e-Shop,Books,Children
4510550124,273763,26-09-2013,1,1,4,504,211.68,2227.68,e-Shop,Clothing,Women
2315144168,270437,26-09-2013,2,6,3,664,209.16,2201.16,e-Shop,Home and kitchen,Furnishing
54647393040,270100,26-09-2013,5,3,2,839,176.19,1854.19,e-Shop,Electronics,Computers
4791915006,268582,26-09-2013,1,4,5,503,264.075,2779.075,MBR,Bags,Women
61156325386,273175,26-09-2013,1,4,3,763,240.345,2529.345,e-Shop,Bags,Women
51911769858,267657,26-09-2013,6,5,3,1069,336.735,3543.735,e-Shop,Books,DIY
25380336310,269586,26-09-2013,11,5,5,410,215.25,2265.25,e-Shop,Books,Children
56320864986,272518,26-09-2013,4,4,3,1254,395.01,4157.01,Flagship store,Bags,Mens
17091238358,271047,26-09-2013,12,5,1,108,11.34,119.34,e-Shop,Books,Academic
49748204648,269563,26-09-2013,4,4,2,239,50.19,528.19,e-Shop,Bags,Mens
54267672884,268904,26-09-2013,5,3,5,1161,609.525,6414.525,e-Shop,Electronics,Computers
48444543612,271982,26-09-2013,8,3,3,461,145.215,1528.215,TeleShop,Electronics,Personal Appliances
6440616564,272722,26-09-2013,2,6,-5,-242,127.05,-1337.05,TeleShop,Home and kitchen,Furnishing
66947374667,269388,26-09-2013,12,6,-5,-751,394.275,-4149.275,e-Shop,Home and kitchen,Academic
82809494483,268008,26-09-2013,9,3,4,1129,474.18,4990.18,MBR,Electronics,Cameras
99024917788,270523,26-09-2013,1,4,5,635,333.375,3508.375,TeleShop,Bags,Women
85938756856,269233,26-09-2013,7,5,3,837,263.655,2774.655,MBR,Books,Fiction
98292937128,270554,26-09-2013,3,2,5,1369,718.725,7563.725,Flagship store,Footwear,Kids
92212740066,271422,26-09-2013,10,6,5,1382,725.55,7635.55,MBR,Home and kitchen,Audio and video
83741087070,274952,26-09-2013,4,3,1,621,65.205,686.205,MBR,Electronics,Mens
99963516507,273791,26-09-2013,12,5,-2,-1053,221.13,-2327.13,Flagship store,Books,Academic
41406844924,275247,25-09-2013,4,2,3,346,108.99,1146.99,Flagship store,Footwear,Mens
7981202706,268220,25-09-2013,9,3,1,1036,108.78,1144.78,MBR,Electronics,Cameras
26996933294,273503,25-09-2013,4,1,1,502,52.71,554.71,e-Shop,Clothing,Mens
40667882719,272143,25-09-2013,3,2,4,142,59.64,627.64,e-Shop,Footwear,Kids
26345592006,270657,25-09-2013,12,6,4,113,47.46,499.46,e-Shop,Home and kitchen,Academic
30190433487,273319,25-09-2013,1,2,5,83,43.575,458.575,e-Shop,Footwear,Women
44103159566,272893,25-09-2013,4,1,-4,-958,402.36,-4234.36,e-Shop,Clothing,Mens
45329886598,269162,25-09-2013,4,4,1,1057,110.985,1167.985,Flagship store,Bags,Mens
60363883553,275070,25-09-2013,7,5,2,597,125.37,1319.37,e-Shop,Books,Fiction
59897499801,268723,25-09-2013,10,3,3,1026,323.19,3401.19,e-Shop,Electronics,Audio and video
16659461071,272192,25-09-2013,7,5,1,1159,121.695,1280.695,e-Shop,Books,Fiction
28387222066,270937,25-09-2013,1,4,2,1329,279.09,2937.09,MBR,Bags,Women
31937858775,266883,25-09-2013,10,3,-4,-468,196.56,-2068.56,MBR,Electronics,Audio and video
46228616917,267970,25-09-2013,3,5,4,1166,489.72,5153.72,Flagship store,Books,Kids
16496038387,271031,25-09-2013,5,3,2,718,150.78,1586.78,Flagship store,Electronics,Computers
39220297054,272559,25-09-2013,6,5,1,410,43.05,453.05,Flagship store,Books,DIY
71624037243,272248,25-09-2013,1,1,4,150,63,663,e-Shop,Clothing,Women
84766723236,268830,25-09-2013,6,5,3,950,299.25,3149.25,TeleShop,Books,DIY
81146508695,269859,25-09-2013,1,4,-3,-323,101.745,-1070.745,e-Shop,Bags,Women
66947374667,269388,25-09-2013,12,6,5,751,394.275,4149.275,e-Shop,Home and kitchen,Academic
83915036768,272230,25-09-2013,10,5,1,271,28.455,299.455,Flagship store,Books,Audio and video
79512431721,268826,25-09-2013,3,5,-4,-1295,543.9,-5723.9,TeleShop,Books,Kids
99514449468,272494,25-09-2013,3,5,-2,-1496,314.16,-3306.16,MBR,Books,Kids
82032879362,272363,25-09-2013,6,5,3,1147,361.305,3802.305,TeleShop,Books,DIY
99819139865,268731,25-09-2013,4,2,1,918,96.39,1014.39,TeleShop,Footwear,Mens
29319340656,268698,24-09-2013,10,5,5,549,288.225,3033.225,Flagship store,Books,Audio and video
62903474498,273785,24-09-2013,12,6,5,307,161.175,1696.175,MBR,Home and kitchen,Academic
26739409431,266799,24-09-2013,10,5,2,203,42.63,448.63,e-Shop,Books,Audio and video
35447491388,273076,24-09-2013,10,3,5,1499,786.975,8281.975,MBR,Electronics,Audio and video
2145168048,269859,24-09-2013,12,6,4,353,148.26,1560.26,e-Shop,Home and kitchen,Academic
20769204964,269650,24-09-2013,3,5,3,1094,344.61,3626.61,e-Shop,Books,Kids
6440616564,272722,24-09-2013,2,6,-5,-242,127.05,-1337.05,TeleShop,Home and kitchen,Furnishing
34627916943,269363,24-09-2013,7,5,1,1255,131.775,1386.775,Flagship store,Books,Fiction
3462932739,267555,24-09-2013,11,5,1,823,86.415,909.415,Flagship store,Books,Children
5619481894,273823,24-09-2013,1,2,5,1099,576.975,6071.975,MBR,Footwear,Women
49231329383,270268,24-09-2013,3,2,2,556,116.76,1228.76,e-Shop,Footwear,Kids
44103159566,272893,24-09-2013,4,1,4,958,402.36,4234.36,e-Shop,Clothing,Mens
34406035896,271705,24-09-2013,1,4,1,1266,132.93,1398.93,e-Shop,Bags,Women
29135682727,269249,24-09-2013,12,5,1,1369,143.745,1512.745,Flagship store,Books,Academic
38998495330,271988,24-09-2013,11,5,4,1413,593.46,6245.46,TeleShop,Books,Children
39286855809,272299,24-09-2013,6,5,2,457,95.97,1009.97,e-Shop,Books,DIY
22972051563,272079,24-09-2013,3,1,2,384,80.64,848.64,TeleShop,Clothing,Kids
3587135409,267528,24-09-2013,4,2,3,1062,334.53,3520.53,e-Shop,Footwear,Mens
69413762686,273734,24-09-2013,12,5,3,796,250.74,2638.74,e-Shop,Books,Academic
84468392583,269634,24-09-2013,8,3,2,110,23.1,243.1,e-Shop,Electronics,Personal Appliances
79512431721,268826,24-09-2013,3,5,4,1295,543.9,5723.9,TeleShop,Books,Kids
86031572194,270976,24-09-2013,12,5,1,1137,119.385,1256.385,MBR,Books,Academic
90982161253,273552,24-09-2013,1,1,5,586,307.65,3237.65,Flagship store,Clothing,Women
89664094757,271218,24-09-2013,3,2,1,645,67.725,712.725,e-Shop,Footwear,Kids
72495172898,274376,24-09-2013,2,6,5,155,81.375,856.375,MBR,Home and kitchen,Furnishing
77233162892,271825,24-09-2013,12,6,2,180,37.8,397.8,TeleShop,Home and kitchen,Academic
65233653216,267093,24-09-2013,1,1,4,748,314.16,3306.16,MBR,Clothing,Women
90729057610,268732,24-09-2013,5,3,5,638,334.95,3524.95,e-Shop,Electronics,Computers
90779859754,270076,24-09-2013,8,3,2,608,127.68,1343.68,e-Shop,Electronics,Personal Appliances
54443416750,270949,23-09-2013,11,6,5,346,181.65,1911.65,e-Shop,Home and kitchen,Children
40439389002,267332,23-09-2013,4,3,5,1305,685.125,7210.125,MBR,Electronics,Mens
563889893,268350,23-09-2013,3,2,1,206,21.63,227.63,MBR,Footwear,Kids
21669229333,272718,23-09-2013,4,4,5,1094,574.35,6044.35,TeleShop,Bags,Mens
2150045343,271735,23-09-2013,4,2,4,265,111.3,1171.3,e-Shop,Footwear,Mens
13931369082,267617,23-09-2013,4,1,4,564,236.88,2492.88,Flagship store,Clothing,Mens
26038705918,269147,23-09-2013,10,6,2,1433,300.93,3166.93,Flagship store,Home and kitchen,Audio and video
20332354867,268348,23-09-2013,6,5,5,1386,727.65,7657.65,TeleShop,Books,DIY
8332754271,273727,23-09-2013,2,6,3,889,280.035,2947.035,Flagship store,Home and kitchen,Furnishing
56218226781,272757,23-09-2013,4,1,-1,-1092,114.66,-1206.66,MBR,Clothing,Mens
90452440225,274016,23-09-2013,5,3,1,1378,144.69,1522.69,Flagship store,Electronics,Computers
84003124064,268924,23-09-2013,11,6,1,878,92.19,970.19,TeleShop,Home and kitchen,Children
97228231618,270576,23-09-2013,1,4,3,155,48.825,513.825,TeleShop,Bags,Women
96505409106,267827,23-09-2013,1,2,2,480,100.8,1060.8,Flagship store,Footwear,Women
83513671488,270828,23-09-2013,3,2,3,510,160.65,1690.65,TeleShop,Footwear,Kids
69316694442,269242,23-09-2013,10,3,2,1256,263.76,2775.76,TeleShop,Electronics,Audio and video
82658139939,274894,23-09-2013,1,2,3,799,251.685,2648.685,TeleShop,Footwear,Women
84855358085,272813,23-09-2013,11,6,1,384,40.32,424.32,Flagship store,Home and kitchen,Children
95105057906,271377,23-09-2013,4,4,4,1277,536.34,5644.34,e-Shop,Bags,Mens
13468408757,271236,22-09-2013,4,4,-5,-339,177.975,-1872.975,Flagship store,Bags,Mens
27387831292,269331,22-09-2013,10,5,-4,-926,388.92,-4092.92,e-Shop,Books,Audio and video
57625460846,272666,22-09-2013,4,1,3,900,283.5,2983.5,e-Shop,Clothing,Mens
46646960526,271380,22-09-2013,10,5,5,1494,784.35,8254.35,Flagship store,Books,Audio and video
59592937099,270597,22-09-2013,12,6,4,1112,467.04,4915.04,TeleShop,Home and kitchen,Academic
14476380720,271973,22-09-2013,10,3,2,355,74.55,784.55,Flagship store,Electronics,Audio and video
56218226781,272757,22-09-2013,4,1,1,1092,114.66,1206.66,MBR,Clothing,Mens
11001785266,272761,22-09-2013,7,5,4,1420,596.4,6276.4,MBR,Books,Fiction
40654699409,271122,22-09-2013,4,4,5,739,387.975,4082.975,e-Shop,Bags,Mens
42398119703,268515,22-09-2013,3,1,2,140,29.4,309.4,TeleShop,Clothing,Kids
18785172620,268701,22-09-2013,4,4,4,1085,455.7,4795.7,e-Shop,Bags,Mens
22533193126,270160,22-09-2013,6,5,2,1408,295.68,3111.68,TeleShop,Books,DIY
22856174381,272604,22-09-2013,4,4,2,1018,213.78,2249.78,Flagship store,Bags,Mens
40107200407,272186,22-09-2013,3,1,3,1369,431.235,4538.235,e-Shop,Clothing,Kids
73247543917,275093,22-09-2013,12,6,2,1217,255.57,2689.57,e-Shop,Home and kitchen,Academic
90566406163,270286,22-09-2013,4,4,4,1247,523.74,5511.74,Flagship store,Bags,Mens
83851430196,270771,22-09-2013,10,6,3,1189,374.535,3941.535,MBR,Home and kitchen,Audio and video
90750562538,272059,22-09-2013,2,6,4,1348,566.16,5958.16,MBR,Home and kitchen,Furnishing
88124772586,272864,22-09-2013,11,6,5,138,72.45,762.45,e-Shop,Home and kitchen,Children
98807578367,270023,22-09-2013,11,6,3,1142,359.73,3785.73,TeleShop,Home and kitchen,Children
84405561816,274840,22-09-2013,2,6,4,606,254.52,2678.52,Flagship store,Home and kitchen,Furnishing
66078020529,269135,22-09-2013,4,4,1,1204,126.42,1330.42,MBR,Bags,Mens
99963516507,273791,22-09-2013,12,5,2,1053,221.13,2327.13,Flagship store,Books,Academic
66942257663,271210,22-09-2013,11,6,4,771,323.82,3407.82,e-Shop,Home and kitchen,Children
99798790311,274805,22-09-2013,3,2,1,254,26.67,280.67,MBR,Footwear,Kids
30697451045,268486,21-09-2013,3,5,-3,-714,224.91,-2366.91,e-Shop,Books,Kids
42965633499,269449,21-09-2013,4,2,3,353,111.195,1170.195,TeleShop,Footwear,Mens
51460462786,273094,21-09-2013,12,6,4,1278,536.76,5648.76,e-Shop,Home and kitchen,Academic
39597644149,271160,21-09-2013,10,3,-5,-208,109.2,-1149.2,e-Shop,Electronics,Audio and video
37441945287,269387,21-09-2013,9,3,-4,-1414,593.88,-6249.88,e-Shop,Electronics,Cameras
9074287285,270455,21-09-2013,3,5,-2,-475,99.75,-1049.75,e-Shop,Books,Kids
16634019038,274972,21-09-2013,12,6,3,234,73.71,775.71,TeleShop,Home and kitchen,Academic
6419159391,268700,21-09-2013,11,5,3,1242,391.23,4117.23,Flagship store,Books,Children
59124928460,271344,21-09-2013,12,5,1,536,56.28,592.28,Flagship store,Books,Academic
62861989009,274279,21-09-2013,10,6,4,586,246.12,2590.12,MBR,Home and kitchen,Audio and video
51354169853,274098,21-09-2013,12,5,5,597,313.425,3298.425,e-Shop,Books,Academic
79438173564,268572,21-09-2013,1,4,4,1317,553.14,5821.14,TeleShop,Bags,Women
64590004273,271595,21-09-2013,4,4,3,571,179.865,1892.865,e-Shop,Bags,Mens
72179651378,272425,21-09-2013,4,3,1,1425,149.625,1574.625,e-Shop,Electronics,Mens
68066856206,268008,21-09-2013,12,6,5,807,423.675,4458.675,TeleShop,Home and kitchen,Academic
99438726059,267049,21-09-2013,1,1,3,86,27.09,285.09,e-Shop,Clothing,Women
69839500031,273495,21-09-2013,10,3,5,1439,755.475,7950.475,e-Shop,Electronics,Audio and video
94880275837,273366,21-09-2013,3,2,1,989,103.845,1092.845,MBR,Footwear,Kids
98913668332,273761,21-09-2013,4,2,3,78,24.57,258.57,TeleShop,Footwear,Mens
96260332917,274977,21-09-2013,9,3,1,453,47.565,500.565,Flagship store,Electronics,Cameras
33968369360,270563,20-09-2013,4,1,2,388,81.48,857.48,e-Shop,Clothing,Mens
15942922451,267246,20-09-2013,10,6,5,806,423.15,4453.15,Flagship store,Home and kitchen,Audio and video
2586292243,268368,20-09-2013,3,5,4,1223,513.66,5405.66,Flagship store,Books,Kids
31408259430,268385,20-09-2013,2,6,5,837,439.425,4624.425,TeleShop,Home and kitchen,Furnishing
48662282932,271643,20-09-2013,2,6,1,1237,129.885,1366.885,Flagship store,Home and kitchen,Furnishing
41548065485,271605,20-09-2013,1,4,2,1265,265.65,2795.65,e-Shop,Bags,Women
53338054126,269423,20-09-2013,5,3,3,1475,464.625,4889.625,MBR,Electronics,Computers
31061178143,274226,20-09-2013,8,3,4,945,396.9,4176.9,MBR,Electronics,Personal Appliances
38652177130,268383,20-09-2013,4,3,4,554,232.68,2448.68,MBR,Electronics,Mens
37441945287,269387,20-09-2013,9,3,4,1414,593.88,6249.88,e-Shop,Electronics,Cameras
33095112814,272349,20-09-2013,11,5,5,1299,681.975,7176.975,Flagship store,Books,Children
44676991362,271729,20-09-2013,4,1,5,800,420,4420,TeleShop,Clothing,Mens
71290673365,269650,20-09-2013,2,6,4,231,97.02,1021.02,TeleShop,Home and kitchen,Furnishing
96071000946,268415,20-09-2013,12,5,4,1329,558.18,5874.18,e-Shop,Books,Academic
65593134052,271137,20-09-2013,10,5,5,784,411.6,4331.6,e-Shop,Books,Audio and video
93457282663,273507,20-09-2013,4,2,3,969,305.235,3212.235,e-Shop,Footwear,Mens
99405618125,272494,20-09-2013,11,6,2,1458,306.18,3222.18,e-Shop,Home and kitchen,Children
78837513093,274795,20-09-2013,10,3,2,1053,221.13,2327.13,Flagship store,Electronics,Audio and video
99957916781,274187,20-09-2013,4,4,2,202,42.42,446.42,TeleShop,Bags,Mens
66771756185,273907,20-09-2013,11,6,3,1185,373.275,3928.275,MBR,Home and kitchen,Children
95618235659,269875,20-09-2013,12,5,-3,-476,149.94,-1577.94,e-Shop,Books,Academic
27083769027,273732,19-09-2013,3,1,2,1237,259.77,2733.77,Flagship store,Clothing,Kids
39766203942,270293,19-09-2013,8,3,1,1272,133.56,1405.56,e-Shop,Electronics,Personal Appliances
59575215387,273972,19-09-2013,10,3,-3,-176,55.44,-583.44,MBR,Electronics,Audio and video
32644533287,272887,19-09-2013,1,2,1,958,100.59,1058.59,Flagship store,Footwear,Women
22527572032,273776,19-09-2013,1,1,2,983,206.43,2172.43,TeleShop,Clothing,Women
18129240745,268997,19-09-2013,1,1,5,631,331.275,3486.275,TeleShop,Clothing,Women
41403114846,272369,19-09-2013,4,4,2,503,105.63,1111.63,e-Shop,Bags,Mens
59361634571,272433,19-09-2013,1,1,5,1057,554.925,5839.925,Flagship store,Clothing,Women
45989791773,268047,19-09-2013,6,5,1,690,72.45,762.45,MBR,Books,DIY
53387160961,267987,19-09-2013,11,5,2,841,176.61,1858.61,e-Shop,Books,Children
10759534295,269235,19-09-2013,2,6,3,530,166.95,1756.95,MBR,Home and kitchen,Furnishing
21661632369,269727,19-09-2013,3,5,4,1047,439.74,4627.74,Flagship store,Books,Kids
30985868116,268848,19-09-2013,10,3,4,1390,583.8,6143.8,e-Shop,Electronics,Audio and video
25840015029,272813,19-09-2013,10,5,3,553,174.195,1833.195,MBR,Books,Audio and video
10596584077,270655,19-09-2013,9,3,3,290,91.35,961.35,e-Shop,Electronics,Cameras
6440616564,272722,19-09-2013,2,6,5,242,127.05,1337.05,TeleShop,Home and kitchen,Furnishing
41168183694,275064,19-09-2013,1,2,2,1224,257.04,2705.04,e-Shop,Footwear,Women
45601326313,267634,19-09-2013,10,6,5,1383,726.075,7641.075,TeleShop,Home and kitchen,Audio and video
13160538806,267437,19-09-2013,1,2,1,330,34.65,364.65,Flagship store,Footwear,Women
64915388667,267358,19-09-2013,11,6,4,1240,520.8,5480.8,Flagship store,Home and kitchen,Children
71265515844,272067,19-09-2013,1,4,5,876,459.9,4839.9,MBR,Bags,Women
91804852597,275226,19-09-2013,11,6,4,993,417.06,4389.06,TeleShop,Home and kitchen,Children
65114820194,275137,19-09-2013,9,3,2,1398,293.58,3089.58,e-Shop,Electronics,Cameras
94635436857,270030,19-09-2013,1,1,2,1187,249.27,2623.27,TeleShop,Clothing,Women
73214408826,271491,19-09-2013,11,5,4,1199,503.58,5299.58,e-Shop,Books,Children
83889297975,275116,19-09-2013,10,6,1,431,45.255,476.255,e-Shop,Home and kitchen,Audio and video
63833750229,269016,19-09-2013,10,6,-3,-460,144.9,-1524.9,TeleShop,Home and kitchen,Audio and video
63833750229,269016,19-09-2013,10,6,-3,-460,144.9,-1524.9,TeleShop,Home and kitchen,Audio and video
52261844925,271923,18-09-2013,2,6,-4,-270,113.4,-1193.4,TeleShop,Home and kitchen,Furnishing
48749730333,267375,18-09-2013,1,4,1,1398,146.79,1544.79,MBR,Bags,Women
61792566818,271385,18-09-2013,1,4,4,972,408.24,4296.24,MBR,Bags,Women
25526424840,273518,18-09-2013,10,3,3,248,78.12,822.12,MBR,Electronics,Audio and video
17921839490,267016,18-09-2013,12,5,1,1134,119.07,1253.07,TeleShop,Books,Academic
50484012668,272476,18-09-2013,1,4,1,378,39.69,417.69,TeleShop,Bags,Women
31803201960,268624,18-09-2013,11,5,5,1437,754.425,7939.425,e-Shop,Books,Children
91564013133,274279,18-09-2013,3,1,3,1005,316.575,3331.575,e-Shop,Clothing,Kids
72730098179,268881,18-09-2013,11,6,2,145,30.45,320.45,e-Shop,Home and kitchen,Children
70225237541,273287,18-09-2013,1,2,5,427,224.175,2359.175,e-Shop,Footwear,Women
99514449468,272494,18-09-2013,3,5,2,1496,314.16,3306.16,MBR,Books,Kids
86631518197,270310,18-09-2013,10,3,5,1320,693,7293,e-Shop,Electronics,Audio and video
99220847767,267073,18-09-2013,4,1,2,1273,267.33,2813.33,e-Shop,Clothing,Mens
24556422542,273683,17-09-2013,3,1,3,1476,464.94,4892.94,Flagship store,Clothing,Kids
40085850040,270241,17-09-2013,12,6,-3,-343,108.045,-1137.045,TeleShop,Home and kitchen,Academic
12585151245,267316,17-09-2013,10,3,5,1460,766.5,8066.5,Flagship store,Electronics,Audio and video
44498135124,270009,17-09-2013,9,3,1,1124,118.02,1242.02,e-Shop,Electronics,Cameras
38954497500,272098,17-09-2013,12,6,2,906,190.26,2002.26,TeleShop,Home and kitchen,Academic
27387831292,269331,17-09-2013,10,5,4,926,388.92,4092.92,e-Shop,Books,Audio and video
18927897502,275165,17-09-2013,9,3,1,917,96.285,1013.285,Flagship store,Electronics,Cameras
62174150487,272938,17-09-2013,1,1,1,527,55.335,582.335,e-Shop,Clothing,Women
34449742591,267226,17-09-2013,1,1,1,456,47.88,503.88,e-Shop,Clothing,Women
49217419018,269013,17-09-2013,4,3,5,624,327.6,3447.6,MBR,Electronics,Mens
52261844925,271923,17-09-2013,2,6,4,270,113.4,1193.4,TeleShop,Home and kitchen,Furnishing
95618235659,269875,17-09-2013,12,5,3,476,149.94,1577.94,e-Shop,Books,Academic
63833750229,269016,17-09-2013,10,6,3,460,144.9,1524.9,TeleShop,Home and kitchen,Audio and video
88177228538,267183,17-09-2013,10,3,5,837,439.425,4624.425,TeleShop,Electronics,Audio and video
69376934095,270061,17-09-2013,7,5,2,84,17.64,185.64,e-Shop,Books,Fiction
94910640900,267236,17-09-2013,7,5,3,683,215.145,2264.145,e-Shop,Books,Fiction
96198376815,272580,17-09-2013,8,3,5,1119,587.475,6182.475,e-Shop,Electronics,Personal Appliances
88606743874,271201,17-09-2013,10,5,-5,-1220,640.5,-6740.5,MBR,Books,Audio and video
73146783101,273510,17-09-2013,1,4,3,562,177.03,1863.03,e-Shop,Bags,Women
85981380151,268654,17-09-2013,5,3,1,635,66.675,701.675,Flagship store,Electronics,Computers
95112445500,270216,17-09-2013,4,3,-2,-383,80.43,-846.43,TeleShop,Electronics,Mens
53225488283,269596,16-09-2013,7,5,1,912,95.76,1007.76,MBR,Books,Fiction
37204442734,272768,16-09-2013,10,6,2,1458,306.18,3222.18,MBR,Home and kitchen,Audio and video
42372841742,275222,16-09-2013,3,1,2,920,193.2,2033.2,MBR,Clothing,Kids
26170819184,267852,16-09-2013,3,2,-5,-927,486.675,-5121.675,MBR,Footwear,Kids
9726520175,274258,16-09-2013,6,5,1,79,8.295,87.295,e-Shop,Books,DIY
2537476381,267772,16-09-2013,3,1,2,975,204.75,2154.75,e-Shop,Clothing,Kids
2893544866,275233,16-09-2013,3,1,2,98,20.58,216.58,Flagship store,Clothing,Kids
62560151977,267540,16-09-2013,10,5,5,1222,641.55,6751.55,e-Shop,Books,Audio and video
933067130,270588,16-09-2013,9,3,3,532,167.58,1763.58,TeleShop,Electronics,Cameras
31937858775,266883,16-09-2013,10,3,4,468,196.56,2068.56,MBR,Electronics,Audio and video
36957441426,270351,16-09-2013,3,2,3,361,113.715,1196.715,Flagship store,Footwear,Kids
27469711690,268080,16-09-2013,6,5,-4,-1395,585.9,-6165.9,TeleShop,Books,DIY
59120808897,267836,16-09-2013,3,2,3,1323,416.745,4385.745,e-Shop,Footwear,Kids
5064023324,274060,16-09-2013,12,5,5,1317,691.425,7276.425,e-Shop,Books,Academic
2286773925,274802,16-09-2013,2,6,4,780,327.6,3447.6,TeleShop,Home and kitchen,Furnishing
81146508695,269859,16-09-2013,1,4,3,323,101.745,1070.745,e-Shop,Bags,Women
77725695028,274048,16-09-2013,10,3,-1,-1498,157.29,-1655.29,TeleShop,Electronics,Audio and video
99341862695,268011,16-09-2013,10,6,1,1431,150.255,1581.255,e-Shop,Home and kitchen,Audio and video
99109047002,269789,16-09-2013,5,3,-2,-1131,237.51,-2499.51,TeleShop,Electronics,Computers
64736366936,271392,16-09-2013,3,2,4,1477,620.34,6528.34,e-Shop,Footwear,Kids
73563842075,272718,16-09-2013,2,6,5,332,174.3,1834.3,TeleShop,Home and kitchen,Furnishing
83169460082,268376,16-09-2013,5,3,-2,-1050,220.5,-2320.5,TeleShop,Electronics,Computers
70452745518,272357,16-09-2013,7,5,1,1092,114.66,1206.66,TeleShop,Books,Fiction
69927490911,271620,16-09-2013,3,5,4,202,84.84,892.84,Flagship store,Books,Kids
36762903926,270450,15-09-2013,10,5,2,714,149.94,1577.94,e-Shop,Books,Audio and video
11548009104,271789,15-09-2013,4,3,4,397,166.74,1754.74,MBR,Electronics,Mens
2956974252,272943,15-09-2013,4,1,5,661,347.025,3652.025,e-Shop,Clothing,Mens
54756656305,267592,15-09-2013,4,2,3,1029,324.135,3411.135,MBR,Footwear,Mens
9074287285,270455,15-09-2013,3,5,2,475,99.75,1049.75,e-Shop,Books,Kids
39926196321,267327,15-09-2013,3,5,4,1212,509.04,5357.04,e-Shop,Books,Kids
57665834939,274633,15-09-2013,4,4,4,409,171.78,1807.78,MBR,Bags,Mens
6423977497,274068,15-09-2013,1,2,3,778,245.07,2579.07,Flagship store,Footwear,Women
42304658907,269329,15-09-2013,10,5,5,650,341.25,3591.25,MBR,Books,Audio and video
23846292710,271615,15-09-2013,3,5,1,1252,131.46,1383.46,TeleShop,Books,Kids
25238814419,269094,15-09-2013,12,6,1,948,99.54,1047.54,Flagship store,Home and kitchen,Academic
26170819184,267852,15-09-2013,3,2,5,927,486.675,5121.675,MBR,Footwear,Kids
38693781855,274603,15-09-2013,1,4,4,1325,556.5,5856.5,e-Shop,Bags,Women
59627621289,274602,15-09-2013,4,3,5,289,151.725,1596.725,MBR,Electronics,Mens
27404376591,274900,15-09-2013,7,5,5,569,298.725,3143.725,MBR,Books,Fiction
40040455596,270091,15-09-2013,11,6,1,718,75.39,793.39,TeleShop,Home and kitchen,Children
13468408757,271236,15-09-2013,4,4,5,339,177.975,1872.975,Flagship store,Bags,Mens
34441340995,273986,15-09-2013,10,3,3,252,79.38,835.38,e-Shop,Electronics,Audio and video
65197738726,273184,15-09-2013,3,1,4,1233,517.86,5449.86,Flagship store,Clothing,Kids
99109047002,269789,15-09-2013,5,3,2,1131,237.51,2499.51,TeleShop,Electronics,Computers
64425943945,267792,15-09-2013,1,2,3,869,273.735,2880.735,MBR,Footwear,Women
85461069560,269466,15-09-2013,4,4,-5,-1233,647.325,-6812.325,MBR,Bags,Mens
72301303372,267309,15-09-2013,1,2,3,490,154.35,1624.35,e-Shop,Footwear,Women
80184915515,267241,15-09-2013,12,6,2,286,60.06,632.06,e-Shop,Home and kitchen,Academic
94697199407,273668,15-09-2013,11,5,4,143,60.06,632.06,Flagship store,Books,Children
68585561090,268858,15-09-2013,1,1,5,220,115.5,1215.5,MBR,Clothing,Women
95469466451,272228,15-09-2013,3,5,3,1422,447.93,4713.93,TeleShop,Books,Kids
99534082916,268669,15-09-2013,1,2,3,1033,325.395,3424.395,MBR,Footwear,Women
72724776243,273373,15-09-2013,8,3,3,1218,383.67,4037.67,TeleShop,Electronics,Personal Appliances
66612783962,268025,15-09-2013,5,3,2,447,93.87,987.87,e-Shop,Electronics,Computers
30697451045,268486,14-09-2013,3,5,3,714,224.91,2366.91,e-Shop,Books,Kids
54317320709,270561,14-09-2013,4,1,4,977,410.34,4318.34,MBR,Clothing,Mens
56149483766,273888,14-09-2013,7,5,2,577,121.17,1275.17,TeleShop,Books,Fiction
10256756885,270908,14-09-2013,4,3,4,987,414.54,4362.54,MBR,Electronics,Mens
41598215412,268025,14-09-2013,10,5,2,1143,240.03,2526.03,e-Shop,Books,Audio and video
18840327077,270404,14-09-2013,4,2,3,377,118.755,1249.755,TeleShop,Footwear,Mens
49170631113,273306,14-09-2013,4,3,3,649,204.435,2151.435,e-Shop,Electronics,Mens
27553538151,272526,14-09-2013,12,5,4,288,120.96,1272.96,MBR,Books,Academic
46689385603,271292,14-09-2013,1,4,5,680,357,3757,Flagship store,Bags,Women
28865027062,271587,14-09-2013,12,5,3,1100,346.5,3646.5,e-Shop,Books,Academic
17769699359,270670,14-09-2013,1,2,4,998,419.16,4411.16,Flagship store,Footwear,Women
1824180129,271675,14-09-2013,4,1,5,425,223.125,2348.125,Flagship store,Clothing,Mens
27263429278,267558,14-09-2013,9,3,1,483,50.715,533.715,e-Shop,Electronics,Cameras
82158839995,274110,14-09-2013,3,5,5,682,358.05,3768.05,e-Shop,Books,Kids
84767196241,268929,14-09-2013,2,6,3,1366,430.29,4528.29,MBR,Home and kitchen,Furnishing
65743246843,274006,14-09-2013,2,6,-3,-304,95.76,-1007.76,e-Shop,Home and kitchen,Furnishing
83169460082,268376,14-09-2013,5,3,2,1050,220.5,2320.5,TeleShop,Electronics,Computers
88606743874,271201,14-09-2013,10,5,5,1220,640.5,6740.5,MBR,Books,Audio and video
72752346715,267635,14-09-2013,1,1,1,744,78.12,822.12,e-Shop,Clothing,Women
87832525318,273231,14-09-2013,12,5,2,234,49.14,517.14,Flagship store,Books,Academic
77343291168,269460,14-09-2013,3,2,3,663,208.845,2197.845,TeleShop,Footwear,Kids
36609410762,268812,13-09-2013,5,3,2,784,164.64,1732.64,e-Shop,Electronics,Computers
56650648776,271320,13-09-2013,2,6,2,791,166.11,1748.11,Flagship store,Home and kitchen,Furnishing
49751711071,272322,13-09-2013,7,5,2,407,85.47,899.47,e-Shop,Books,Fiction
43810786448,271868,13-09-2013,1,1,4,91,38.22,402.22,MBR,Clothing,Women
36890623300,269239,13-09-2013,12,6,5,207,108.675,1143.675,MBR,Home and kitchen,Academic
1341875743,272704,13-09-2013,2,6,3,1468,462.42,4866.42,TeleShop,Home and kitchen,Furnishing
10610628997,271185,13-09-2013,12,5,3,917,288.855,3039.855,TeleShop,Books,Academic
39597644149,271160,13-09-2013,10,3,5,208,109.2,1149.2,e-Shop,Electronics,Audio and video
31892266026,272839,13-09-2013,10,6,2,663,139.23,1465.23,TeleShop,Home and kitchen,Audio and video
15267359205,266987,13-09-2013,11,5,5,1445,758.625,7983.625,e-Shop,Books,Children
20842503646,273686,13-09-2013,10,5,3,300,94.5,994.5,MBR,Books,Audio and video
11146026763,268364,13-09-2013,4,3,-3,-561,176.715,-1859.715,e-Shop,Electronics,Mens
18937392179,272864,13-09-2013,10,6,-3,-1180,371.7,-3911.7,MBR,Home and kitchen,Audio and video
74141897668,272267,13-09-2013,1,1,5,1317,691.425,7276.425,Flagship store,Clothing,Women
78832422682,267534,13-09-2013,12,5,-4,-730,306.6,-3226.6,TeleShop,Books,Academic
73094219905,269843,13-09-2013,4,1,5,619,324.975,3419.975,Flagship store,Clothing,Mens
37459325933,270662,12/9/2013,12,6,3,849,267.435,2814.435,MBR,Home and kitchen,Academic
56999913276,273150,12/9/2013,3,2,2,1426,299.46,3151.46,Flagship store,Footwear,Kids
59575215387,273972,12/9/2013,10,3,3,176,55.44,583.44,MBR,Electronics,Audio and video
12733093003,273832,12/9/2013,11,6,1,156,16.38,172.38,Flagship store,Home and kitchen,Children
50939082992,274258,12/9/2013,10,6,3,502,158.13,1664.13,TeleShop,Home and kitchen,Audio and video
61593722890,272497,12/9/2013,7,5,1,1262,132.51,1394.51,TeleShop,Books,Fiction
4569568692,272410,12/9/2013,3,2,3,294,92.61,974.61,TeleShop,Footwear,Kids
62080052950,275181,12/9/2013,12,5,1,471,49.455,520.455,Flagship store,Books,Academic
52365996631,271106,12/9/2013,10,5,-3,-533,167.895,-1766.895,e-Shop,Books,Audio and video
35896383575,267490,12/9/2013,6,5,3,349,109.935,1156.935,TeleShop,Books,DIY
94978162195,271859,12/9/2013,1,1,3,320,100.8,1060.8,e-Shop,Clothing,Women
69837110084,271654,12/9/2013,10,3,5,779,408.975,4303.975,e-Shop,Electronics,Audio and video
71837526357,273707,12/9/2013,6,5,4,358,150.36,1582.36,e-Shop,Books,DIY
83909248643,270889,12/9/2013,4,4,2,840,176.4,1856.4,MBR,Bags,Mens
79508049832,268534,12/9/2013,4,2,5,74,38.85,408.85,e-Shop,Footwear,Mens
47996860422,267622,11/9/2013,4,3,4,732,307.44,3235.44,Flagship store,Electronics,Mens
40818899647,267046,11/9/2013,12,6,5,162,85.05,895.05,TeleShop,Home and kitchen,Academic
58962237834,268792,11/9/2013,3,2,1,1321,138.705,1459.705,e-Shop,Footwear,Kids
13042010584,273882,11/9/2013,4,2,5,1159,608.475,6403.475,e-Shop,Footwear,Mens
14582214706,272478,11/9/2013,4,4,2,973,204.33,2150.33,e-Shop,Bags,Mens
35837238601,272105,11/9/2013,3,5,1,662,69.51,731.51,e-Shop,Books,Kids
3547794310,267261,11/9/2013,10,3,2,285,59.85,629.85,TeleShop,Electronics,Audio and video
6329492355,267667,11/9/2013,4,4,3,765,240.975,2535.975,TeleShop,Bags,Mens
42294632284,272540,11/9/2013,4,3,1,1007,105.735,1112.735,Flagship store,Electronics,Mens
15594473790,271096,11/9/2013,1,2,2,1114,233.94,2461.94,e-Shop,Footwear,Women
27777110909,267748,11/9/2013,4,3,5,1126,591.15,6221.15,Flagship store,Electronics,Mens
5615221332,268825,11/9/2013,7,5,2,1188,249.48,2625.48,TeleShop,Books,Fiction
9039399401,271175,11/9/2013,8,3,1,1197,125.685,1322.685,TeleShop,Electronics,Personal Appliances
84124877759,272987,11/9/2013,9,3,2,213,44.73,470.73,MBR,Electronics,Cameras
98929551506,271714,11/9/2013,4,1,5,1320,693,7293,TeleShop,Clothing,Mens
82619066724,274972,11/9/2013,12,5,4,762,320.04,3368.04,e-Shop,Books,Academic
68330818234,268106,11/9/2013,9,3,2,1007,211.47,2225.47,e-Shop,Electronics,Cameras
68702628471,269087,11/9/2013,1,4,2,1345,282.45,2972.45,TeleShop,Bags,Women
73954855538,270917,11/9/2013,11,6,2,624,131.04,1379.04,e-Shop,Home and kitchen,Children
79583299423,271037,11/9/2013,4,1,3,1366,430.29,4528.29,MBR,Clothing,Mens
85072989869,268081,11/9/2013,12,6,2,540,113.4,1193.4,e-Shop,Home and kitchen,Academic
84411986311,273435,11/9/2013,1,1,3,591,186.165,1959.165,TeleShop,Clothing,Women
17468457642,266847,10/9/2013,10,3,3,855,269.325,2834.325,e-Shop,Electronics,Audio and video
37943903484,272703,10/9/2013,4,3,4,1025,430.5,4530.5,e-Shop,Electronics,Mens
40718475575,275139,10/9/2013,8,3,2,1428,299.88,3155.88,Flagship store,Electronics,Personal Appliances
30421473402,268823,10/9/2013,12,5,4,996,418.32,4402.32,e-Shop,Books,Academic
40399177613,267010,10/9/2013,1,1,2,366,76.86,808.86,MBR,Clothing,Women
25183365904,271736,10/9/2013,12,6,1,368,38.64,406.64,e-Shop,Home and kitchen,Academic
84164897681,270740,10/9/2013,2,6,5,744,390.6,4110.6,Flagship store,Home and kitchen,Furnishing
89685522918,268196,10/9/2013,4,3,5,354,185.85,1955.85,Flagship store,Electronics,Mens
86481307995,271905,10/9/2013,10,3,2,1141,239.61,2521.61,MBR,Electronics,Audio and video
85476256760,267760,10/9/2013,11,6,1,144,15.12,159.12,Flagship store,Home and kitchen,Children
77756237112,275152,10/9/2013,4,1,5,308,161.7,1701.7,e-Shop,Clothing,Mens
95112445500,270216,10/9/2013,4,3,2,383,80.43,846.43,TeleShop,Electronics,Mens
18937392179,272864,9/9/2013,10,6,3,1180,371.7,3911.7,MBR,Home and kitchen,Audio and video
29866196355,275186,9/9/2013,6,5,4,866,363.72,3827.72,MBR,Books,DIY
28914471254,268137,9/9/2013,2,6,1,1493,156.765,1649.765,e-Shop,Home and kitchen,Furnishing
24677340553,267463,9/9/2013,11,6,5,445,233.625,2458.625,TeleShop,Home and kitchen,Children
930973786,267264,9/9/2013,2,6,3,1245,392.175,4127.175,TeleShop,Home and kitchen,Furnishing
56887661045,271112,9/9/2013,2,6,3,740,233.1,2453.1,TeleShop,Home and kitchen,Furnishing
7142765743,270331,9/9/2013,1,4,1,1126,118.23,1244.23,e-Shop,Bags,Women
6741780680,270024,9/9/2013,8,3,5,589,309.225,3254.225,MBR,Electronics,Personal Appliances
44258430560,270788,9/9/2013,10,6,2,300,63,663,Flagship store,Home and kitchen,Audio and video
5248565959,267827,9/9/2013,12,5,3,1009,317.835,3344.835,MBR,Books,Academic
19282108296,273266,9/9/2013,10,5,1,1278,134.19,1412.19,e-Shop,Books,Audio and video
55323476380,271274,9/9/2013,6,5,4,291,122.22,1286.22,e-Shop,Books,DIY
48212686413,273400,9/9/2013,4,4,5,1257,659.925,6944.925,MBR,Bags,Mens
4381196320,274804,9/9/2013,1,1,4,1345,564.9,5944.9,e-Shop,Clothing,Women
62656748444,274079,9/9/2013,4,3,5,1195,627.375,6602.375,e-Shop,Electronics,Mens
39412736413,270044,9/9/2013,5,3,3,388,122.22,1286.22,e-Shop,Electronics,Computers
64380524221,274468,9/9/2013,11,5,2,566,118.86,1250.86,MBR,Books,Children
90647756252,275043,9/9/2013,3,2,5,1489,781.725,8226.725,TeleShop,Footwear,Kids
81671282380,274870,9/9/2013,1,4,1,632,66.36,698.36,e-Shop,Bags,Women
74210075173,273342,9/9/2013,4,1,3,117,36.855,387.855,TeleShop,Clothing,Mens
81087810522,273938,9/9/2013,3,2,5,377,197.925,2082.925,MBR,Footwear,Kids
69778126142,268894,9/9/2013,10,6,1,1174,123.27,1297.27,MBR,Home and kitchen,Audio and video
80708718362,273521,9/9/2013,12,5,3,1479,465.885,4902.885,e-Shop,Books,Academic
67713965405,272928,9/9/2013,4,2,4,1244,522.48,5498.48,e-Shop,Footwear,Mens
99925193648,268376,9/9/2013,11,5,3,85,26.775,281.775,e-Shop,Books,Children
98358550517,272590,9/9/2013,11,6,5,615,322.875,3397.875,e-Shop,Home and kitchen,Children
5519614501,271384,8/9/2013,1,1,5,536,281.4,2961.4,Flagship store,Clothing,Women
21982769415,270353,8/9/2013,4,4,-5,-225,118.125,-1243.125,TeleShop,Bags,Mens
50537536990,267359,8/9/2013,3,2,5,1192,625.8,6585.8,e-Shop,Footwear,Kids
27895715682,269877,8/9/2013,1,1,4,963,404.46,4256.46,e-Shop,Clothing,Women
33626906760,269218,8/9/2013,4,1,3,1390,437.85,4607.85,TeleShop,Clothing,Mens
42935130387,272744,8/9/2013,8,3,3,522,164.43,1730.43,MBR,Electronics,Personal Appliances
18563919324,272427,8/9/2013,9,3,1,362,38.01,400.01,e-Shop,Electronics,Cameras
29868651586,272485,8/9/2013,10,3,5,183,96.075,1011.075,Flagship store,Electronics,Audio and video
40085850040,270241,8/9/2013,12,6,3,343,108.045,1137.045,TeleShop,Home and kitchen,Academic
51988597354,273807,8/9/2013,10,5,1,80,8.4,88.4,e-Shop,Books,Audio and video
29561995539,275183,8/9/2013,1,1,3,1328,418.32,4402.32,Flagship store,Clothing,Women
21680978965,268203,8/9/2013,12,6,3,1278,402.57,4236.57,MBR,Home and kitchen,Academic
24692841198,267420,8/9/2013,11,5,1,1477,155.085,1632.085,Flagship store,Books,Children
6096235899,273600,8/9/2013,4,4,-2,-695,145.95,-1535.95,MBR,Bags,Mens
96522102664,267112,8/9/2013,3,1,4,1262,530.04,5578.04,e-Shop,Clothing,Kids
72143427687,273347,8/9/2013,4,4,2,1078,226.38,2382.38,e-Shop,Bags,Mens
72740132711,272542,8/9/2013,11,5,1,1215,127.575,1342.575,TeleShop,Books,Children
95159658446,274789,8/9/2013,4,3,1,266,27.93,293.93,e-Shop,Electronics,Mens
91422487907,268467,8/9/2013,10,5,1,1404,147.42,1551.42,e-Shop,Books,Audio and video
75876828596,267549,8/9/2013,5,3,4,1323,555.66,5847.66,TeleShop,Electronics,Computers
72398929328,267588,8/9/2013,10,6,3,1349,424.935,4471.935,Flagship store,Home and kitchen,Audio and video
5824068074,267803,7/9/2013,9,3,-1,-943,99.015,-1042.015,e-Shop,Electronics,Cameras
42267756866,272032,7/9/2013,3,5,1,901,94.605,995.605,Flagship store,Books,Kids
50197171170,274325,7/9/2013,3,5,4,241,101.22,1065.22,e-Shop,Books,Kids
13437293914,272418,7/9/2013,11,6,1,981,103.005,1084.005,e-Shop,Home and kitchen,Children
5635335547,269631,7/9/2013,6,5,2,543,114.03,1200.03,TeleShop,Books,DIY
58431761387,267665,7/9/2013,10,3,1,1128,118.44,1246.44,Flagship store,Electronics,Audio and video
55396177495,271030,7/9/2013,4,4,2,660,138.6,1458.6,e-Shop,Bags,Mens
47873329632,273168,7/9/2013,12,6,4,1416,594.72,6258.72,Flagship store,Home and kitchen,Academic
15572869817,273745,7/9/2013,10,3,-3,-872,274.68,-2890.68,e-Shop,Electronics,Audio and video
17016845743,267617,7/9/2013,3,5,4,1500,630,6630,MBR,Books,Kids
52365996631,271106,7/9/2013,10,5,3,533,167.895,1766.895,e-Shop,Books,Audio and video
98289277236,272915,7/9/2013,7,5,4,414,173.88,1829.88,TeleShop,Books,Fiction
99766045596,271673,7/9/2013,12,6,4,342,143.64,1511.64,e-Shop,Home and kitchen,Academic
86336891203,267240,7/9/2013,6,5,3,551,173.565,1826.565,MBR,Books,DIY
90118575971,273586,7/9/2013,1,1,1,1250,131.25,1381.25,Flagship store,Clothing,Women
88670572513,270886,7/9/2013,4,1,3,163,51.345,540.345,e-Shop,Clothing,Mens
88477949634,269370,7/9/2013,3,2,2,630,132.3,1392.3,Flagship store,Footwear,Kids
22031240171,267996,6/9/2013,3,1,3,637,200.655,2111.655,e-Shop,Clothing,Kids
51475345399,271811,6/9/2013,4,2,-4,-1119,469.98,-4945.98,TeleShop,Footwear,Mens
19373719499,271044,6/9/2013,3,1,1,1183,124.215,1307.215,MBR,Clothing,Kids
53429613204,273796,6/9/2013,10,3,4,1335,560.7,5900.7,Flagship store,Electronics,Audio and video
27469711690,268080,6/9/2013,6,5,4,1395,585.9,6165.9,TeleShop,Books,DIY
55807314567,267652,6/9/2013,4,3,2,1372,288.12,3032.12,e-Shop,Electronics,Mens
9005008884,269057,6/9/2013,1,1,1,516,54.18,570.18,Flagship store,Clothing,Women
11146026763,268364,6/9/2013,4,3,3,561,176.715,1859.715,e-Shop,Electronics,Mens
55962725463,270706,6/9/2013,12,6,4,1344,564.48,5940.48,e-Shop,Home and kitchen,Academic
33500386612,274321,6/9/2013,4,1,1,903,94.815,997.815,Flagship store,Clothing,Mens
27492623191,271216,6/9/2013,2,6,1,1331,139.755,1470.755,e-Shop,Home and kitchen,Furnishing
10319624627,271824,6/9/2013,4,3,1,779,81.795,860.795,Flagship store,Electronics,Mens
29706701777,274956,6/9/2013,3,1,4,1293,543.06,5715.06,TeleShop,Clothing,Kids
97939365188,272165,6/9/2013,10,5,5,221,116.025,1221.025,Flagship store,Books,Audio and video
88155153655,273474,6/9/2013,4,4,5,891,467.775,4922.775,e-Shop,Bags,Mens
77725695028,274048,6/9/2013,10,3,1,1498,157.29,1655.29,TeleShop,Electronics,Audio and video
84373206261,269142,6/9/2013,6,5,1,1043,109.515,1152.515,Flagship store,Books,DIY
97611050335,274840,6/9/2013,3,5,3,120,37.8,397.8,MBR,Books,Kids
81265505240,271702,6/9/2013,1,2,2,1090,228.9,2408.9,MBR,Footwear,Women
64428451030,266818,6/9/2013,4,1,1,1241,130.305,1371.305,e-Shop,Clothing,Mens
83165744434,273822,6/9/2013,5,3,1,334,35.07,369.07,MBR,Electronics,Computers
65743246843,274006,6/9/2013,2,6,3,304,95.76,1007.76,e-Shop,Home and kitchen,Furnishing
85461069560,269466,6/9/2013,4,4,5,1233,647.325,6812.325,MBR,Bags,Mens
87587426479,269122,6/9/2013,2,6,2,821,172.41,1814.41,TeleShop,Home and kitchen,Furnishing
83856123521,271161,6/9/2013,12,6,4,1067,448.14,4716.14,e-Shop,Home and kitchen,Academic
30432373246,270663,5/9/2013,12,5,5,709,372.225,3917.225,e-Shop,Books,Academic
36867890239,267119,5/9/2013,10,3,1,1488,156.24,1644.24,Flagship store,Electronics,Audio and video
55832908999,268772,5/9/2013,10,5,2,921,193.41,2035.41,MBR,Books,Audio and video
60154772182,269117,5/9/2013,5,3,1,1346,141.33,1487.33,e-Shop,Electronics,Computers
50629964412,266819,5/9/2013,5,3,3,691,217.665,2290.665,Flagship store,Electronics,Computers
54012774978,267904,5/9/2013,4,3,3,1432,451.08,4747.08,e-Shop,Electronics,Mens
13669628493,275009,5/9/2013,5,3,-3,-1268,399.42,-4203.42,TeleShop,Electronics,Computers
50145289979,268659,5/9/2013,5,3,2,981,206.01,2168.01,e-Shop,Electronics,Computers
53673172604,275012,5/9/2013,10,5,-1,-1028,107.94,-1135.94,Flagship store,Books,Audio and video
63136515211,273481,5/9/2013,1,4,2,1232,258.72,2722.72,e-Shop,Bags,Women
28435100689,269105,5/9/2013,4,4,2,206,43.26,455.26,TeleShop,Bags,Mens
49854839884,270393,5/9/2013,4,2,5,549,288.225,3033.225,MBR,Footwear,Mens
79902635485,274583,5/9/2013,9,3,2,1425,299.25,3149.25,e-Shop,Electronics,Cameras
78591419961,267743,5/9/2013,10,6,5,1127,591.675,6226.675,MBR,Home and kitchen,Audio and video
66190224419,274988,5/9/2013,7,5,-2,-100,21,-221,e-Shop,Books,Fiction
86746967441,274878,5/9/2013,11,6,1,435,45.675,480.675,e-Shop,Home and kitchen,Children
94276785406,267615,5/9/2013,11,5,4,200,84,884,Flagship store,Books,Children
82692616198,272533,5/9/2013,4,2,5,805,422.625,4447.625,MBR,Footwear,Mens
23212908047,268089,4/9/2013,3,1,2,246,51.66,543.66,TeleShop,Clothing,Kids
30205894912,272943,4/9/2013,3,2,4,275,115.5,1215.5,TeleShop,Footwear,Kids
57732488780,271328,4/9/2013,4,1,3,364,114.66,1206.66,MBR,Clothing,Mens
25414653571,267634,4/9/2013,5,3,5,1104,579.6,6099.6,e-Shop,Electronics,Computers
21154011621,268995,4/9/2013,11,6,3,1157,364.455,3835.455,e-Shop,Home and kitchen,Children
41868540173,271951,4/9/2013,6,5,4,1003,421.26,4433.26,Flagship store,Books,DIY
32598968180,269726,4/9/2013,12,6,5,281,147.525,1552.525,Flagship store,Home and kitchen,Academic
46677746856,271187,4/9/2013,11,5,1,1062,111.51,1173.51,TeleShop,Books,Children
60172687236,275187,4/9/2013,12,6,4,1013,425.46,4477.46,MBR,Home and kitchen,Academic
77183365176,272352,4/9/2013,4,2,1,396,41.58,437.58,MBR,Footwear,Mens
90283930613,267361,4/9/2013,2,6,5,1165,611.625,6436.625,TeleShop,Home and kitchen,Furnishing
73800562584,267020,4/9/2013,12,6,4,181,76.02,800.02,e-Shop,Home and kitchen,Academic
69685353532,269846,4/9/2013,8,3,2,74,15.54,163.54,MBR,Electronics,Personal Appliances
72675231687,270758,4/9/2013,7,5,1,344,36.12,380.12,TeleShop,Books,Fiction
80672080156,271485,4/9/2013,4,1,-5,-1381,725.025,-7630.025,e-Shop,Clothing,Mens
84611139627,271991,4/9/2013,3,5,-3,-1238,389.97,-4103.97,e-Shop,Books,Kids
13556417551,268540,3/9/2013,3,1,4,1359,570.78,6006.78,Flagship store,Clothing,Kids
15387420335,269498,3/9/2013,1,1,3,243,76.545,805.545,e-Shop,Clothing,Women
57324835125,270894,3/9/2013,4,2,4,593,249.06,2621.06,e-Shop,Footwear,Mens
54304510312,266972,3/9/2013,10,3,3,1031,324.765,3417.765,MBR,Electronics,Audio and video
19745391876,267924,3/9/2013,6,5,3,477,150.255,1581.255,Flagship store,Books,DIY
13393527567,267664,3/9/2013,1,2,3,407,128.205,1349.205,Flagship store,Footwear,Women
58103089574,272716,3/9/2013,2,6,-1,-1067,112.035,-1179.035,e-Shop,Home and kitchen,Furnishing
33718831353,273279,3/9/2013,3,5,2,1023,214.83,2260.83,Flagship store,Books,Kids
46432230357,269715,3/9/2013,6,5,1,156,16.38,172.38,e-Shop,Books,DIY
5623256730,271294,3/9/2013,6,5,3,884,278.46,2930.46,e-Shop,Books,DIY
47900539367,269875,3/9/2013,4,3,2,660,138.6,1458.6,MBR,Electronics,Mens
60512023062,271515,3/9/2013,1,4,5,843,442.575,4657.575,MBR,Bags,Women
80396636247,271368,3/9/2013,3,2,-3,-498,156.87,-1650.87,e-Shop,Footwear,Kids
73922729006,272662,3/9/2013,6,5,2,488,102.48,1078.48,TeleShop,Books,DIY
78832422682,267534,3/9/2013,12,5,4,730,306.6,3226.6,TeleShop,Books,Academic
96061314451,275257,3/9/2013,2,6,-3,-347,109.305,-1150.305,e-Shop,Home and kitchen,Furnishing
79341294410,275024,3/9/2013,4,1,4,880,369.6,3889.6,e-Shop,Clothing,Mens
83740688893,272354,3/9/2013,1,2,4,1162,488.04,5136.04,e-Shop,Footwear,Women
96220754972,272497,3/9/2013,1,1,3,89,28.035,295.035,e-Shop,Clothing,Women
67860842261,268424,3/9/2013,10,6,1,252,26.46,278.46,e-Shop,Home and kitchen,Audio and video
73170390966,268286,3/9/2013,11,6,5,1011,530.775,5585.775,e-Shop,Home and kitchen,Children
48054643200,267470,2/9/2013,4,1,2,1417,297.57,3131.57,Flagship store,Clothing,Mens
8118070547,274071,2/9/2013,11,5,1,1160,121.8,1281.8,Flagship store,Books,Children
41824117037,272217,2/9/2013,4,1,5,1378,723.45,7613.45,Flagship store,Clothing,Mens
21125873846,270864,2/9/2013,12,5,4,488,204.96,2156.96,e-Shop,Books,Academic
28810141075,268408,2/9/2013,10,6,2,813,170.73,1796.73,TeleShop,Home and kitchen,Audio and video
9755455013,266827,2/9/2013,8,3,4,269,112.98,1188.98,Flagship store,Electronics,Personal Appliances
50938790051,268250,2/9/2013,11,6,1,142,14.91,156.91,Flagship store,Home and kitchen,Children
24509135812,270549,2/9/2013,1,1,1,1282,134.61,1416.61,MBR,Clothing,Women
52171148249,271062,2/9/2013,1,1,1,1179,123.795,1302.795,e-Shop,Clothing,Women
29079549098,274608,2/9/2013,11,6,1,910,95.55,1005.55,e-Shop,Home and kitchen,Children
14404546218,273122,2/9/2013,9,3,4,1157,485.94,5113.94,e-Shop,Electronics,Cameras
9643416127,270094,2/9/2013,7,5,4,896,376.32,3960.32,e-Shop,Books,Fiction
35625197895,271051,2/9/2013,11,5,1,703,73.815,776.815,TeleShop,Books,Children
6096235899,273600,2/9/2013,4,4,2,695,145.95,1535.95,MBR,Bags,Mens
2875757095,272886,2/9/2013,10,6,3,1208,380.52,4004.52,MBR,Home and kitchen,Audio and video
32177435121,267162,2/9/2013,4,1,-2,-117,24.57,-258.57,Flagship store,Clothing,Mens
52743953384,270148,2/9/2013,7,5,2,872,183.12,1927.12,TeleShop,Books,Fiction
69356441650,273822,2/9/2013,5,3,2,326,68.46,720.46,MBR,Electronics,Computers
90796510916,272449,2/9/2013,11,5,1,1045,109.725,1154.725,TeleShop,Books,Children
68230296146,271811,2/9/2013,4,1,1,925,97.125,1022.125,e-Shop,Clothing,Mens
89310254570,268713,2/9/2013,2,6,4,244,102.48,1078.48,MBR,Home and kitchen,Furnishing
80562529519,271947,2/9/2013,3,5,4,420,176.4,1856.4,e-Shop,Books,Kids
79807778321,274795,2/9/2013,3,1,5,191,100.275,1055.275,TeleShop,Clothing,Kids
96061314451,275257,2/9/2013,2,6,3,347,109.305,1150.305,e-Shop,Home and kitchen,Furnishing
76177985639,274153,2/9/2013,4,4,4,1410,592.2,6232.2,e-Shop,Bags,Mens
32307268117,269716,1/9/2013,4,3,5,387,203.175,2138.175,e-Shop,Electronics,Mens
52115643292,273831,1/9/2013,3,2,-3,-1244,391.86,-4123.86,Flagship store,Footwear,Kids
12040238652,271924,1/9/2013,11,6,4,996,418.32,4402.32,Flagship store,Home and kitchen,Children
13665669815,270872,1/9/2013,10,5,1,961,100.905,1061.905,Flagship store,Books,Audio and video
9404565259,267620,1/9/2013,4,3,-4,-1416,594.72,-6258.72,e-Shop,Electronics,Mens
51899323140,268885,1/9/2013,11,5,1,82,8.61,90.61,Flagship store,Books,Children
15572869817,273745,1/9/2013,10,3,3,872,274.68,2890.68,e-Shop,Electronics,Audio and video
8742899897,267025,1/9/2013,4,1,2,1066,223.86,2355.86,Flagship store,Clothing,Mens
20255446278,268948,1/9/2013,6,5,2,349,73.29,771.29,Flagship store,Books,DIY
58958679725,273363,1/9/2013,12,5,4,988,414.96,4366.96,Flagship store,Books,Academic
28661998613,270898,1/9/2013,6,5,2,131,27.51,289.51,e-Shop,Books,DIY
67754884134,269457,1/9/2013,10,6,3,1248,393.12,4137.12,Flagship store,Home and kitchen,Audio and video
80672080156,271485,1/9/2013,4,1,5,1381,725.025,7630.025,e-Shop,Clothing,Mens
98954142537,273515,1/9/2013,3,1,-2,-230,48.3,-508.3,e-Shop,Clothing,Kids
86853452763,268710,1/9/2013,1,4,2,1048,220.08,2316.08,e-Shop,Bags,Women
69537964978,268026,1/9/2013,4,1,2,440,92.4,972.4,TeleShop,Clothing,Mens
67320613768,271318,1/9/2013,1,4,4,1255,527.1,5547.1,Flagship store,Bags,Women
92844887281,271241,1/9/2013,4,1,-1,-1496,157.08,-1653.08,e-Shop,Clothing,Mens
1556463945,268606,31-08-2013,4,4,1,189,19.845,208.845,TeleShop,Bags,Mens
60065664240,272546,31-08-2013,4,3,-4,-1472,618.24,-6506.24,TeleShop,Electronics,Mens
24624111992,275091,31-08-2013,5,3,4,1463,614.46,6466.46,MBR,Electronics,Computers
11293669930,273367,31-08-2013,4,2,3,931,293.265,3086.265,TeleShop,Footwear,Mens
37865611400,273987,31-08-2013,9,3,3,1204,379.26,3991.26,MBR,Electronics,Cameras
56414379789,274351,31-08-2013,10,6,1,1347,141.435,1488.435,MBR,Home and kitchen,Audio and video
34329159822,268643,31-08-2013,9,3,4,1163,488.46,5140.46,e-Shop,Electronics,Cameras
55988116498,273373,31-08-2013,1,4,5,956,501.9,5281.9,TeleShop,Bags,Women
36669934354,273214,31-08-2013,8,3,4,159,66.78,702.78,e-Shop,Electronics,Personal Appliances
58048491827,270221,31-08-2013,3,1,3,1396,439.74,4627.74,e-Shop,Clothing,Kids
96674997104,269611,31-08-2013,4,2,4,1119,469.98,4945.98,e-Shop,Footwear,Mens
66056880223,272189,31-08-2013,10,6,1,787,82.635,869.635,Flagship store,Home and kitchen,Audio and video
87964267607,270092,31-08-2013,12,5,-3,-1437,452.655,-4763.655,MBR,Books,Academic
63176152463,272431,31-08-2013,5,3,1,269,28.245,297.245,e-Shop,Electronics,Computers
80145493464,274425,31-08-2013,10,6,-4,-342,143.64,-1511.64,Flagship store,Home and kitchen,Audio and video
86842640792,268527,31-08-2013,11,5,5,1307,686.175,7221.175,e-Shop,Books,Children
2556975693,271673,30-08-2013,10,5,-2,-417,87.57,-921.57,Flagship store,Books,Audio and video
32988232355,272564,30-08-2013,4,1,2,661,138.81,1460.81,Flagship store,Clothing,Mens
19674978678,270152,30-08-2013,4,3,4,1351,567.42,5971.42,Flagship store,Electronics,Mens
14817065487,268897,30-08-2013,1,4,3,1378,434.07,4568.07,Flagship store,Bags,Women
43751965,272070,30-08-2013,10,6,2,1020,214.2,2254.2,Flagship store,Home and kitchen,Audio and video
39795770570,270357,30-08-2013,1,1,5,574,301.35,3171.35,e-Shop,Clothing,Women
4048667970,266997,30-08-2013,3,5,3,1427,449.505,4730.505,e-Shop,Books,Kids
53673172604,275012,30-08-2013,10,5,-1,-1028,107.94,-1135.94,Flagship store,Books,Audio and video
90500041414,271492,30-08-2013,4,3,3,243,76.545,805.545,e-Shop,Electronics,Mens
75097244517,274863,30-08-2013,3,2,4,1303,547.26,5759.26,Flagship store,Footwear,Kids
68334723764,273684,30-08-2013,11,6,2,367,77.07,811.07,Flagship store,Home and kitchen,Children
63484340678,272353,30-08-2013,10,6,4,992,416.64,4384.64,Flagship store,Home and kitchen,Audio and video
97272172640,269914,30-08-2013,1,4,2,863,181.23,1907.23,TeleShop,Bags,Women
65287114421,269078,30-08-2013,3,2,1,819,85.995,904.995,MBR,Footwear,Kids
18010453151,271091,29-08-2013,11,6,4,617,259.14,2727.14,e-Shop,Home and kitchen,Children
8110538110,272313,29-08-2013,4,4,1,720,75.6,795.6,TeleShop,Bags,Mens
20306944546,270690,29-08-2013,7,5,5,307,161.175,1696.175,TeleShop,Books,Fiction
62896262883,267235,29-08-2013,1,2,5,166,87.15,917.15,TeleShop,Footwear,Women
5824068074,267803,29-08-2013,9,3,1,943,99.015,1042.015,e-Shop,Electronics,Cameras
58055581361,275165,29-08-2013,2,6,4,1002,420.84,4428.84,e-Shop,Home and kitchen,Furnishing
23071889420,267933,29-08-2013,2,6,2,186,39.06,411.06,TeleShop,Home and kitchen,Furnishing
52115643292,273831,29-08-2013,3,2,3,1244,391.86,4123.86,Flagship store,Footwear,Kids
14446645310,269988,29-08-2013,10,5,5,429,225.225,2370.225,Flagship store,Books,Audio and video
57997046661,272118,29-08-2013,11,6,2,737,154.77,1628.77,e-Shop,Home and kitchen,Children
21982769415,270353,29-08-2013,4,4,5,225,118.125,1243.125,TeleShop,Bags,Mens
36223554091,270080,29-08-2013,1,4,4,303,127.26,1339.26,TeleShop,Bags,Women
36572254440,271824,29-08-2013,1,4,1,710,74.55,784.55,e-Shop,Bags,Women
90076833512,274420,29-08-2013,3,2,3,1436,452.34,4760.34,TeleShop,Footwear,Kids
90301755887,269783,29-08-2013,1,2,2,1349,283.29,2981.29,TeleShop,Footwear,Women
84611139627,271991,29-08-2013,3,5,3,1238,389.97,4103.97,e-Shop,Books,Kids
51475345399,271811,28-08-2013,4,2,4,1119,469.98,4945.98,TeleShop,Footwear,Mens
30592230057,271618,28-08-2013,12,5,3,879,276.885,2913.885,TeleShop,Books,Academic
25735474211,268581,28-08-2013,4,2,1,1013,106.365,1119.365,MBR,Footwear,Mens
58103089574,272716,28-08-2013,2,6,1,1067,112.035,1179.035,e-Shop,Home and kitchen,Furnishing
31089763656,270558,28-08-2013,3,2,4,1241,521.22,5485.22,e-Shop,Footwear,Kids
36205962069,268720,28-08-2013,1,1,5,1298,681.45,7171.45,e-Shop,Clothing,Women
1563634628,268522,28-08-2013,3,5,5,962,505.05,5315.05,MBR,Books,Kids
31393418399,267606,28-08-2013,3,1,5,1271,667.275,7022.275,TeleShop,Clothing,Kids
48862881472,267503,28-08-2013,10,6,-1,-898,94.29,-992.29,e-Shop,Home and kitchen,Audio and video
56831634343,269933,28-08-2013,1,2,1,1180,123.9,1303.9,Flagship store,Footwear,Women
11887373668,274542,28-08-2013,3,1,2,830,174.3,1834.3,TeleShop,Clothing,Kids
61106295492,267938,28-08-2013,8,3,3,406,127.89,1345.89,e-Shop,Electronics,Personal Appliances
24516647025,271233,28-08-2013,2,6,2,144,30.24,318.24,TeleShop,Home and kitchen,Furnishing
538990204,272242,28-08-2013,8,3,1,613,64.365,677.365,MBR,Electronics,Personal Appliances
28258536359,272809,28-08-2013,10,5,3,1026,323.19,3401.19,Flagship store,Books,Audio and video
53673172604,275012,28-08-2013,10,5,1,1028,107.94,1135.94,Flagship store,Books,Audio and video
88786101194,268945,28-08-2013,4,3,3,243,76.545,805.545,e-Shop,Electronics,Mens
97765408875,274603,28-08-2013,5,3,1,813,85.365,898.365,e-Shop,Electronics,Computers
82659354025,274926,28-08-2013,4,1,2,532,111.72,1175.72,Flagship store,Clothing,Mens
80853114009,271744,28-08-2013,11,5,3,361,113.715,1196.715,MBR,Books,Children
97148593645,273671,28-08-2013,7,5,1,1249,131.145,1380.145,e-Shop,Books,Fiction
83173941005,267635,28-08-2013,10,5,4,693,291.06,3063.06,MBR,Books,Audio and video
73909207905,269633,28-08-2013,9,3,-1,-233,24.465,-257.465,e-Shop,Electronics,Cameras
90620873272,274055,28-08-2013,7,5,4,241,101.22,1065.22,Flagship store,Books,Fiction
74772500006,270535,28-08-2013,4,2,4,825,346.5,3646.5,TeleShop,Footwear,Mens
82934958873,274678,28-08-2013,10,5,4,814,341.88,3597.88,e-Shop,Books,Audio and video
26238400076,268627,27-08-2013,1,1,4,842,353.64,3721.64,MBR,Clothing,Women
22497882123,268523,27-08-2013,4,2,2,1310,275.1,2895.1,Flagship store,Footwear,Mens
47763885910,271541,27-08-2013,12,6,4,838,351.96,3703.96,e-Shop,Home and kitchen,Academic
9404565259,267620,27-08-2013,4,3,4,1416,594.72,6258.72,e-Shop,Electronics,Mens
32915614465,273184,27-08-2013,4,2,-3,-1096,345.24,-3633.24,e-Shop,Footwear,Mens
56288840783,270141,27-08-2013,3,5,4,978,410.76,4322.76,e-Shop,Books,Kids
40264034123,269996,27-08-2013,11,5,2,452,94.92,998.92,MBR,Books,Children
27929671036,269491,27-08-2013,2,6,1,342,35.91,377.91,e-Shop,Home and kitchen,Furnishing
38084970929,273128,27-08-2013,8,3,4,639,268.38,2824.38,Flagship store,Electronics,Personal Appliances
39224043258,271511,27-08-2013,10,6,3,1114,350.91,3692.91,e-Shop,Home and kitchen,Audio and video
14830401913,272924,27-08-2013,10,5,2,398,83.58,879.58,MBR,Books,Audio and video
46152345167,268692,27-08-2013,10,5,5,97,50.925,535.925,e-Shop,Books,Audio and video
33982791771,274306,27-08-2013,11,5,3,366,115.29,1213.29,Flagship store,Books,Children
2556975693,271673,27-08-2013,10,5,2,417,87.57,921.57,Flagship store,Books,Audio and video
24849105286,269400,27-08-2013,4,4,5,247,129.675,1364.675,e-Shop,Bags,Mens
13669628493,275009,27-08-2013,5,3,3,1268,399.42,4203.42,TeleShop,Electronics,Computers
41685536601,268828,27-08-2013,12,6,3,489,154.035,1621.035,TeleShop,Home and kitchen,Academic
46021032732,272731,27-08-2013,1,1,3,1292,406.98,4282.98,TeleShop,Clothing,Women
11848860106,270733,27-08-2013,4,1,2,1253,263.13,2769.13,e-Shop,Clothing,Mens
66190224419,274988,27-08-2013,7,5,2,100,21,221,e-Shop,Books,Fiction
99076965174,273673,27-08-2013,6,5,4,246,103.32,1087.32,e-Shop,Books,DIY
66314345105,268683,27-08-2013,1,4,5,1122,589.05,6199.05,Flagship store,Bags,Women
98928360332,272883,27-08-2013,12,6,1,244,25.62,269.62,Flagship store,Home and kitchen,Academic
80396636247,271368,27-08-2013,3,2,-3,-498,156.87,-1650.87,e-Shop,Footwear,Kids
82297226370,268863,27-08-2013,11,6,5,233,122.325,1287.325,e-Shop,Home and kitchen,Children
88177856105,270775,27-08-2013,1,4,1,1307,137.235,1444.235,Flagship store,Bags,Women
50828891200,270663,26-08-2013,6,5,2,84,17.64,185.64,TeleShop,Books,DIY
7384665764,270049,26-08-2013,2,6,2,1219,255.99,2693.99,e-Shop,Home and kitchen,Furnishing
43892058286,268706,26-08-2013,7,5,2,1313,275.73,2901.73,MBR,Books,Fiction
48862881472,267503,26-08-2013,10,6,1,898,94.29,992.29,e-Shop,Home and kitchen,Audio and video
18436050799,271501,26-08-2013,4,3,1,1460,153.3,1613.3,e-Shop,Electronics,Mens
32691653322,271971,26-08-2013,1,2,3,911,286.965,3019.965,Flagship store,Footwear,Women
32915614465,273184,26-08-2013,4,2,3,1096,345.24,3633.24,e-Shop,Footwear,Mens
56791177515,270709,26-08-2013,12,5,4,769,322.98,3398.98,e-Shop,Books,Academic
19717796832,270933,26-08-2013,1,4,5,289,151.725,1596.725,MBR,Bags,Women
24748789762,269845,26-08-2013,4,4,5,604,317.1,3337.1,Flagship store,Bags,Mens
73909207905,269633,26-08-2013,9,3,1,233,24.465,257.465,e-Shop,Electronics,Cameras
66320385059,271817,26-08-2013,5,3,4,229,96.18,1012.18,e-Shop,Electronics,Computers
76071274719,273299,26-08-2013,4,1,5,563,295.575,3110.575,TeleShop,Clothing,Mens
64493355686,270550,26-08-2013,12,5,3,1380,434.7,4574.7,e-Shop,Books,Academic
81458995048,268447,26-08-2013,10,5,1,850,89.25,939.25,e-Shop,Books,Audio and video
80396636247,271368,26-08-2013,3,2,3,498,156.87,1650.87,e-Shop,Footwear,Kids
75356140855,270568,26-08-2013,1,4,4,728,305.76,3217.76,TeleShop,Bags,Women
99942287499,274839,26-08-2013,4,1,3,605,190.575,2005.575,TeleShop,Clothing,Mens
40561201552,272965,25-08-2013,11,6,1,1251,131.355,1382.355,MBR,Home and kitchen,Children
46239576027,272362,25-08-2013,11,6,2,803,168.63,1774.63,Flagship store,Home and kitchen,Children
17011408618,267913,25-08-2013,10,6,-2,-478,100.38,-1056.38,MBR,Home and kitchen,Audio and video
10359579746,272869,25-08-2013,4,4,4,1402,588.84,6196.84,e-Shop,Bags,Mens
28164970385,274782,25-08-2013,6,5,4,1330,558.6,5878.6,MBR,Books,DIY
6035042913,273767,25-08-2013,1,2,4,84,35.28,371.28,Flagship store,Footwear,Women
26201340138,273653,25-08-2013,1,2,2,994,208.74,2196.74,TeleShop,Footwear,Women
9202002414,275014,25-08-2013,5,3,4,837,351.54,3699.54,MBR,Electronics,Computers
25556019571,272411,25-08-2013,8,3,2,1211,254.31,2676.31,Flagship store,Electronics,Personal Appliances
5023914866,271697,25-08-2013,4,2,4,399,167.58,1763.58,e-Shop,Footwear,Mens
24075253501,269361,25-08-2013,1,1,2,1207,253.47,2667.47,MBR,Clothing,Women
4002300527,268597,25-08-2013,2,6,4,1374,577.08,6073.08,TeleShop,Home and kitchen,Furnishing
11508770033,267622,25-08-2013,11,6,4,623,261.66,2753.66,Flagship store,Home and kitchen,Children
571636731,271969,25-08-2013,10,5,5,1338,702.45,7392.45,e-Shop,Books,Audio and video
32177435121,267162,25-08-2013,4,1,2,117,24.57,258.57,Flagship store,Clothing,Mens
41997739971,274461,25-08-2013,5,3,3,1086,342.09,3600.09,MBR,Electronics,Computers
55953607918,273848,25-08-2013,4,2,2,201,42.21,444.21,e-Shop,Footwear,Mens
59872588302,272396,25-08-2013,3,1,5,591,310.275,3265.275,e-Shop,Clothing,Kids
99733747693,267432,25-08-2013,1,2,4,366,153.72,1617.72,MBR,Footwear,Women
67599589416,267655,25-08-2013,11,6,1,269,28.245,297.245,e-Shop,Home and kitchen,Children
87749874165,272592,25-08-2013,12,5,5,713,374.325,3939.325,Flagship store,Books,Academic
63925780237,270573,25-08-2013,10,6,5,1412,741.3,7801.3,Flagship store,Home and kitchen,Audio and video
88646450103,271994,25-08-2013,10,5,1,820,86.1,906.1,e-Shop,Books,Audio and video
67378688966,274357,25-08-2013,1,2,5,414,217.35,2287.35,Flagship store,Footwear,Women
80203008482,272438,25-08-2013,10,5,5,954,500.85,5270.85,TeleShop,Books,Audio and video
80145493464,274425,25-08-2013,10,6,4,342,143.64,1511.64,Flagship store,Home and kitchen,Audio and video
41055763658,269532,24-08-2013,1,1,4,1417,595.14,6263.14,e-Shop,Clothing,Women
27124961050,273790,24-08-2013,4,1,3,889,280.035,2947.035,TeleShop,Clothing,Mens
11352458044,275040,24-08-2013,2,6,2,284,59.64,627.64,Flagship store,Home and kitchen,Furnishing
47049265058,269588,24-08-2013,8,3,3,234,73.71,775.71,Flagship store,Electronics,Personal Appliances
51178979054,275178,24-08-2013,6,5,1,661,69.405,730.405,MBR,Books,DIY
13787008922,271950,24-08-2013,10,3,5,1258,660.45,6950.45,MBR,Electronics,Audio and video
54442390795,273352,24-08-2013,10,5,3,333,104.895,1103.895,e-Shop,Books,Audio and video
72513895587,273330,24-08-2013,3,5,4,647,271.74,2859.74,e-Shop,Books,Kids
69939976560,267430,24-08-2013,12,6,1,361,37.905,398.905,TeleShop,Home and kitchen,Academic
76743108057,269842,24-08-2013,6,5,3,90,28.35,298.35,e-Shop,Books,DIY
77372772372,272607,24-08-2013,1,4,4,782,328.44,3456.44,e-Shop,Bags,Women
77473107879,269794,24-08-2013,10,3,2,432,90.72,954.72,e-Shop,Electronics,Audio and video
87964267607,270092,24-08-2013,12,5,3,1437,452.655,4763.655,MBR,Books,Academic
96758328831,271310,24-08-2013,12,5,5,1335,700.875,7375.875,MBR,Books,Academic
73417257429,267827,24-08-2013,7,5,4,950,399,4199,e-Shop,Books,Fiction
72984735279,270142,24-08-2013,11,6,3,1201,378.315,3981.315,e-Shop,Home and kitchen,Children
30362529474,268612,23-08-2013,10,6,3,83,26.145,275.145,e-Shop,Home and kitchen,Audio and video
20576480059,274025,23-08-2013,8,3,-3,-507,159.705,-1680.705,TeleShop,Electronics,Personal Appliances
48026888672,270083,23-08-2013,1,4,1,1475,154.875,1629.875,Flagship store,Bags,Women
32954605595,274348,23-08-2013,10,5,3,887,279.405,2940.405,Flagship store,Books,Audio and video
14386481746,270140,23-08-2013,3,2,3,848,267.12,2811.12,e-Shop,Footwear,Kids
8812146368,274359,23-08-2013,4,3,4,1487,624.54,6572.54,Flagship store,Electronics,Mens
9492387479,267019,23-08-2013,12,6,1,546,57.33,603.33,e-Shop,Home and kitchen,Academic
56120652148,268859,23-08-2013,3,2,2,733,153.93,1619.93,e-Shop,Footwear,Kids
61341844931,270643,23-08-2013,1,4,5,626,328.65,3458.65,Flagship store,Bags,Women
29737875217,270131,23-08-2013,10,6,1,1210,127.05,1337.05,e-Shop,Home and kitchen,Audio and video
62713229057,274886,23-08-2013,3,2,3,754,237.51,2499.51,TeleShop,Footwear,Kids
872810937,269625,23-08-2013,10,3,1,1157,121.485,1278.485,e-Shop,Electronics,Audio and video
32428863833,270389,23-08-2013,4,3,1,99,10.395,109.395,TeleShop,Electronics,Mens
42063422660,273602,23-08-2013,1,4,4,123,51.66,543.66,MBR,Bags,Women
4548236078,268319,23-08-2013,10,3,2,1138,238.98,2514.98,e-Shop,Electronics,Audio and video
54056297965,273065,23-08-2013,10,6,4,116,48.72,512.72,e-Shop,Home and kitchen,Audio and video
23271637089,270658,23-08-2013,4,3,3,552,173.88,1829.88,MBR,Electronics,Mens
43840116425,273938,23-08-2013,11,5,4,273,114.66,1206.66,Flagship store,Books,Children
92844887281,271241,23-08-2013,4,1,1,1496,157.08,1653.08,e-Shop,Clothing,Mens
68896085144,271859,23-08-2013,3,5,2,284,59.64,627.64,TeleShop,Books,Kids
97077384822,268199,23-08-2013,11,5,5,192,100.8,1060.8,e-Shop,Books,Children
93433308360,269776,23-08-2013,10,5,4,189,79.38,835.38,MBR,Books,Audio and video
98954142537,273515,23-08-2013,3,1,2,230,48.3,508.3,e-Shop,Clothing,Kids
73091801641,274652,23-08-2013,6,5,5,236,123.9,1303.9,Flagship store,Books,DIY
9878298627,269333,22-08-2013,10,6,-1,-1123,117.915,-1240.915,e-Shop,Home and kitchen,Audio and video
8073892000,267815,22-08-2013,10,6,4,601,252.42,2656.42,Flagship store,Home and kitchen,Audio and video
6814101780,274093,22-08-2013,4,1,3,1193,375.795,3954.795,e-Shop,Clothing,Mens
4429268901,271918,22-08-2013,4,2,5,673,353.325,3718.325,e-Shop,Footwear,Mens
24432253956,266923,22-08-2013,4,2,5,1022,536.55,5646.55,e-Shop,Footwear,Mens
12507183702,270239,22-08-2013,8,3,1,1476,154.98,1630.98,e-Shop,Electronics,Personal Appliances
63042245529,269259,22-08-2013,5,3,5,794,416.85,4386.85,e-Shop,Electronics,Computers
29199337686,268798,22-08-2013,11,5,5,593,311.325,3276.325,MBR,Books,Children
23497216301,271241,22-08-2013,4,4,1,1302,136.71,1438.71,e-Shop,Bags,Mens
66878796586,268302,22-08-2013,6,5,1,642,67.41,709.41,TeleShop,Books,DIY
75662193823,273848,22-08-2013,10,3,2,920,193.2,2033.2,MBR,Electronics,Audio and video
74142969273,269479,22-08-2013,1,1,1,211,22.155,233.155,Flagship store,Clothing,Women
73590177474,275016,22-08-2013,10,3,4,1008,423.36,4455.36,MBR,Electronics,Audio and video
74102509079,267849,22-08-2013,4,2,4,1221,512.82,5396.82,Flagship store,Footwear,Mens
81010627673,274917,22-08-2013,4,4,3,963,303.345,3192.345,Flagship store,Bags,Mens
88986977882,273010,22-08-2013,3,2,5,70,36.75,386.75,TeleShop,Footwear,Kids
33643724042,269536,21-08-2013,1,2,-5,-307,161.175,-1696.175,TeleShop,Footwear,Women
2594756626,273183,21-08-2013,10,3,2,932,195.72,2059.72,e-Shop,Electronics,Audio and video
28274942930,269639,21-08-2013,3,5,3,944,297.36,3129.36,e-Shop,Books,Kids
9224721988,269072,21-08-2013,1,1,4,1335,560.7,5900.7,e-Shop,Clothing,Women
1637990807,274147,21-08-2013,6,5,4,1411,592.62,6236.62,e-Shop,Books,DIY
6902462290,269524,21-08-2013,6,5,4,92,38.64,406.64,TeleShop,Books,DIY
31361947326,267546,21-08-2013,12,5,3,884,278.46,2930.46,MBR,Books,Academic
42276365825,268492,21-08-2013,3,1,4,1392,584.64,6152.64,e-Shop,Clothing,Kids
60065664240,272546,21-08-2013,4,3,4,1472,618.24,6506.24,TeleShop,Electronics,Mens
79504627685,267668,21-08-2013,10,6,2,1161,243.81,2565.81,MBR,Home and kitchen,Audio and video
69220749930,268615,21-08-2013,4,3,-1,-1333,139.965,-1472.965,TeleShop,Electronics,Mens
86166730241,274699,21-08-2013,3,5,5,1416,743.4,7823.4,e-Shop,Books,Kids
87244702025,272357,21-08-2013,4,2,2,797,167.37,1761.37,e-Shop,Footwear,Mens
84519412787,267344,21-08-2013,2,6,5,1073,563.325,5928.325,TeleShop,Home and kitchen,Furnishing
70351705487,270313,21-08-2013,4,2,-5,-1400,735,-7735,TeleShop,Footwear,Mens
22428037292,273673,20-08-2013,11,5,3,95,29.925,314.925,e-Shop,Books,Children
25410993637,271399,20-08-2013,9,3,2,1474,309.54,3257.54,Flagship store,Electronics,Cameras
20576480059,274025,20-08-2013,8,3,3,507,159.705,1680.705,TeleShop,Electronics,Personal Appliances
24526006904,274317,20-08-2013,11,6,2,380,79.8,839.8,Flagship store,Home and kitchen,Children
46190069481,272648,20-08-2013,6,5,2,1300,273,2873,MBR,Books,DIY
3236144808,271161,20-08-2013,11,6,3,1326,417.69,4395.69,TeleShop,Home and kitchen,Children
10253049794,268638,20-08-2013,11,6,2,589,123.69,1301.69,TeleShop,Home and kitchen,Children
8515465920,268852,20-08-2013,8,3,1,1294,135.87,1429.87,MBR,Electronics,Personal Appliances
48062075119,270914,20-08-2013,1,1,-5,-1284,674.1,-7094.1,Flagship store,Clothing,Women
54770955750,271923,20-08-2013,1,2,4,872,366.24,3854.24,e-Shop,Footwear,Women
61525183479,267447,20-08-2013,1,2,1,900,94.5,994.5,MBR,Footwear,Women
55409289343,268050,20-08-2013,11,5,1,905,95.025,1000.025,Flagship store,Books,Children
5768335159,273096,20-08-2013,4,1,-3,-979,308.385,-3245.385,MBR,Clothing,Mens
17011408618,267913,20-08-2013,10,6,2,478,100.38,1056.38,MBR,Home and kitchen,Audio and video
28620014178,270786,20-08-2013,4,3,4,256,107.52,1131.52,TeleShop,Electronics,Mens
22099081116,272665,20-08-2013,4,1,2,373,78.33,824.33,Flagship store,Clothing,Mens
43911062579,268830,20-08-2013,2,6,4,1365,573.3,6033.3,MBR,Home and kitchen,Furnishing
78566912616,268140,20-08-2013,1,2,1,182,19.11,201.11,e-Shop,Footwear,Women
87683771408,268352,20-08-2013,7,5,3,473,148.995,1567.995,TeleShop,Books,Fiction
71429640542,270034,20-08-2013,11,6,3,1232,388.08,4084.08,TeleShop,Home and kitchen,Children
66371377785,269788,20-08-2013,10,6,1,1177,123.585,1300.585,MBR,Home and kitchen,Audio and video
97245576767,268183,20-08-2013,11,6,4,817,343.14,3611.14,TeleShop,Home and kitchen,Children
99353534286,272506,20-08-2013,12,5,5,182,95.55,1005.55,MBR,Books,Academic
76178434377,271888,20-08-2013,4,3,4,1375,577.5,6077.5,MBR,Electronics,Mens
59221197760,274460,19-08-2013,12,5,5,985,517.125,5442.125,e-Shop,Books,Academic
52354235850,274748,19-08-2013,12,5,1,305,32.025,337.025,Flagship store,Books,Academic
7927308238,271905,19-08-2013,12,5,5,616,323.4,3403.4,e-Shop,Books,Academic
40962629299,273718,19-08-2013,9,3,-1,-261,27.405,-288.405,Flagship store,Electronics,Cameras
4561358107,267748,19-08-2013,1,4,5,206,108.15,1138.15,TeleShop,Bags,Women
57390702252,267598,19-08-2013,4,4,2,1060,222.6,2342.6,MBR,Bags,Mens
43623034873,269124,19-08-2013,11,5,1,516,54.18,570.18,MBR,Books,Children
82287549577,268069,19-08-2013,2,6,3,672,211.68,2227.68,MBR,Home and kitchen,Furnishing
75078722330,271023,19-08-2013,4,4,2,526,110.46,1162.46,TeleShop,Bags,Mens
81389584506,273586,19-08-2013,8,3,1,1074,112.77,1186.77,e-Shop,Electronics,Personal Appliances
81763203073,273103,19-08-2013,3,5,5,609,319.725,3364.725,MBR,Books,Kids
64739001326,269401,19-08-2013,10,3,1,941,98.805,1039.805,e-Shop,Electronics,Audio and video
47998834778,268139,18-08-2013,4,2,3,1473,463.995,4882.995,e-Shop,Footwear,Mens
54188452384,274854,18-08-2013,1,2,-3,-932,293.58,-3089.58,TeleShop,Footwear,Women
58914713644,267846,18-08-2013,3,1,5,177,92.925,977.925,Flagship store,Clothing,Kids
23240541474,274023,18-08-2013,10,5,4,242,101.64,1069.64,MBR,Books,Audio and video
38169306418,268709,18-08-2013,5,3,1,485,50.925,535.925,TeleShop,Electronics,Computers
33961732435,269460,18-08-2013,1,2,2,1123,235.83,2481.83,Flagship store,Footwear,Women
27447163219,272415,18-08-2013,2,6,5,926,486.15,5116.15,Flagship store,Home and kitchen,Furnishing
53898500701,267836,18-08-2013,10,6,3,1032,325.08,3421.08,TeleShop,Home and kitchen,Audio and video
50651621249,270612,18-08-2013,11,6,-3,-1494,470.61,-4952.61,e-Shop,Home and kitchen,Children
1398103158,270002,18-08-2013,4,2,2,241,50.61,532.61,TeleShop,Footwear,Mens
41885435954,272238,18-08-2013,3,5,1,70,7.35,77.35,TeleShop,Books,Kids
74258591248,272190,18-08-2013,10,3,-4,-397,166.74,-1754.74,e-Shop,Electronics,Audio and video
79323828565,267325,18-08-2013,11,6,1,101,10.605,111.605,MBR,Home and kitchen,Children
82748654550,269537,18-08-2013,3,2,1,1488,156.24,1644.24,Flagship store,Footwear,Kids
73749933713,270282,18-08-2013,12,6,3,585,184.275,1939.275,e-Shop,Home and kitchen,Academic
73828946197,268151,18-08-2013,4,4,-5,-275,144.375,-1519.375,TeleShop,Bags,Mens
30319953988,272692,17-08-2013,9,3,5,613,321.825,3386.825,e-Shop,Electronics,Cameras
56668572183,267294,17-08-2013,10,5,3,1154,363.51,3825.51,e-Shop,Books,Audio and video
55231690725,273278,17-08-2013,10,5,5,835,438.375,4613.375,TeleShop,Books,Audio and video
29844219871,271293,17-08-2013,4,3,3,920,289.8,3049.8,e-Shop,Electronics,Mens
14697873520,266823,17-08-2013,10,5,3,1365,429.975,4524.975,Flagship store,Books,Audio and video
50651621249,270612,17-08-2013,11,6,-3,-1494,470.61,-4952.61,e-Shop,Home and kitchen,Children
13034630638,271020,17-08-2013,3,5,2,1198,251.58,2647.58,e-Shop,Books,Kids
55083306354,269675,17-08-2013,9,3,3,816,257.04,2705.04,e-Shop,Electronics,Cameras
40627482875,274981,17-08-2013,4,3,5,606,318.15,3348.15,TeleShop,Electronics,Mens
90666753789,270919,17-08-2013,4,2,4,1161,487.62,5131.62,TeleShop,Footwear,Mens
94479422139,274787,17-08-2013,10,3,5,1243,652.575,6867.575,e-Shop,Electronics,Audio and video
71793203305,274618,17-08-2013,10,5,4,691,290.22,3054.22,Flagship store,Books,Audio and video
80863619198,271757,17-08-2013,6,5,3,176,55.44,583.44,MBR,Books,DIY
83464507091,273338,17-08-2013,1,1,2,1167,245.07,2579.07,TeleShop,Clothing,Women
70973811190,268514,17-08-2013,10,3,1,782,82.11,864.11,MBR,Electronics,Audio and video
93013926669,269981,17-08-2013,7,5,-3,-1010,318.15,-3348.15,Flagship store,Books,Fiction
66643905411,270603,17-08-2013,8,3,5,534,280.35,2950.35,Flagship store,Electronics,Personal Appliances
92734450144,267072,17-08-2013,10,6,3,1422,447.93,4713.93,e-Shop,Home and kitchen,Audio and video
87730818108,267211,17-08-2013,5,3,1,187,19.635,206.635,TeleShop,Electronics,Computers
64809549337,270264,17-08-2013,3,1,2,921,193.41,2035.41,e-Shop,Clothing,Kids
27827371266,273545,16-08-2013,10,3,3,963,303.345,3192.345,Flagship store,Electronics,Audio and video
40826508399,270907,16-08-2013,11,6,1,394,41.37,435.37,Flagship store,Home and kitchen,Children
17185902709,269793,16-08-2013,1,2,5,755,396.375,4171.375,TeleShop,Footwear,Women
9665576294,272110,16-08-2013,3,2,5,1248,655.2,6895.2,e-Shop,Footwear,Kids
57510831955,273692,16-08-2013,6,5,3,960,302.4,3182.4,e-Shop,Books,DIY
37896538675,269837,16-08-2013,11,6,3,972,306.18,3222.18,e-Shop,Home and kitchen,Children
36831276579,274009,16-08-2013,3,1,-4,-1056,443.52,-4667.52,e-Shop,Clothing,Kids
11065821164,273839,16-08-2013,1,1,-1,-733,76.965,-809.965,e-Shop,Clothing,Women
38221161986,267801,16-08-2013,1,1,3,1046,329.49,3467.49,MBR,Clothing,Women
53852133948,274573,16-08-2013,5,3,3,969,305.235,3212.235,e-Shop,Electronics,Computers
41964436828,274681,16-08-2013,1,2,-1,-1498,157.29,-1655.29,MBR,Footwear,Women
56206481958,269444,16-08-2013,4,2,5,790,414.75,4364.75,MBR,Footwear,Mens
58995459933,274156,16-08-2013,3,5,1,1450,152.25,1602.25,e-Shop,Books,Kids
31457434457,274476,16-08-2013,6,5,4,972,408.24,4296.24,Flagship store,Books,DIY
17510798223,268622,16-08-2013,4,4,1,985,103.425,1088.425,e-Shop,Bags,Mens
31195352705,268108,16-08-2013,4,2,1,429,45.045,474.045,e-Shop,Footwear,Mens
53834474083,271952,16-08-2013,9,3,1,1182,124.11,1306.11,Flagship store,Electronics,Cameras
57447442112,273136,16-08-2013,4,1,5,244,128.1,1348.1,e-Shop,Clothing,Mens
80363368538,270947,16-08-2013,12,5,3,1220,384.3,4044.3,e-Shop,Books,Academic
90595681772,269237,16-08-2013,10,5,5,724,380.1,4000.1,e-Shop,Books,Audio and video
93528331826,271549,16-08-2013,1,2,1,432,45.36,477.36,TeleShop,Footwear,Women
98443259210,270835,16-08-2013,1,1,2,85,17.85,187.85,Flagship store,Clothing,Women
92814475704,267750,16-08-2013,1,1,-4,-284,119.28,-1255.28,Flagship store,Clothing,Women
5723163001,267199,15-08-2013,6,5,1,244,25.62,269.62,e-Shop,Books,DIY
48062075119,270914,15-08-2013,1,1,5,1284,674.1,7094.1,Flagship store,Clothing,Women
48065558169,273121,15-08-2013,4,3,3,1147,361.305,3802.305,Flagship store,Electronics,Mens
29619091874,270125,15-08-2013,10,3,-3,-709,223.335,-2350.335,MBR,Electronics,Audio and video
3224220853,271903,15-08-2013,11,5,2,655,137.55,1447.55,Flagship store,Books,Children
41444637069,267203,15-08-2013,10,5,1,1090,114.45,1204.45,TeleShop,Books,Audio and video
15453416299,274792,15-08-2013,8,3,5,748,392.7,4132.7,e-Shop,Electronics,Personal Appliances
7184888208,270458,15-08-2013,11,6,1,553,58.065,611.065,e-Shop,Home and kitchen,Children
970066367,269965,15-08-2013,4,4,4,649,272.58,2868.58,MBR,Bags,Mens
79983112306,272245,15-08-2013,3,5,1,893,93.765,986.765,e-Shop,Books,Kids
91827065845,267301,15-08-2013,9,3,2,563,118.23,1244.23,MBR,Electronics,Cameras
67527717770,272614,15-08-2013,4,4,3,1370,431.55,4541.55,e-Shop,Bags,Mens
79356744605,273198,15-08-2013,3,5,2,1450,304.5,3204.5,Flagship store,Books,Kids
69220749930,268615,15-08-2013,4,3,1,1333,139.965,1472.965,TeleShop,Electronics,Mens
94898822212,271110,15-08-2013,11,6,1,1093,114.765,1207.765,Flagship store,Home and kitchen,Children
88025094306,273414,15-08-2013,11,5,5,752,394.8,4154.8,Flagship store,Books,Children
75111633609,267182,15-08-2013,1,1,1,428,44.94,472.94,e-Shop,Clothing,Women
92401941157,274317,15-08-2013,6,5,3,316,99.54,1047.54,e-Shop,Books,DIY
18771923970,269365,14-08-2013,6,5,3,722,227.43,2393.43,MBR,Books,DIY
44312006291,271790,14-08-2013,11,6,1,794,83.37,877.37,e-Shop,Home and kitchen,Children
38941757492,271582,14-08-2013,4,2,1,257,26.985,283.985,e-Shop,Footwear,Mens
52345073831,269348,14-08-2013,2,6,5,1179,618.975,6513.975,e-Shop,Home and kitchen,Furnishing
14590788665,269355,14-08-2013,9,3,4,230,96.6,1016.6,e-Shop,Electronics,Cameras
30098406583,271491,14-08-2013,4,2,2,985,206.85,2176.85,MBR,Footwear,Mens
1466334701,273823,14-08-2013,2,6,4,1475,619.5,6519.5,MBR,Home and kitchen,Furnishing
47047669834,268534,14-08-2013,12,5,2,1471,308.91,3250.91,TeleShop,Books,Academic
2745208950,270699,14-08-2013,1,4,5,966,507.15,5337.15,TeleShop,Bags,Women
37412967968,274184,14-08-2013,3,2,3,689,217.035,2284.035,e-Shop,Footwear,Kids
40090425603,267433,14-08-2013,11,5,5,393,206.325,2171.325,e-Shop,Books,Children
30712469518,270311,14-08-2013,3,5,3,1267,399.105,4200.105,MBR,Books,Kids
51664195359,269184,14-08-2013,3,1,5,876,459.9,4839.9,e-Shop,Clothing,Kids
24960846972,274384,14-08-2013,10,3,-2,-1273,267.33,-2813.33,e-Shop,Electronics,Audio and video
33643724042,269536,14-08-2013,1,2,5,307,161.175,1696.175,TeleShop,Footwear,Women
61454433361,270502,14-08-2013,1,4,3,724,228.06,2400.06,Flagship store,Bags,Women
3493218400,271808,14-08-2013,2,6,5,903,474.075,4989.075,MBR,Home and kitchen,Furnishing
1008646967,273414,14-08-2013,5,3,4,711,298.62,3142.62,e-Shop,Electronics,Computers
11065821164,273839,14-08-2013,1,1,1,733,76.965,809.965,e-Shop,Clothing,Women
98196929581,269481,14-08-2013,4,1,4,678,284.76,2996.76,e-Shop,Clothing,Mens
66937720506,274259,14-08-2013,4,1,1,1095,114.975,1209.975,MBR,Clothing,Mens
94763360768,274899,14-08-2013,10,6,4,400,168,1768,MBR,Home and kitchen,Audio and video
95283760141,268649,14-08-2013,10,3,4,198,83.16,875.16,Flagship store,Electronics,Audio and video
75791208787,274568,14-08-2013,4,2,-5,-297,155.925,-1640.925,Flagship store,Footwear,Mens
89155586815,270877,14-08-2013,10,3,2,1123,235.83,2481.83,TeleShop,Electronics,Audio and video
75504174607,273913,14-08-2013,10,3,4,1132,475.44,5003.44,MBR,Electronics,Audio and video
92371464584,268157,14-08-2013,10,3,3,321,101.115,1064.115,e-Shop,Electronics,Audio and video
24960846972,274384,13-08-2013,10,3,-2,-1273,267.33,-2813.33,e-Shop,Electronics,Audio and video
26128812650,267043,13-08-2013,10,5,5,585,307.125,3232.125,e-Shop,Books,Audio and video
54188452384,274854,13-08-2013,1,2,3,932,293.58,3089.58,TeleShop,Footwear,Women
34022183981,268139,13-08-2013,5,3,-1,-1215,127.575,-1342.575,Flagship store,Electronics,Computers
39066519846,271483,13-08-2013,4,1,1,219,22.995,241.995,Flagship store,Clothing,Mens
61338118643,269529,13-08-2013,11,6,3,1213,382.095,4021.095,MBR,Home and kitchen,Children
41964436828,274681,13-08-2013,1,2,1,1498,157.29,1655.29,MBR,Footwear,Women
10631168060,269399,13-08-2013,7,5,2,1318,276.78,2912.78,e-Shop,Books,Fiction
45885051290,272355,13-08-2013,12,6,-1,-1456,152.88,-1608.88,TeleShop,Home and kitchen,Academic
56523475081,268383,13-08-2013,4,4,4,266,111.72,1175.72,TeleShop,Bags,Mens
48194129586,267747,13-08-2013,3,5,1,1258,132.09,1390.09,TeleShop,Books,Kids
7515009011,267646,13-08-2013,4,1,2,1138,238.98,2514.98,e-Shop,Clothing,Mens
78531139534,268995,13-08-2013,9,3,2,724,152.04,1600.04,e-Shop,Electronics,Cameras
94568248727,274270,13-08-2013,5,3,3,452,142.38,1498.38,Flagship store,Electronics,Computers
83972384410,272692,13-08-2013,6,5,1,1018,106.89,1124.89,TeleShop,Books,DIY
63208416240,267596,13-08-2013,1,2,1,619,64.995,683.995,e-Shop,Footwear,Women
81263378321,268595,13-08-2013,4,3,-2,-1105,232.05,-2442.05,e-Shop,Electronics,Mens
78034405353,270476,13-08-2013,11,6,1,971,101.955,1072.955,TeleShop,Home and kitchen,Children
65742894000,267173,13-08-2013,12,6,4,197,82.74,870.74,e-Shop,Home and kitchen,Academic
80257949153,270120,13-08-2013,4,1,3,307,96.705,1017.705,e-Shop,Clothing,Mens
73202618273,271302,13-08-2013,11,5,1,258,27.09,285.09,Flagship store,Books,Children
47198032659,267858,12/8/2013,10,5,1,955,100.275,1055.275,e-Shop,Books,Audio and video
34022183981,268139,12/8/2013,5,3,1,1215,127.575,1342.575,Flagship store,Electronics,Computers
34152088184,271026,12/8/2013,1,1,4,1069,448.98,4724.98,MBR,Clothing,Women
13512380329,267632,12/8/2013,7,5,1,1392,146.16,1538.16,MBR,Books,Fiction
48786540747,267768,12/8/2013,12,6,2,375,78.75,828.75,MBR,Home and kitchen,Academic
12041911956,272822,12/8/2013,10,5,2,1304,273.84,2881.84,e-Shop,Books,Audio and video
58020053438,272540,12/8/2013,1,4,4,1473,618.66,6510.66,Flagship store,Bags,Women
1084051279,269047,12/8/2013,3,1,1,847,88.935,935.935,Flagship store,Clothing,Kids
21132088083,270696,12/8/2013,3,1,2,393,82.53,868.53,TeleShop,Clothing,Kids
7306462692,267266,12/8/2013,11,5,2,1230,258.3,2718.3,Flagship store,Books,Children
39860198642,270710,12/8/2013,1,2,5,1488,781.2,8221.2,e-Shop,Footwear,Women
9878298627,269333,12/8/2013,10,6,1,1123,117.915,1240.915,e-Shop,Home and kitchen,Audio and video
7808908333,272640,12/8/2013,3,2,4,437,183.54,1931.54,MBR,Footwear,Kids
70351705487,270313,12/8/2013,4,2,5,1400,735,7735,TeleShop,Footwear,Mens
75311725708,269076,12/8/2013,1,4,1,1404,147.42,1551.42,TeleShop,Bags,Women
72900380667,270353,12/8/2013,4,4,-5,-1413,741.825,-7806.825,e-Shop,Bags,Mens
79916658262,273674,12/8/2013,1,4,3,436,137.34,1445.34,MBR,Bags,Women
92091931259,268200,12/8/2013,3,2,2,1134,238.14,2506.14,Flagship store,Footwear,Kids
88316484015,266816,12/8/2013,1,2,-1,-74,7.77,-81.77,e-Shop,Footwear,Women
74440785354,270331,12/8/2013,4,2,3,936,294.84,3102.84,e-Shop,Footwear,Mens
89005739198,268251,12/8/2013,2,6,4,895,375.9,3955.9,Flagship store,Home and kitchen,Furnishing
85233038785,267534,12/8/2013,10,3,4,1321,554.82,5838.82,e-Shop,Electronics,Audio and video
88606222106,269051,12/8/2013,10,3,3,1474,464.31,4886.31,TeleShop,Electronics,Audio and video
24722252527,275202,11/8/2013,12,5,3,305,96.075,1011.075,MBR,Books,Academic
61566756025,270522,11/8/2013,10,6,1,783,82.215,865.215,e-Shop,Home and kitchen,Audio and video
26085446022,273945,11/8/2013,11,5,2,122,25.62,269.62,TeleShop,Books,Children
61235239531,269286,11/8/2013,2,6,1,258,27.09,285.09,e-Shop,Home and kitchen,Furnishing
8408236794,271418,11/8/2013,1,2,1,242,25.41,267.41,e-Shop,Footwear,Women
41367819732,266952,11/8/2013,10,5,5,1076,564.9,5944.9,Flagship store,Books,Audio and video
59518743316,271736,11/8/2013,3,1,4,1030,432.6,4552.6,TeleShop,Clothing,Kids
40962629299,273718,11/8/2013,9,3,1,261,27.405,288.405,Flagship store,Electronics,Cameras
28072376932,274969,11/8/2013,7,5,3,1026,323.19,3401.19,Flagship store,Books,Fiction
51783961791,274657,11/8/2013,1,4,2,749,157.29,1655.29,Flagship store,Bags,Women
75072996827,267778,11/8/2013,5,3,3,1327,418.005,4399.005,MBR,Electronics,Computers
73828946197,268151,11/8/2013,4,4,5,275,144.375,1519.375,TeleShop,Bags,Mens
68433305770,268991,11/8/2013,10,3,2,1426,299.46,3151.46,e-Shop,Electronics,Audio and video
82731859897,272939,11/8/2013,12,6,5,680,357,3757,TeleShop,Home and kitchen,Academic
88490185152,268245,11/8/2013,3,2,3,168,52.92,556.92,Flagship store,Footwear,Kids
88762120035,268046,11/8/2013,8,3,1,663,69.615,732.615,MBR,Electronics,Personal Appliances
23310151653,275114,10/8/2013,4,1,-4,-517,217.14,-2285.14,e-Shop,Clothing,Mens
12086082185,268847,10/8/2013,8,3,3,233,73.395,772.395,MBR,Electronics,Personal Appliances
36831276579,274009,10/8/2013,3,1,4,1056,443.52,4667.52,e-Shop,Clothing,Kids
40021861343,270040,10/8/2013,12,6,3,1404,442.26,4654.26,MBR,Home and kitchen,Academic
21255363917,272207,10/8/2013,5,3,-1,-1042,109.41,-1151.41,TeleShop,Electronics,Computers
20259047377,274815,10/8/2013,6,5,5,1372,720.3,7580.3,TeleShop,Books,DIY
13107773143,266919,10/8/2013,4,3,3,757,238.455,2509.455,TeleShop,Electronics,Mens
27811780614,273936,10/8/2013,3,5,5,1022,536.55,5646.55,e-Shop,Books,Kids
9728511296,267177,10/8/2013,1,4,5,1343,705.075,7420.075,TeleShop,Bags,Women
50305856502,267500,10/8/2013,4,3,1,585,61.425,646.425,e-Shop,Electronics,Mens
3165605982,272412,10/8/2013,1,1,2,1472,309.12,3253.12,e-Shop,Clothing,Women
352570382,272672,10/8/2013,12,5,1,1070,112.35,1182.35,MBR,Books,Academic
36515263702,270334,10/8/2013,4,1,3,418,131.67,1385.67,e-Shop,Clothing,Mens
47913329974,270753,10/8/2013,5,3,4,1462,614.04,6462.04,TeleShop,Electronics,Computers
6276465752,268149,10/8/2013,2,6,5,334,175.35,1845.35,MBR,Home and kitchen,Furnishing
12850295112,271873,10/8/2013,7,5,5,328,172.2,1812.2,e-Shop,Books,Fiction
31822314421,268218,10/8/2013,10,6,1,175,18.375,193.375,TeleShop,Home and kitchen,Audio and video
5768335159,273096,10/8/2013,4,1,3,979,308.385,3245.385,MBR,Clothing,Mens
83743410040,273835,10/8/2013,9,3,1,730,76.65,806.65,e-Shop,Electronics,Cameras
84764825513,267867,10/8/2013,4,2,2,93,19.53,205.53,e-Shop,Footwear,Mens
74258591248,272190,10/8/2013,10,3,4,397,166.74,1754.74,e-Shop,Electronics,Audio and video
89394040821,273287,10/8/2013,1,1,1,1250,131.25,1381.25,e-Shop,Clothing,Women
98751308215,268936,10/8/2013,1,2,1,924,97.02,1021.02,TeleShop,Footwear,Women
75032818961,274519,10/8/2013,1,1,2,1070,224.7,2364.7,MBR,Clothing,Women
84792073087,272559,10/8/2013,10,3,2,1025,215.25,2265.25,MBR,Electronics,Audio and video
34876437204,272843,9/8/2013,8,3,2,1429,300.09,3158.09,e-Shop,Electronics,Personal Appliances
62720064391,268915,9/8/2013,4,2,2,1374,288.54,3036.54,TeleShop,Footwear,Mens
48968844034,273290,9/8/2013,1,1,2,92,19.32,203.32,MBR,Clothing,Women
56504159183,272853,9/8/2013,4,3,5,1269,666.225,7011.225,MBR,Electronics,Mens
9473710045,267134,9/8/2013,3,5,1,357,37.485,394.485,e-Shop,Books,Kids
46868985747,268442,9/8/2013,4,3,4,931,391.02,4115.02,e-Shop,Electronics,Mens
27310709874,269637,9/8/2013,5,3,1,929,97.545,1026.545,Flagship store,Electronics,Computers
48445867691,267504,9/8/2013,2,6,-3,-925,291.375,-3066.375,e-Shop,Home and kitchen,Furnishing
52137827534,273234,9/8/2013,12,6,1,715,75.075,790.075,e-Shop,Home and kitchen,Academic
38341099327,274842,9/8/2013,4,4,-5,-1369,718.725,-7563.725,e-Shop,Bags,Mens
23310151653,275114,9/8/2013,4,1,4,517,217.14,2285.14,e-Shop,Clothing,Mens
633971438,269439,9/8/2013,8,3,1,499,52.395,551.395,e-Shop,Electronics,Personal Appliances
80998105238,270641,9/8/2013,1,1,3,1048,330.12,3474.12,e-Shop,Clothing,Women
84628682819,275252,9/8/2013,4,2,-2,-1281,269.01,-2831.01,TeleShop,Footwear,Mens
89951263818,268080,9/8/2013,9,3,4,147,61.74,649.74,TeleShop,Electronics,Cameras
91278387832,270787,9/8/2013,1,4,5,871,457.275,4812.275,MBR,Bags,Women
86355133992,271399,9/8/2013,4,3,2,977,205.17,2159.17,e-Shop,Electronics,Mens
88316484015,266816,9/8/2013,1,2,1,74,7.77,81.77,e-Shop,Footwear,Women
88870938269,271417,9/8/2013,8,3,4,190,79.8,839.8,Flagship store,Electronics,Personal Appliances
94089940901,267248,9/8/2013,11,5,1,1129,118.545,1247.545,MBR,Books,Children
64694754352,268143,9/8/2013,11,6,1,1239,130.095,1369.095,e-Shop,Home and kitchen,Children
93013926669,269981,9/8/2013,7,5,3,1010,318.15,3348.15,Flagship store,Books,Fiction
89676887777,269624,9/8/2013,11,5,3,461,145.215,1528.215,MBR,Books,Children
67820486775,273360,9/8/2013,7,5,1,889,93.345,982.345,MBR,Books,Fiction
93255195803,268232,9/8/2013,7,5,5,982,515.55,5425.55,Flagship store,Books,Fiction
24628798745,270525,8/8/2013,10,6,-4,-906,380.52,-4004.52,e-Shop,Home and kitchen,Audio and video
48445867691,267504,8/8/2013,2,6,3,925,291.375,3066.375,e-Shop,Home and kitchen,Furnishing
36820283137,272275,8/8/2013,1,2,1,166,17.43,183.43,MBR,Footwear,Women
18937482893,274575,8/8/2013,12,6,1,1117,117.285,1234.285,e-Shop,Home and kitchen,Academic
19846365219,268681,8/8/2013,3,1,2,354,74.34,782.34,Flagship store,Clothing,Kids
5192109535,267793,8/8/2013,3,2,5,861,452.025,4757.025,Flagship store,Footwear,Kids
7474707098,271328,8/8/2013,1,2,3,520,163.8,1723.8,e-Shop,Footwear,Women
54303288922,268684,8/8/2013,1,2,5,449,235.725,2480.725,MBR,Footwear,Women
8705300555,270004,8/8/2013,1,1,3,965,303.975,3198.975,MBR,Clothing,Women
50651621249,270612,8/8/2013,11,6,3,1494,470.61,4952.61,e-Shop,Home and kitchen,Children
7248211182,270714,8/8/2013,4,2,5,132,69.3,729.3,e-Shop,Footwear,Mens
52612919639,273472,8/8/2013,10,3,-4,-1051,441.42,-4645.42,e-Shop,Electronics,Audio and video
15024081955,272399,8/8/2013,3,2,1,1155,121.275,1276.275,e-Shop,Footwear,Kids
66293521940,271193,8/8/2013,1,1,1,566,59.43,625.43,e-Shop,Clothing,Women
81581584927,271699,8/8/2013,4,1,2,1052,220.92,2324.92,MBR,Clothing,Mens
77314056792,267322,8/8/2013,3,5,5,311,163.275,1718.275,e-Shop,Books,Kids
92447827421,270603,8/8/2013,3,1,4,1118,469.56,4941.56,MBR,Clothing,Kids
70398937941,274934,8/8/2013,11,5,1,1232,129.36,1361.36,TeleShop,Books,Children
94912888369,273917,8/8/2013,4,2,5,760,399,4199,e-Shop,Footwear,Mens
99598973047,267466,8/8/2013,12,5,-2,-1492,313.32,-3297.32,Flagship store,Books,Academic
5330412018,267538,7/8/2013,3,2,2,1299,272.79,2870.79,Flagship store,Footwear,Kids
141709406,266910,7/8/2013,2,6,3,361,113.715,1196.715,Flagship store,Home and kitchen,Furnishing
50821804089,267778,7/8/2013,4,3,-3,-1474,464.31,-4886.31,Flagship store,Electronics,Mens
55469439757,271364,7/8/2013,10,5,1,248,26.04,274.04,e-Shop,Books,Audio and video
52612919639,273472,7/8/2013,10,3,4,1051,441.42,4645.42,e-Shop,Electronics,Audio and video
56322407404,268849,7/8/2013,4,3,3,1047,329.805,3470.805,e-Shop,Electronics,Mens
42648099542,270856,7/8/2013,4,2,1,239,25.095,264.095,TeleShop,Footwear,Mens
1309124328,268189,7/8/2013,12,6,4,1210,508.2,5348.2,MBR,Home and kitchen,Academic
42642421829,271707,7/8/2013,10,3,3,349,109.935,1156.935,e-Shop,Electronics,Audio and video
44334017487,272424,7/8/2013,5,3,5,1281,672.525,7077.525,e-Shop,Electronics,Computers
56908898102,272813,7/8/2013,4,4,2,1133,237.93,2503.93,e-Shop,Bags,Mens
33554773201,269219,7/8/2013,10,5,3,870,274.05,2884.05,e-Shop,Books,Audio and video
29853225984,269189,7/8/2013,9,3,3,105,33.075,348.075,e-Shop,Electronics,Cameras
61969421224,268140,7/8/2013,3,2,2,1161,243.81,2565.81,e-Shop,Footwear,Kids
61987958211,273598,7/8/2013,1,4,3,669,210.735,2217.735,Flagship store,Bags,Women
92113271821,270598,7/8/2013,7,5,4,155,65.1,685.1,e-Shop,Books,Fiction
80816101073,273278,7/8/2013,10,6,2,254,53.34,561.34,TeleShop,Home and kitchen,Audio and video
67020348167,267634,7/8/2013,11,6,5,1458,765.45,8055.45,e-Shop,Home and kitchen,Children
84628682819,275252,7/8/2013,4,2,2,1281,269.01,2831.01,TeleShop,Footwear,Mens
88552226265,272369,7/8/2013,8,3,3,815,256.725,2701.725,e-Shop,Electronics,Personal Appliances
92814475704,267750,7/8/2013,1,1,4,284,119.28,1255.28,Flagship store,Clothing,Women
86897030825,268350,7/8/2013,3,2,5,976,512.4,5392.4,Flagship store,Footwear,Kids
73784452810,268221,7/8/2013,4,3,1,513,53.865,566.865,e-Shop,Electronics,Mens
72900380667,270353,7/8/2013,4,4,5,1413,741.825,7806.825,e-Shop,Bags,Mens
80807243017,271426,7/8/2013,11,5,3,144,45.36,477.36,MBR,Books,Children
64003062404,273674,7/8/2013,1,4,3,80,25.2,265.2,e-Shop,Bags,Women
75791208787,274568,7/8/2013,4,2,5,297,155.925,1640.925,Flagship store,Footwear,Mens
69570141087,269089,7/8/2013,6,5,1,1350,141.75,1491.75,MBR,Books,DIY
37836787355,272661,6/8/2013,4,1,2,1157,242.97,2556.97,e-Shop,Clothing,Mens
865952996,270384,6/8/2013,12,6,2,86,18.06,190.06,MBR,Home and kitchen,Academic
31370566216,266993,6/8/2013,9,3,4,1026,430.92,4534.92,e-Shop,Electronics,Cameras
27621120769,274248,6/8/2013,9,3,4,1211,508.62,5352.62,e-Shop,Electronics,Cameras
8053353958,270347,6/8/2013,4,2,3,787,247.905,2608.905,e-Shop,Footwear,Mens
29619091874,270125,6/8/2013,10,3,3,709,223.335,2350.335,MBR,Electronics,Audio and video
4116651679,270384,6/8/2013,6,5,1,1343,141.015,1484.015,TeleShop,Books,DIY
21253763869,271824,6/8/2013,10,6,2,1230,258.3,2718.3,MBR,Home and kitchen,Audio and video
23472845441,267757,6/8/2013,3,2,4,344,144.48,1520.48,MBR,Footwear,Kids
7180762152,272470,6/8/2013,4,4,4,488,204.96,2156.96,e-Shop,Bags,Mens
4228697784,273958,6/8/2013,10,3,1,402,42.21,444.21,TeleShop,Electronics,Audio and video
814093473,275129,6/8/2013,3,2,1,1363,143.115,1506.115,e-Shop,Footwear,Kids
21255363917,272207,6/8/2013,5,3,1,1042,109.41,1151.41,TeleShop,Electronics,Computers
5880417505,271751,6/8/2013,11,5,4,367,154.14,1622.14,TeleShop,Books,Children
39477606087,272666,6/8/2013,3,1,5,1201,630.525,6635.525,e-Shop,Clothing,Kids
37629340931,270872,6/8/2013,6,5,3,833,262.395,2761.395,e-Shop,Books,DIY
30304790022,269883,6/8/2013,10,5,2,812,170.52,1794.52,TeleShop,Books,Audio and video
74657713473,272230,6/8/2013,12,5,3,1176,370.44,3898.44,e-Shop,Books,Academic
81263378321,268595,6/8/2013,4,3,2,1105,232.05,2442.05,e-Shop,Electronics,Mens
86837878342,274481,6/8/2013,8,3,1,305,32.025,337.025,e-Shop,Electronics,Personal Appliances
84404327972,270780,6/8/2013,8,3,1,1337,140.385,1477.385,MBR,Electronics,Personal Appliances
95394049618,266851,6/8/2013,10,5,1,1180,123.9,1303.9,e-Shop,Books,Audio and video
92027132610,273950,6/8/2013,9,3,5,573,300.825,3165.825,e-Shop,Electronics,Cameras
90073777652,271850,6/8/2013,3,5,3,1170,368.55,3878.55,e-Shop,Books,Kids
98085834081,271104,6/8/2013,4,2,2,1113,233.73,2459.73,e-Shop,Footwear,Mens
92679635505,273207,6/8/2013,4,2,1,1263,132.615,1395.615,e-Shop,Footwear,Mens
83496004910,267298,6/8/2013,7,5,4,173,72.66,764.66,e-Shop,Books,Fiction
99598973047,267466,6/8/2013,12,5,2,1492,313.32,3297.32,Flagship store,Books,Academic
91036532193,273085,6/8/2013,4,2,-3,-1093,344.295,-3623.295,e-Shop,Footwear,Mens
20429089128,272671,5/8/2013,8,3,5,959,503.475,5298.475,Flagship store,Electronics,Personal Appliances
12575985945,268329,5/8/2013,3,5,2,542,113.82,1197.82,e-Shop,Books,Kids
23389354215,271253,5/8/2013,1,4,1,558,58.59,616.59,e-Shop,Bags,Women
47017786915,271479,5/8/2013,10,3,5,1413,741.825,7806.825,e-Shop,Electronics,Audio and video
44101230292,267113,5/8/2013,4,4,1,922,96.81,1018.81,TeleShop,Bags,Mens
25975666563,267320,5/8/2013,1,1,1,334,35.07,369.07,e-Shop,Clothing,Women
23599365531,268109,5/8/2013,1,1,4,1496,628.32,6612.32,MBR,Clothing,Women
24628798745,270525,5/8/2013,10,6,4,906,380.52,4004.52,e-Shop,Home and kitchen,Audio and video
52421034296,270547,5/8/2013,11,6,2,454,95.34,1003.34,MBR,Home and kitchen,Children
49154774506,270581,5/8/2013,12,6,2,967,203.07,2137.07,e-Shop,Home and kitchen,Academic
16834469467,273127,5/8/2013,3,2,1,529,55.545,584.545,Flagship store,Footwear,Kids
84695330860,271500,5/8/2013,3,1,5,600,315,3315,Flagship store,Clothing,Kids
80591695518,269886,5/8/2013,12,5,4,621,260.82,2744.82,TeleShop,Books,Academic
87452837728,268800,5/8/2013,8,3,4,827,347.34,3655.34,TeleShop,Electronics,Personal Appliances
87170334186,270754,5/8/2013,3,2,3,1094,344.61,3626.61,e-Shop,Footwear,Kids
93391027557,269529,5/8/2013,9,3,1,1456,152.88,1608.88,e-Shop,Electronics,Cameras
45784838133,273435,4/8/2013,5,3,5,138,72.45,762.45,e-Shop,Electronics,Computers
4247973499,271584,4/8/2013,1,2,4,956,401.52,4225.52,e-Shop,Footwear,Women
49208752578,274702,4/8/2013,3,2,3,404,127.26,1339.26,MBR,Footwear,Kids
24739898056,274461,4/8/2013,3,1,2,1116,234.36,2466.36,Flagship store,Clothing,Kids
41297216255,267550,4/8/2013,1,1,4,230,96.6,1016.6,e-Shop,Clothing,Women
6286983809,273831,4/8/2013,4,1,4,907,380.94,4008.94,TeleShop,Clothing,Mens
24960846972,274384,4/8/2013,10,3,2,1273,267.33,2813.33,e-Shop,Electronics,Audio and video
40282787155,271748,4/8/2013,4,2,4,1415,594.3,6254.3,Flagship store,Footwear,Mens
52948177182,270652,4/8/2013,11,5,2,216,45.36,477.36,e-Shop,Books,Children
41332473175,274060,4/8/2013,11,5,4,1451,609.42,6413.42,e-Shop,Books,Children
27696338927,269160,4/8/2013,6,5,1,1251,131.355,1382.355,Flagship store,Books,DIY
39365914178,273481,4/8/2013,6,5,5,1491,782.775,8237.775,MBR,Books,DIY
20696559981,268033,4/8/2013,11,6,-2,-1214,254.94,-2682.94,TeleShop,Home and kitchen,Children
98129349518,273381,4/8/2013,4,1,1,376,39.48,415.48,TeleShop,Clothing,Mens
68083576940,273352,4/8/2013,9,3,4,1290,541.8,5701.8,Flagship store,Electronics,Cameras
96905120691,269694,4/8/2013,7,5,3,775,244.125,2569.125,TeleShop,Books,Fiction
97998106932,275204,4/8/2013,12,5,4,318,133.56,1405.56,Flagship store,Books,Academic
89022997199,268225,4/8/2013,7,5,2,823,172.83,1818.83,Flagship store,Books,Fiction
92563550485,270455,4/8/2013,10,6,4,893,375.06,3947.06,e-Shop,Home and kitchen,Audio and video
73159127527,267337,4/8/2013,1,1,1,1090,114.45,1204.45,e-Shop,Clothing,Women
82235708497,269153,4/8/2013,10,5,1,1240,130.2,1370.2,TeleShop,Books,Audio and video
91077603416,269688,4/8/2013,2,6,5,1407,738.675,7773.675,e-Shop,Home and kitchen,Furnishing
54843281116,271087,3/8/2013,12,5,5,1294,679.35,7149.35,e-Shop,Books,Academic
47129914122,268763,3/8/2013,10,6,1,730,76.65,806.65,Flagship store,Home and kitchen,Audio and video
37089416691,266870,3/8/2013,10,6,4,172,72.24,760.24,TeleShop,Home and kitchen,Audio and video
9953343748,266999,3/8/2013,4,1,3,1346,423.99,4461.99,e-Shop,Clothing,Mens
21916317622,267972,3/8/2013,11,5,1,532,55.86,587.86,Flagship store,Books,Children
59041874397,267781,3/8/2013,5,3,3,659,207.585,2184.585,e-Shop,Electronics,Computers
31809917195,272260,3/8/2013,11,5,5,790,414.75,4364.75,e-Shop,Books,Children
9322455216,269122,3/8/2013,8,3,4,744,312.48,3288.48,TeleShop,Electronics,Personal Appliances
59125987296,272774,3/8/2013,9,3,3,685,215.775,2270.775,MBR,Electronics,Cameras
58793570564,268016,3/8/2013,4,1,-5,-1270,666.75,-7016.75,e-Shop,Clothing,Mens
31700341433,273385,3/8/2013,4,4,5,414,217.35,2287.35,TeleShop,Bags,Mens
10153528424,274386,3/8/2013,5,3,4,541,227.22,2391.22,Flagship store,Electronics,Computers
45388057675,273482,3/8/2013,4,1,5,779,408.975,4303.975,Flagship store,Clothing,Mens
30833589913,271077,3/8/2013,6,5,1,1270,133.35,1403.35,e-Shop,Books,DIY
45885051290,272355,3/8/2013,12,6,1,1456,152.88,1608.88,TeleShop,Home and kitchen,Academic
34804667610,271063,3/8/2013,10,6,3,364,114.66,1206.66,e-Shop,Home and kitchen,Audio and video
38032483790,270927,3/8/2013,12,5,2,517,108.57,1142.57,TeleShop,Books,Academic
38322531864,271758,3/8/2013,1,1,1,592,62.16,654.16,MBR,Clothing,Women
60519435932,273798,3/8/2013,12,5,5,195,102.375,1077.375,TeleShop,Books,Academic
94341593707,271147,3/8/2013,1,1,4,1306,548.52,5772.52,Flagship store,Clothing,Women
69862419740,272253,3/8/2013,4,3,2,1479,310.59,3268.59,MBR,Electronics,Mens
70056572076,273522,3/8/2013,8,3,5,215,112.875,1187.875,TeleShop,Electronics,Personal Appliances
95196129585,273908,3/8/2013,1,1,5,429,225.225,2370.225,e-Shop,Clothing,Women
79801231942,274199,3/8/2013,4,2,4,530,222.6,2342.6,MBR,Footwear,Mens
94476108113,271175,3/8/2013,1,1,5,220,115.5,1215.5,MBR,Clothing,Women
77811516534,269073,3/8/2013,4,4,4,756,317.52,3341.52,e-Shop,Bags,Mens
73326686201,268478,3/8/2013,3,2,4,809,339.78,3575.78,TeleShop,Footwear,Kids
98652658082,274706,3/8/2013,9,3,1,1026,107.73,1133.73,Flagship store,Electronics,Cameras
28124376043,270733,2/8/2013,4,4,5,1040,546,5746,MBR,Bags,Mens
37467160485,270316,2/8/2013,12,6,5,495,259.875,2734.875,TeleShop,Home and kitchen,Academic
29320475115,272999,2/8/2013,3,5,3,999,314.685,3311.685,TeleShop,Books,Kids
2407621021,269253,2/8/2013,3,2,-1,-1253,131.565,-1384.565,e-Shop,Footwear,Kids
5626183531,273839,2/8/2013,3,5,5,620,325.5,3425.5,TeleShop,Books,Kids
22488801832,274986,2/8/2013,9,3,2,452,94.92,998.92,Flagship store,Electronics,Cameras
7718093424,273220,2/8/2013,3,2,-4,-1353,568.26,-5980.26,Flagship store,Footwear,Kids
6426215224,272959,2/8/2013,1,1,1,203,21.315,224.315,MBR,Clothing,Women
40674906523,273929,2/8/2013,11,5,5,1147,602.175,6337.175,TeleShop,Books,Children
3296893654,274941,2/8/2013,3,5,1,1321,138.705,1459.705,Flagship store,Books,Kids
35386093747,267122,2/8/2013,3,1,4,1144,480.48,5056.48,MBR,Clothing,Kids
47466290995,271793,2/8/2013,8,3,4,1356,569.52,5993.52,Flagship store,Electronics,Personal Appliances
43723540128,273612,2/8/2013,7,5,4,1234,518.28,5454.28,e-Shop,Books,Fiction
51361168663,274208,2/8/2013,3,2,2,1192,250.32,2634.32,TeleShop,Footwear,Kids
51095876227,267112,2/8/2013,11,5,3,191,60.165,633.165,e-Shop,Books,Children
18221077774,270834,2/8/2013,3,1,4,359,150.78,1586.78,MBR,Clothing,Kids
29453725577,272939,2/8/2013,4,4,2,1402,294.42,3098.42,e-Shop,Bags,Mens
8600143997,267160,2/8/2013,4,1,1,1409,147.945,1556.945,Flagship store,Clothing,Mens
55703817673,273325,2/8/2013,1,1,2,205,43.05,453.05,e-Shop,Clothing,Women
45145431394,266992,2/8/2013,4,1,1,1174,123.27,1297.27,MBR,Clothing,Mens
15525449597,272820,2/8/2013,12,6,3,1486,468.09,4926.09,Flagship store,Home and kitchen,Academic
31153038190,269922,2/8/2013,12,5,3,1398,440.37,4634.37,TeleShop,Books,Academic
59956172126,270583,2/8/2013,8,3,2,1465,307.65,3237.65,e-Shop,Electronics,Personal Appliances
12225207719,272985,2/8/2013,12,5,2,902,189.42,1993.42,TeleShop,Books,Academic
95615104588,267913,2/8/2013,11,6,1,1012,106.26,1118.26,e-Shop,Home and kitchen,Children
81626899173,269703,2/8/2013,12,5,4,165,69.3,729.3,e-Shop,Books,Academic
72425691764,268139,2/8/2013,4,4,4,944,396.48,4172.48,TeleShop,Bags,Mens
76931938703,272002,2/8/2013,3,1,1,1302,136.71,1438.71,TeleShop,Clothing,Kids
91947473032,269474,2/8/2013,1,2,2,627,131.67,1385.67,e-Shop,Footwear,Women
35479816591,269365,1/8/2013,1,1,2,576,120.96,1272.96,e-Shop,Clothing,Women
52465091003,267325,1/8/2013,11,6,-1,-1490,156.45,-1646.45,e-Shop,Home and kitchen,Children
8937088703,270917,1/8/2013,6,5,4,457,191.94,2019.94,e-Shop,Books,DIY
41717680944,266841,1/8/2013,3,5,2,472,99.12,1043.12,TeleShop,Books,Kids
60790882735,275192,1/8/2013,3,2,5,272,142.8,1502.8,MBR,Footwear,Kids
16165359,273203,1/8/2013,4,1,2,580,121.8,1281.8,e-Shop,Clothing,Mens
58793570564,268016,1/8/2013,4,1,5,1270,666.75,7016.75,e-Shop,Clothing,Mens
57578571834,269020,1/8/2013,4,2,4,846,355.32,3739.32,e-Shop,Footwear,Mens
49797837310,268640,1/8/2013,1,1,2,372,78.12,822.12,TeleShop,Clothing,Women
32916061636,267607,1/8/2013,10,3,3,124,39.06,411.06,TeleShop,Electronics,Audio and video
31995208412,268509,1/8/2013,4,1,5,938,492.45,5182.45,TeleShop,Clothing,Mens
47191947150,274679,1/8/2013,10,5,2,307,64.47,678.47,MBR,Books,Audio and video
55264173809,268549,1/8/2013,5,3,1,1085,113.925,1198.925,Flagship store,Electronics,Computers
54849893000,273596,1/8/2013,1,4,1,293,30.765,323.765,e-Shop,Bags,Women
30352467979,267091,1/8/2013,3,5,2,1123,235.83,2481.83,TeleShop,Books,Kids
87398817169,269847,1/8/2013,5,3,1,1339,140.595,1479.595,MBR,Electronics,Computers
78268047002,268369,1/8/2013,11,5,4,952,399.84,4207.84,TeleShop,Books,Children
92219118893,268328,1/8/2013,9,3,1,1286,135.03,1421.03,TeleShop,Electronics,Cameras
73487605002,271730,1/8/2013,3,2,2,1356,284.76,2996.76,MBR,Footwear,Kids
78105155949,267152,1/8/2013,3,5,3,266,83.79,881.79,Flagship store,Books,Kids
89882144571,266785,1/8/2013,1,4,3,206,64.89,682.89,TeleShop,Bags,Women
27975020881,272761,31-07-2013,3,5,-5,-1010,530.25,-5580.25,MBR,Books,Kids
22954300027,267615,31-07-2013,4,2,-5,-691,362.775,-3817.775,Flagship store,Footwear,Mens
59499861746,274700,31-07-2013,8,3,4,503,211.26,2223.26,MBR,Electronics,Personal Appliances
57887451672,272018,31-07-2013,1,4,3,158,49.77,523.77,TeleShop,Bags,Women
42134841359,269932,31-07-2013,1,2,5,1160,609,6409,TeleShop,Footwear,Women
11580783073,273581,31-07-2013,3,2,2,167,35.07,369.07,MBR,Footwear,Kids
2766651996,272396,31-07-2013,2,6,5,1179,618.975,6513.975,TeleShop,Home and kitchen,Furnishing
50821804089,267778,31-07-2013,4,3,3,1474,464.31,4886.31,Flagship store,Electronics,Mens
53829150861,267840,31-07-2013,4,3,2,1473,309.33,3255.33,MBR,Electronics,Mens
48754081370,269586,31-07-2013,4,4,4,284,119.28,1255.28,Flagship store,Bags,Mens
38341099327,274842,31-07-2013,4,4,5,1369,718.725,7563.725,e-Shop,Bags,Mens
48641506515,271375,31-07-2013,1,2,3,336,105.84,1113.84,MBR,Footwear,Women
4888846162,267687,31-07-2013,7,5,2,562,118.02,1242.02,TeleShop,Books,Fiction
25199524213,269897,31-07-2013,1,1,1,428,44.94,472.94,e-Shop,Clothing,Women
27609634946,274917,31-07-2013,4,1,1,252,26.46,278.46,e-Shop,Clothing,Mens
99597203965,267407,31-07-2013,3,2,1,667,70.035,737.035,Flagship store,Footwear,Kids
87139784927,274939,31-07-2013,1,4,1,1257,131.985,1388.985,MBR,Bags,Women
90776988825,275216,31-07-2013,3,2,2,1074,225.54,2373.54,e-Shop,Footwear,Kids
92311233441,268510,31-07-2013,4,1,-1,-208,21.84,-229.84,e-Shop,Clothing,Mens
12155732535,270594,30-07-2013,10,5,4,1426,598.92,6302.92,e-Shop,Books,Audio and video
55886757593,269423,30-07-2013,5,3,2,654,137.34,1445.34,Flagship store,Electronics,Computers
35731911528,267920,30-07-2013,8,3,3,894,281.61,2963.61,e-Shop,Electronics,Personal Appliances
3955871191,273236,30-07-2013,1,1,2,572,120.12,1264.12,Flagship store,Clothing,Women
3188070767,267419,30-07-2013,1,2,4,1479,621.18,6537.18,TeleShop,Footwear,Women
35102230521,267611,30-07-2013,7,5,2,871,182.91,1924.91,Flagship store,Books,Fiction
19424023275,270462,30-07-2013,9,3,2,1275,267.75,2817.75,TeleShop,Electronics,Cameras
9897637831,268415,30-07-2013,3,1,4,971,407.82,4291.82,TeleShop,Clothing,Kids
36242752777,271914,30-07-2013,4,1,4,366,153.72,1617.72,e-Shop,Clothing,Mens
58493517259,273417,30-07-2013,7,5,-5,-1463,768.075,-8083.075,e-Shop,Books,Fiction
31821099046,269658,30-07-2013,6,5,3,792,249.48,2625.48,e-Shop,Books,DIY
1206422963,268054,30-07-2013,3,5,1,1057,110.985,1167.985,TeleShop,Books,Kids
27003037714,270249,30-07-2013,10,5,5,497,260.925,2745.925,e-Shop,Books,Audio and video
30856128902,273878,30-07-2013,8,3,4,732,307.44,3235.44,e-Shop,Electronics,Personal Appliances
9005632161,270677,30-07-2013,11,5,-3,-996,313.74,-3301.74,Flagship store,Books,Children
7986658313,269047,30-07-2013,1,1,3,259,81.585,858.585,e-Shop,Clothing,Women
93213392507,269559,30-07-2013,12,5,-4,-483,202.86,-2134.86,e-Shop,Books,Academic
73567796175,269703,30-07-2013,4,1,5,1022,536.55,5646.55,TeleShop,Clothing,Mens
64288082063,268633,30-07-2013,7,5,5,352,184.8,1944.8,Flagship store,Books,Fiction
86591561178,274160,30-07-2013,4,1,2,81,17.01,179.01,TeleShop,Clothing,Mens
92850388659,270460,30-07-2013,3,1,3,694,218.61,2300.61,Flagship store,Clothing,Kids
60874711364,272526,29-07-2013,10,5,-3,-140,44.1,-464.1,MBR,Books,Audio and video
33689313389,272954,29-07-2013,10,6,3,1121,353.115,3716.115,TeleShop,Home and kitchen,Audio and video
40768332935,275024,29-07-2013,8,3,1,698,73.29,771.29,e-Shop,Electronics,Personal Appliances
49473025628,273020,29-07-2013,1,1,-1,-397,41.685,-438.685,Flagship store,Clothing,Women
27975020881,272761,29-07-2013,3,5,-5,-1010,530.25,-5580.25,MBR,Books,Kids
30727970111,268068,29-07-2013,12,5,2,772,162.12,1706.12,MBR,Books,Academic
27371278818,270030,29-07-2013,3,2,3,628,197.82,2081.82,MBR,Footwear,Kids
60571971141,270350,29-07-2013,1,2,4,410,172.2,1812.2,MBR,Footwear,Women
22954300027,267615,29-07-2013,4,2,5,691,362.775,3817.775,Flagship store,Footwear,Mens
3486235218,273449,29-07-2013,5,3,1,1207,126.735,1333.735,e-Shop,Electronics,Computers
62916904531,269709,29-07-2013,4,1,5,1403,736.575,7751.575,e-Shop,Clothing,Mens
38618738584,267987,29-07-2013,10,3,1,914,95.97,1009.97,TeleShop,Electronics,Audio and video
2573543569,274046,29-07-2013,1,2,2,1468,308.28,3244.28,e-Shop,Footwear,Women
2407621021,269253,29-07-2013,3,2,1,1253,131.565,1384.565,e-Shop,Footwear,Kids
67761425297,270460,29-07-2013,4,2,2,138,28.98,304.98,e-Shop,Footwear,Mens
92485486194,270718,29-07-2013,12,6,2,277,58.17,612.17,e-Shop,Home and kitchen,Academic
52503742789,266923,28-07-2013,4,2,5,253,132.825,1397.825,e-Shop,Footwear,Mens
58379312834,271515,28-07-2013,3,1,1,1434,150.57,1584.57,TeleShop,Clothing,Kids
48460279589,268032,28-07-2013,9,3,2,1384,290.64,3058.64,e-Shop,Electronics,Cameras
44532265501,268716,28-07-2013,12,5,4,879,369.18,3885.18,e-Shop,Books,Academic
46142255664,268813,28-07-2013,1,4,1,1483,155.715,1638.715,e-Shop,Bags,Women
15403694427,272007,28-07-2013,2,6,1,397,41.685,438.685,e-Shop,Home and kitchen,Furnishing
1253345240,272495,28-07-2013,3,2,4,333,139.86,1471.86,MBR,Footwear,Kids
25165818836,270992,28-07-2013,4,2,2,785,164.85,1734.85,MBR,Footwear,Mens
36843464618,268639,28-07-2013,2,6,1,1390,145.95,1535.95,e-Shop,Home and kitchen,Furnishing
19743182491,269311,28-07-2013,9,3,3,461,145.215,1528.215,e-Shop,Electronics,Cameras
38139838131,271698,28-07-2013,9,3,3,85,26.775,281.775,e-Shop,Electronics,Cameras
52465091003,267325,28-07-2013,11,6,1,1490,156.45,1646.45,e-Shop,Home and kitchen,Children
60257914920,273292,28-07-2013,2,6,2,423,88.83,934.83,TeleShop,Home and kitchen,Furnishing
28853217194,275231,28-07-2013,1,1,1,840,88.2,928.2,TeleShop,Clothing,Women
92306778308,274196,28-07-2013,7,5,5,655,343.875,3618.875,e-Shop,Books,Fiction
90252178674,267714,28-07-2013,12,5,2,85,17.85,187.85,TeleShop,Books,Academic
92069356654,270162,28-07-2013,3,1,1,1110,116.55,1226.55,MBR,Clothing,Kids
95650252199,268657,28-07-2013,4,2,5,727,381.675,4016.675,MBR,Footwear,Mens
67789653351,274815,28-07-2013,1,4,4,1067,448.14,4716.14,MBR,Bags,Women
77405369597,270615,28-07-2013,11,5,5,97,50.925,535.925,MBR,Books,Children
92559062518,273679,28-07-2013,3,5,5,303,159.075,1674.075,e-Shop,Books,Kids
93586836205,268808,28-07-2013,5,3,-4,-128,53.76,-565.76,e-Shop,Electronics,Computers
85984680777,274716,28-07-2013,9,3,3,508,160.02,1684.02,e-Shop,Electronics,Cameras
65437631660,270776,28-07-2013,4,3,4,1033,433.86,4565.86,e-Shop,Electronics,Mens
81711279127,269890,28-07-2013,9,3,1,409,42.945,451.945,Flagship store,Electronics,Cameras
37545092475,275226,27-07-2013,4,4,2,390,81.9,861.9,Flagship store,Bags,Mens
18599237407,272926,27-07-2013,11,6,1,1164,122.22,1286.22,MBR,Home and kitchen,Children
44939856721,269565,27-07-2013,4,1,3,1295,407.925,4292.925,e-Shop,Clothing,Mens
55471630416,270722,27-07-2013,4,1,1,945,99.225,1044.225,MBR,Clothing,Mens
14149979951,268060,27-07-2013,6,5,3,171,53.865,566.865,Flagship store,Books,DIY
14093487459,267412,27-07-2013,1,4,4,1324,556.08,5852.08,e-Shop,Bags,Women
15540229102,267419,27-07-2013,10,3,4,1340,562.8,5922.8,MBR,Electronics,Audio and video
49628331863,272317,27-07-2013,1,1,4,152,63.84,671.84,e-Shop,Clothing,Women
24598737782,270218,27-07-2013,7,5,2,1488,312.48,3288.48,TeleShop,Books,Fiction
19493464241,273005,27-07-2013,9,3,1,533,55.965,588.965,e-Shop,Electronics,Cameras
55731830520,271945,27-07-2013,11,6,2,1429,300.09,3158.09,Flagship store,Home and kitchen,Children
53695159090,269050,27-07-2013,2,6,1,472,49.56,521.56,e-Shop,Home and kitchen,Furnishing
68198978571,271766,27-07-2013,10,5,3,1254,395.01,4157.01,MBR,Books,Audio and video
87802622150,274943,27-07-2013,7,5,4,153,64.26,676.26,e-Shop,Books,Fiction
91036532193,273085,27-07-2013,4,2,3,1093,344.295,3623.295,e-Shop,Footwear,Mens
94178907257,271612,27-07-2013,4,3,2,901,189.21,1991.21,e-Shop,Electronics,Mens
48193686182,271742,26-07-2013,1,2,-5,-656,344.4,-3624.4,e-Shop,Footwear,Women
59821338679,267245,26-07-2013,4,3,-3,-271,85.365,-898.365,e-Shop,Electronics,Mens
7248360504,268663,26-07-2013,3,5,1,981,103.005,1084.005,TeleShop,Books,Kids
24146209219,270585,26-07-2013,2,6,1,1198,125.79,1323.79,e-Shop,Home and kitchen,Furnishing
44697450376,267617,26-07-2013,2,6,4,85,35.7,375.7,TeleShop,Home and kitchen,Furnishing
2836752453,268603,26-07-2013,12,5,-4,-633,265.86,-2797.86,e-Shop,Books,Academic
6119819171,272940,26-07-2013,7,5,1,963,101.115,1064.115,TeleShop,Books,Fiction
46355026059,273531,26-07-2013,1,1,5,911,478.275,5033.275,Flagship store,Clothing,Women
41954921573,268174,26-07-2013,12,5,1,1312,137.76,1449.76,e-Shop,Books,Academic
20432686992,267345,26-07-2013,4,3,5,226,118.65,1248.65,MBR,Electronics,Mens
31413735719,266822,26-07-2013,9,3,1,929,97.545,1026.545,e-Shop,Electronics,Cameras
57754039832,270949,26-07-2013,3,5,2,328,68.88,724.88,MBR,Books,Kids
19426239417,270002,26-07-2013,8,3,2,506,106.26,1118.26,e-Shop,Electronics,Personal Appliances
5513185492,269798,26-07-2013,9,3,2,1039,218.19,2296.19,e-Shop,Electronics,Cameras
91204660802,271699,26-07-2013,4,3,2,230,48.3,508.3,TeleShop,Electronics,Mens
75926088208,271002,26-07-2013,11,5,-1,-1363,143.115,-1506.115,MBR,Books,Children
94837979400,272528,26-07-2013,2,6,1,1180,123.9,1303.9,e-Shop,Home and kitchen,Furnishing
89849584828,271990,26-07-2013,4,4,2,1005,211.05,2221.05,e-Shop,Bags,Mens
68158348187,271162,26-07-2013,12,5,3,520,163.8,1723.8,MBR,Books,Academic
93586836205,268808,26-07-2013,5,3,4,128,53.76,565.76,e-Shop,Electronics,Computers
53508176551,267177,25-07-2013,7,5,5,737,386.925,4071.925,e-Shop,Books,Fiction
15372536079,270050,25-07-2013,11,6,4,1117,469.14,4937.14,Flagship store,Home and kitchen,Children
20696559981,268033,25-07-2013,11,6,2,1214,254.94,2682.94,TeleShop,Home and kitchen,Children
16621905607,272679,25-07-2013,7,5,2,337,70.77,744.77,TeleShop,Books,Fiction
30132468246,272285,25-07-2013,3,2,1,806,84.63,890.63,e-Shop,Footwear,Kids
24291347392,273890,25-07-2013,10,5,4,325,136.5,1436.5,e-Shop,Books,Audio and video
56307467377,271383,25-07-2013,10,3,2,349,73.29,771.29,TeleShop,Electronics,Audio and video
23163895337,273367,25-07-2013,1,2,2,179,37.59,395.59,e-Shop,Footwear,Women
18286209869,273426,25-07-2013,10,5,-3,-393,123.795,-1302.795,Flagship store,Books,Audio and video
17808013731,269960,25-07-2013,6,5,2,258,54.18,570.18,e-Shop,Books,DIY
2997887257,270861,25-07-2013,6,5,1,1126,118.23,1244.23,Flagship store,Books,DIY
19558672570,266862,25-07-2013,6,5,2,1138,238.98,2514.98,e-Shop,Books,DIY
37104312122,272501,25-07-2013,4,4,2,1455,305.55,3215.55,MBR,Bags,Mens
82802566995,271269,25-07-2013,10,6,1,880,92.4,972.4,Flagship store,Home and kitchen,Audio and video
82467750398,274804,25-07-2013,10,5,4,883,370.86,3902.86,e-Shop,Books,Audio and video
63708977245,273741,25-07-2013,4,3,4,739,310.38,3266.38,e-Shop,Electronics,Mens
65013768437,273122,25-07-2013,2,6,1,1110,116.55,1226.55,TeleShop,Home and kitchen,Furnishing
83685466264,271675,25-07-2013,1,2,1,425,44.625,469.625,MBR,Footwear,Women
73828475619,272996,25-07-2013,9,3,4,588,246.96,2598.96,Flagship store,Electronics,Cameras
35963599015,270551,24-07-2013,3,5,4,705,296.1,3116.1,TeleShop,Books,Kids
31348483471,267182,24-07-2013,1,2,2,1107,232.47,2446.47,e-Shop,Footwear,Women
33651676869,269888,24-07-2013,4,1,3,827,260.505,2741.505,TeleShop,Clothing,Mens
9005632161,270677,24-07-2013,11,5,3,996,313.74,3301.74,Flagship store,Books,Children
7718093424,273220,24-07-2013,3,2,4,1353,568.26,5980.26,Flagship store,Footwear,Kids
27975020881,272761,24-07-2013,3,5,5,1010,530.25,5580.25,MBR,Books,Kids
49473025628,273020,24-07-2013,1,1,1,397,41.685,438.685,Flagship store,Clothing,Women
19619801601,267021,24-07-2013,10,6,2,1327,278.67,2932.67,e-Shop,Home and kitchen,Audio and video
45240249921,270544,24-07-2013,7,5,5,288,151.2,1591.2,MBR,Books,Fiction
40394337065,269261,24-07-2013,7,5,2,1023,214.83,2260.83,Flagship store,Books,Fiction
60339616153,269361,24-07-2013,6,5,-1,-1241,130.305,-1371.305,Flagship store,Books,DIY
48688052314,271634,24-07-2013,3,5,1,1203,126.315,1329.315,e-Shop,Books,Kids
47784786433,271609,24-07-2013,4,2,4,880,369.6,3889.6,Flagship store,Footwear,Mens
77441734312,270176,24-07-2013,1,1,4,1087,456.54,4804.54,e-Shop,Clothing,Women
92311233441,268510,24-07-2013,4,1,1,208,21.84,229.84,e-Shop,Clothing,Mens
73562329131,267376,24-07-2013,10,6,-2,-369,77.49,-815.49,MBR,Home and kitchen,Audio and video
93745692369,272148,24-07-2013,5,3,2,1086,228.06,2400.06,MBR,Electronics,Computers
92813277076,271459,24-07-2013,3,5,5,340,178.5,1878.5,TeleShop,Books,Kids
96329945070,268920,24-07-2013,3,5,1,649,68.145,717.145,MBR,Books,Kids
75011752122,270069,24-07-2013,1,2,3,857,269.955,2840.955,e-Shop,Footwear,Women
96554290634,273587,24-07-2013,10,5,3,195,61.425,646.425,e-Shop,Books,Audio and video
53293069494,273014,23-07-2013,3,2,1,651,68.355,719.355,MBR,Footwear,Kids
61506045411,270110,23-07-2013,11,6,1,393,41.265,434.265,e-Shop,Home and kitchen,Children
59821338679,267245,23-07-2013,4,3,3,271,85.365,898.365,e-Shop,Electronics,Mens
9232187832,268144,23-07-2013,10,3,3,475,149.625,1574.625,TeleShop,Electronics,Audio and video
49949374822,272286,23-07-2013,3,1,5,926,486.15,5116.15,e-Shop,Clothing,Kids
19208101395,273795,23-07-2013,4,4,-5,-182,95.55,-1005.55,e-Shop,Bags,Mens
4843284786,274356,23-07-2013,2,6,2,306,64.26,676.26,TeleShop,Home and kitchen,Furnishing
94412688753,274789,23-07-2013,3,1,4,961,403.62,4247.62,Flagship store,Clothing,Kids
94370362399,267017,23-07-2013,10,6,3,231,72.765,765.765,TeleShop,Home and kitchen,Audio and video
69570352784,267049,23-07-2013,3,2,4,1486,624.12,6568.12,TeleShop,Footwear,Kids
84971691965,275230,23-07-2013,9,3,3,834,262.71,2764.71,MBR,Electronics,Cameras
70371808894,267677,23-07-2013,1,4,4,1236,519.12,5463.12,MBR,Bags,Women
83274643163,268097,23-07-2013,3,2,5,1054,553.35,5823.35,e-Shop,Footwear,Kids
87800204645,267378,23-07-2013,3,2,4,157,65.94,693.94,e-Shop,Footwear,Kids
99341082862,270457,23-07-2013,12,5,-4,-830,348.6,-3668.6,Flagship store,Books,Academic
67331389627,274384,23-07-2013,11,6,2,1463,307.23,3233.23,MBR,Home and kitchen,Children
86740051987,267346,23-07-2013,1,2,2,1313,275.73,2901.73,e-Shop,Footwear,Women
71094982801,269024,23-07-2013,1,2,3,1373,432.495,4551.495,TeleShop,Footwear,Women
67329460636,272152,23-07-2013,2,6,1,545,57.225,602.225,Flagship store,Home and kitchen,Furnishing
68386297559,271716,23-07-2013,9,3,5,248,130.2,1370.2,e-Shop,Electronics,Cameras
80262862720,272871,23-07-2013,12,6,-5,-1468,770.7,-8110.7,Flagship store,Home and kitchen,Academic
3573059257,271636,22-07-2013,8,3,5,640,336,3536,Flagship store,Electronics,Personal Appliances
34961874847,267806,22-07-2013,11,5,2,373,78.33,824.33,TeleShop,Books,Children
18873213905,271959,22-07-2013,4,3,5,1367,717.675,7552.675,Flagship store,Electronics,Mens
60339616153,269361,22-07-2013,6,5,1,1241,130.305,1371.305,Flagship store,Books,DIY
31885345366,270867,22-07-2013,9,3,-5,-976,512.4,-5392.4,e-Shop,Electronics,Cameras
26031892704,274510,22-07-2013,3,2,5,1253,657.825,6922.825,MBR,Footwear,Kids
27462551329,270677,22-07-2013,4,4,4,81,34.02,358.02,e-Shop,Bags,Mens
48193686182,271742,22-07-2013,1,2,5,656,344.4,3624.4,e-Shop,Footwear,Women
49466845254,268504,22-07-2013,1,4,2,456,95.76,1007.76,MBR,Bags,Women
55939330390,272580,22-07-2013,4,2,4,257,107.94,1135.94,e-Shop,Footwear,Mens
6514083300,267042,22-07-2013,1,1,2,1187,249.27,2623.27,TeleShop,Clothing,Women
43083211626,273890,22-07-2013,7,5,2,1228,257.88,2713.88,TeleShop,Books,Fiction
34471927602,274657,22-07-2013,10,3,3,278,87.57,921.57,e-Shop,Electronics,Audio and video
84739583112,268501,22-07-2013,3,5,1,254,26.67,280.67,e-Shop,Books,Kids
92938402276,269365,22-07-2013,10,5,3,1283,404.145,4253.145,e-Shop,Books,Audio and video
73623425236,268151,22-07-2013,7,5,1,596,62.58,658.58,MBR,Books,Fiction
99004419453,267316,22-07-2013,10,3,1,660,69.3,729.3,TeleShop,Electronics,Audio and video
80262862720,272871,22-07-2013,12,6,-5,-1468,770.7,-8110.7,Flagship store,Home and kitchen,Academic
68543874867,271158,22-07-2013,3,2,5,236,123.9,1303.9,Flagship store,Footwear,Kids
90241623201,267631,22-07-2013,8,3,3,1475,464.625,4889.625,e-Shop,Electronics,Personal Appliances
17141551255,270578,21-07-2013,4,3,4,518,217.56,2289.56,e-Shop,Electronics,Mens
17122483580,271174,21-07-2013,9,3,5,1216,638.4,6718.4,MBR,Electronics,Cameras
4998171745,266939,21-07-2013,1,4,3,931,293.265,3086.265,TeleShop,Bags,Women
60519728033,267794,21-07-2013,11,5,1,652,68.46,720.46,MBR,Books,Children
40184501017,272497,21-07-2013,6,5,2,954,200.34,2108.34,MBR,Books,DIY
5432127406,267962,21-07-2013,1,2,3,853,268.695,2827.695,TeleShop,Footwear,Women
26342999369,274385,21-07-2013,12,6,4,900,378,3978,TeleShop,Home and kitchen,Academic
26127236683,267378,21-07-2013,10,5,3,980,308.7,3248.7,e-Shop,Books,Audio and video
9780364496,269861,21-07-2013,5,3,1,1147,120.435,1267.435,TeleShop,Electronics,Computers
20570339902,269243,21-07-2013,12,6,2,1249,262.29,2760.29,Flagship store,Home and kitchen,Academic
13761750071,272379,21-07-2013,1,2,2,119,24.99,262.99,Flagship store,Footwear,Women
58493517259,273417,21-07-2013,7,5,5,1463,768.075,8083.075,e-Shop,Books,Fiction
37652896590,272436,21-07-2013,12,6,2,1024,215.04,2263.04,Flagship store,Home and kitchen,Academic
29867212414,271617,21-07-2013,3,1,4,729,306.18,3222.18,Flagship store,Clothing,Kids
53155206894,268077,21-07-2013,3,1,3,606,190.89,2008.89,e-Shop,Clothing,Kids
5545822033,273664,21-07-2013,12,6,2,965,202.65,2132.65,TeleShop,Home and kitchen,Academic
43519907150,273716,21-07-2013,3,2,4,722,303.24,3191.24,TeleShop,Footwear,Kids
30696616340,269182,21-07-2013,2,6,-2,-142,29.82,-313.82,e-Shop,Home and kitchen,Furnishing
99443006000,270457,21-07-2013,6,5,2,1209,253.89,2671.89,e-Shop,Books,DIY
93213392507,269559,21-07-2013,12,5,4,483,202.86,2134.86,e-Shop,Books,Academic
99454183785,267377,21-07-2013,8,3,1,1086,114.03,1200.03,MBR,Electronics,Personal Appliances
96306661127,268625,21-07-2013,10,6,3,1198,377.37,3971.37,e-Shop,Home and kitchen,Audio and video
83229432148,269176,21-07-2013,4,3,3,1236,389.34,4097.34,TeleShop,Electronics,Mens
66388659809,268557,21-07-2013,12,6,5,342,179.55,1889.55,Flagship store,Home and kitchen,Academic
93775847705,271275,21-07-2013,9,3,-3,-658,207.27,-2181.27,e-Shop,Electronics,Cameras
5731966778,272299,20-07-2013,1,2,1,306,32.13,338.13,Flagship store,Footwear,Women
49976400320,272773,20-07-2013,4,4,1,408,42.84,450.84,TeleShop,Bags,Mens
48616479752,274559,20-07-2013,3,5,5,96,50.4,530.4,e-Shop,Books,Kids
28432068920,271793,20-07-2013,4,3,5,119,62.475,657.475,e-Shop,Electronics,Mens
25830500322,273319,20-07-2013,10,6,4,574,241.08,2537.08,Flagship store,Home and kitchen,Audio and video
21063762476,271568,20-07-2013,12,6,3,819,257.985,2714.985,e-Shop,Home and kitchen,Academic
37390241010,270387,20-07-2013,4,2,4,1445,606.9,6386.9,e-Shop,Footwear,Mens
60874711364,272526,20-07-2013,10,5,3,140,44.1,464.1,MBR,Books,Audio and video
2524379586,272899,20-07-2013,4,4,3,218,68.67,722.67,MBR,Bags,Mens
35698376223,269187,20-07-2013,9,3,5,330,173.25,1823.25,Flagship store,Electronics,Cameras
41736324452,271427,20-07-2013,2,6,-1,-820,86.1,-906.1,Flagship store,Home and kitchen,Furnishing
70604955834,271612,20-07-2013,9,3,4,241,101.22,1065.22,e-Shop,Electronics,Cameras
99438903328,272062,20-07-2013,4,3,3,1429,450.135,4737.135,e-Shop,Electronics,Mens
70718836227,273933,20-07-2013,9,3,2,1113,233.73,2459.73,e-Shop,Electronics,Cameras
97822067703,268504,20-07-2013,4,2,3,435,137.025,1442.025,e-Shop,Footwear,Mens
65203756015,267840,20-07-2013,3,2,4,1142,479.64,5047.64,MBR,Footwear,Kids
92754845421,273198,20-07-2013,3,1,1,815,85.575,900.575,MBR,Clothing,Kids
64948367771,270737,20-07-2013,12,6,1,1186,124.53,1310.53,MBR,Home and kitchen,Academic
72437954412,275206,20-07-2013,12,5,3,412,129.78,1365.78,MBR,Books,Academic
97503659941,268492,20-07-2013,7,5,1,1427,149.835,1576.835,MBR,Books,Fiction
99424637919,271046,20-07-2013,3,1,2,679,142.59,1500.59,e-Shop,Clothing,Kids
96636094506,267163,20-07-2013,9,3,5,537,281.925,2966.925,e-Shop,Electronics,Cameras
75231124376,268706,20-07-2013,1,1,1,816,85.68,901.68,MBR,Clothing,Women
54818572958,274656,19-07-2013,11,6,-5,-662,347.55,-3657.55,e-Shop,Home and kitchen,Children
36066352023,273337,19-07-2013,6,5,1,453,47.565,500.565,MBR,Books,DIY
12828477771,269267,19-07-2013,4,4,5,1352,709.8,7469.8,TeleShop,Bags,Mens
27863671298,274155,19-07-2013,6,5,3,1233,388.395,4087.395,Flagship store,Books,DIY
57083414009,272446,19-07-2013,9,3,-4,-1476,619.92,-6523.92,e-Shop,Electronics,Cameras
5905297065,269010,19-07-2013,11,5,2,1019,213.99,2251.99,Flagship store,Books,Children
18550727549,268131,19-07-2013,9,3,5,419,219.975,2314.975,e-Shop,Electronics,Cameras
19929278979,267349,19-07-2013,12,6,1,1499,157.395,1656.395,Flagship store,Home and kitchen,Academic
62623668865,272450,19-07-2013,1,2,3,573,180.495,1899.495,Flagship store,Footwear,Women
9217690659,272456,19-07-2013,11,6,1,338,35.49,373.49,MBR,Home and kitchen,Children
5727246856,270458,19-07-2013,12,6,1,218,22.89,240.89,Flagship store,Home and kitchen,Academic
6835449248,271045,19-07-2013,3,1,2,656,137.76,1449.76,e-Shop,Clothing,Kids
54818572958,274656,19-07-2013,11,6,-5,-662,347.55,-3657.55,e-Shop,Home and kitchen,Children
83056090298,275042,19-07-2013,12,5,1,233,24.465,257.465,Flagship store,Books,Academic
72765848569,273935,19-07-2013,12,5,5,1293,678.825,7143.825,e-Shop,Books,Academic
75926088208,271002,19-07-2013,11,5,1,1363,143.115,1506.115,MBR,Books,Children
86280523971,274644,19-07-2013,10,3,1,1333,139.965,1472.965,e-Shop,Electronics,Audio and video
96885749712,270103,19-07-2013,1,2,4,898,377.16,3969.16,e-Shop,Footwear,Women
76977862429,269149,19-07-2013,3,1,5,177,92.925,977.925,TeleShop,Clothing,Kids
83641622118,274182,19-07-2013,1,1,1,462,48.51,510.51,e-Shop,Clothing,Women
73562329131,267376,19-07-2013,10,6,2,369,77.49,815.49,MBR,Home and kitchen,Audio and video
88550316431,272664,19-07-2013,1,1,1,1193,125.265,1318.265,Flagship store,Clothing,Women
46079301579,270998,18-07-2013,5,3,1,1336,140.28,1476.28,TeleShop,Electronics,Computers
22918075082,274081,18-07-2013,2,6,3,1225,385.875,4060.875,e-Shop,Home and kitchen,Furnishing
31170993931,274810,18-07-2013,4,4,3,1436,452.34,4760.34,Flagship store,Bags,Mens
16202034557,273240,18-07-2013,11,5,2,1354,284.34,2992.34,MBR,Books,Children
62755953539,273285,18-07-2013,11,5,4,1128,473.76,4985.76,Flagship store,Books,Children
19208101395,273795,18-07-2013,4,4,5,182,95.55,1005.55,e-Shop,Bags,Mens
2836752453,268603,18-07-2013,12,5,4,633,265.86,2797.86,e-Shop,Books,Academic
6889314893,271509,18-07-2013,10,3,2,1291,271.11,2853.11,Flagship store,Electronics,Audio and video
35589952589,267359,18-07-2013,10,5,2,347,72.87,766.87,MBR,Books,Audio and video
15670225062,269727,18-07-2013,7,5,4,223,93.66,985.66,TeleShop,Books,Fiction
10155756610,268869,18-07-2013,4,4,1,1139,119.595,1258.595,e-Shop,Bags,Mens
19028063601,267742,18-07-2013,1,4,1,1351,141.855,1492.855,e-Shop,Bags,Women
54818572958,274656,18-07-2013,11,6,5,662,347.55,3657.55,e-Shop,Home and kitchen,Children
62602270400,267914,18-07-2013,2,6,4,320,134.4,1414.4,MBR,Home and kitchen,Furnishing
23435417077,274854,18-07-2013,11,6,1,1296,136.08,1432.08,Flagship store,Home and kitchen,Children
60089273284,275245,18-07-2013,4,2,4,991,416.22,4380.22,MBR,Footwear,Mens
75786933453,270024,18-07-2013,11,5,4,501,210.42,2214.42,Flagship store,Books,Children
70116492049,272795,18-07-2013,1,4,2,350,73.5,773.5,MBR,Bags,Women
80262862720,272871,18-07-2013,12,6,5,1468,770.7,8110.7,Flagship store,Home and kitchen,Academic
72150579797,268858,18-07-2013,10,3,2,567,119.07,1253.07,TeleShop,Electronics,Audio and video
13749219909,270803,17-07-2013,10,3,5,1037,544.425,5729.425,TeleShop,Electronics,Audio and video
31494713399,275072,17-07-2013,2,6,-4,-1135,476.7,-5016.7,e-Shop,Home and kitchen,Furnishing
16096839217,272603,17-07-2013,9,3,5,1408,739.2,7779.2,TeleShop,Electronics,Cameras
815033477,270852,17-07-2013,4,2,5,201,105.525,1110.525,e-Shop,Footwear,Mens
49979239665,267020,17-07-2013,4,3,5,673,353.325,3718.325,e-Shop,Electronics,Mens
39847252322,268624,17-07-2013,1,2,5,1422,746.55,7856.55,Flagship store,Footwear,Women
25774436007,268055,17-07-2013,10,3,1,820,86.1,906.1,TeleShop,Electronics,Audio and video
76796514357,271288,17-07-2013,3,5,2,1145,240.45,2530.45,e-Shop,Books,Kids
84404675648,272921,17-07-2013,11,6,4,489,205.38,2161.38,TeleShop,Home and kitchen,Children
74795937348,267022,17-07-2013,10,5,1,521,54.705,575.705,e-Shop,Books,Audio and video
76282099255,268313,17-07-2013,7,5,2,698,146.58,1542.58,e-Shop,Books,Fiction
78048435648,274425,17-07-2013,1,4,2,406,85.26,897.26,Flagship store,Bags,Women
75498547542,269261,17-07-2013,3,5,4,1313,551.46,5803.46,TeleShop,Books,Kids
64393698292,271460,17-07-2013,10,3,2,130,27.3,287.3,MBR,Electronics,Audio and video
32497714443,271657,16-07-2013,4,1,2,766,160.86,1692.86,TeleShop,Clothing,Mens
18286209869,273426,16-07-2013,10,5,3,393,123.795,1302.795,Flagship store,Books,Audio and video
43739155078,267915,16-07-2013,10,3,2,1106,232.26,2444.26,e-Shop,Electronics,Audio and video
43734073117,267677,16-07-2013,6,5,1,1409,147.945,1556.945,e-Shop,Books,DIY
34370324295,267174,16-07-2013,6,5,3,267,84.105,885.105,MBR,Books,DIY
32953076199,273662,16-07-2013,12,5,3,1482,466.83,4912.83,Flagship store,Books,Academic
23781126301,269259,16-07-2013,3,1,3,1152,362.88,3818.88,Flagship store,Clothing,Kids
50974394586,270550,16-07-2013,1,4,5,1307,686.175,7221.175,e-Shop,Bags,Women
28736312218,270328,16-07-2013,4,4,3,1380,434.7,4574.7,TeleShop,Bags,Mens
36790770325,267383,16-07-2013,11,5,3,773,243.495,2562.495,Flagship store,Books,Children
35516150202,271180,16-07-2013,12,5,2,184,38.64,406.64,TeleShop,Books,Academic
39059490366,270425,16-07-2013,6,5,5,1482,778.05,8188.05,TeleShop,Books,DIY
41428067459,272835,16-07-2013,10,3,5,1321,693.525,7298.525,TeleShop,Electronics,Audio and video
41945444111,266809,16-07-2013,7,5,2,715,150.15,1580.15,MBR,Books,Fiction
57325498075,272768,16-07-2013,6,5,2,1098,230.58,2426.58,Flagship store,Books,DIY
85419491813,269019,16-07-2013,3,2,-2,-81,17.01,-179.01,e-Shop,Footwear,Kids
86464383692,268081,16-07-2013,10,3,2,1429,300.09,3158.09,e-Shop,Electronics,Audio and video
93711520743,272846,16-07-2013,7,5,5,156,81.9,861.9,MBR,Books,Fiction
99341082862,270457,16-07-2013,12,5,4,830,348.6,3668.6,Flagship store,Books,Academic
96522760014,271607,16-07-2013,9,3,2,251,52.71,554.71,TeleShop,Electronics,Cameras
17624189452,269264,15-07-2013,11,5,1,1057,110.985,1167.985,e-Shop,Books,Children
28903730921,272426,15-07-2013,4,1,4,1476,619.92,6523.92,e-Shop,Clothing,Mens
38901736223,266952,15-07-2013,12,6,4,1219,511.98,5387.98,Flagship store,Home and kitchen,Academic
43210380959,269971,15-07-2013,4,3,-1,-784,82.32,-866.32,e-Shop,Electronics,Mens
33431561651,272843,15-07-2013,4,1,-2,-406,85.26,-897.26,e-Shop,Clothing,Mens
30888089051,267983,15-07-2013,8,3,3,446,140.49,1478.49,MBR,Electronics,Personal Appliances
13099444177,268480,15-07-2013,1,4,5,460,241.5,2541.5,MBR,Bags,Women
30696616340,269182,15-07-2013,2,6,2,142,29.82,313.82,e-Shop,Home and kitchen,Furnishing
188992101,272143,15-07-2013,4,4,2,1392,292.32,3076.32,e-Shop,Bags,Mens
31885345366,270867,15-07-2013,9,3,5,976,512.4,5392.4,e-Shop,Electronics,Cameras
22383709630,268933,15-07-2013,4,4,4,1305,548.1,5768.1,e-Shop,Bags,Mens
37506777310,271021,15-07-2013,10,3,2,1380,289.8,3049.8,Flagship store,Electronics,Audio and video
7879597324,270910,15-07-2013,7,5,-3,-984,309.96,-3261.96,e-Shop,Books,Fiction
51774031803,273120,15-07-2013,10,5,4,1363,572.46,6024.46,e-Shop,Books,Audio and video
74447174973,275188,15-07-2013,4,1,-1,-672,70.56,-742.56,e-Shop,Clothing,Mens
93775847705,271275,15-07-2013,9,3,3,658,207.27,2181.27,e-Shop,Electronics,Cameras
86972679320,274264,15-07-2013,12,6,1,1439,151.095,1590.095,e-Shop,Home and kitchen,Academic
93993415042,270345,15-07-2013,8,3,4,1126,472.92,4976.92,e-Shop,Electronics,Personal Appliances
74070493678,268494,15-07-2013,4,2,1,431,45.255,476.255,e-Shop,Footwear,Mens
10765901511,270034,14-07-2013,5,3,4,522,219.24,2307.24,e-Shop,Electronics,Computers
41736324452,271427,14-07-2013,2,6,1,820,86.1,906.1,Flagship store,Home and kitchen,Furnishing
39391144103,272708,14-07-2013,8,3,2,1249,262.29,2760.29,TeleShop,Electronics,Personal Appliances
57593385963,267108,14-07-2013,1,4,4,1249,524.58,5520.58,MBR,Bags,Women
47186462053,267960,14-07-2013,5,3,-4,-359,150.78,-1586.78,e-Shop,Electronics,Computers
6227396322,273924,14-07-2013,7,5,4,90,37.8,397.8,e-Shop,Books,Fiction
6001860254,273790,14-07-2013,2,6,2,463,97.23,1023.23,MBR,Home and kitchen,Furnishing
8539884868,272943,14-07-2013,5,3,2,1095,229.95,2419.95,e-Shop,Electronics,Computers
59970921508,269674,14-07-2013,1,2,1,87,9.135,96.135,TeleShop,Footwear,Women
31206634079,267756,14-07-2013,7,5,1,634,66.57,700.57,MBR,Books,Fiction
71756577386,272163,14-07-2013,4,4,4,165,69.3,729.3,e-Shop,Bags,Mens
69241547441,273762,14-07-2013,5,3,4,1194,501.48,5277.48,e-Shop,Electronics,Computers
85846268340,272003,14-07-2013,3,5,3,632,199.08,2095.08,MBR,Books,Kids
85013592651,270121,14-07-2013,4,2,5,660,346.5,3646.5,Flagship store,Footwear,Mens
68270675001,270803,14-07-2013,4,3,1,471,49.455,520.455,TeleShop,Electronics,Mens
97932241948,267302,14-07-2013,4,3,4,499,209.58,2205.58,Flagship store,Electronics,Mens
96874624280,268285,14-07-2013,7,5,-1,-1374,144.27,-1518.27,e-Shop,Books,Fiction
96076353773,269019,14-07-2013,12,6,1,643,67.515,710.515,MBR,Home and kitchen,Academic
68548669649,270293,14-07-2013,8,3,5,901,473.025,4978.025,TeleShop,Electronics,Personal Appliances
93033762885,269664,14-07-2013,6,5,5,1401,735.525,7740.525,TeleShop,Books,DIY
72498423772,270658,14-07-2013,10,5,-2,-1398,293.58,-3089.58,e-Shop,Books,Audio and video
37878343859,275160,13-07-2013,8,3,1,655,68.775,723.775,e-Shop,Electronics,Personal Appliances
4351157709,266976,13-07-2013,12,6,4,152,63.84,671.84,TeleShop,Home and kitchen,Academic
54797031944,266862,13-07-2013,10,3,2,599,125.79,1323.79,e-Shop,Electronics,Audio and video
56614317650,269688,13-07-2013,1,4,2,1111,233.31,2455.31,e-Shop,Bags,Women
52667054814,274156,13-07-2013,1,1,2,274,57.54,605.54,Flagship store,Clothing,Women
15965018383,269664,13-07-2013,3,2,-1,-358,37.59,-395.59,e-Shop,Footwear,Kids
16561128161,274535,13-07-2013,8,3,-3,-317,99.855,-1050.855,TeleShop,Electronics,Personal Appliances
43494865708,267620,13-07-2013,1,2,5,74,38.85,408.85,Flagship store,Footwear,Women
9352073372,269636,13-07-2013,4,2,2,1122,235.62,2479.62,e-Shop,Footwear,Mens
54857946067,266896,13-07-2013,8,3,3,802,252.63,2658.63,Flagship store,Electronics,Personal Appliances
29926173015,268530,13-07-2013,8,3,-1,-672,70.56,-742.56,TeleShop,Electronics,Personal Appliances
8989548959,270967,13-07-2013,4,1,1,1083,113.715,1196.715,e-Shop,Clothing,Mens
21451801535,272055,13-07-2013,10,3,5,1127,591.675,6226.675,TeleShop,Electronics,Audio and video
5098021109,267677,13-07-2013,4,3,4,607,254.94,2682.94,Flagship store,Electronics,Mens
98826376045,269480,13-07-2013,3,5,1,902,94.71,996.71,e-Shop,Books,Kids
91595265713,268958,13-07-2013,3,1,2,707,148.47,1562.47,MBR,Clothing,Kids
86743061017,272799,13-07-2013,3,5,3,359,113.085,1190.085,e-Shop,Books,Kids
70611201091,272375,13-07-2013,3,5,5,718,376.95,3966.95,e-Shop,Books,Kids
67833728327,272297,13-07-2013,1,2,3,412,129.78,1365.78,TeleShop,Footwear,Women
80216420411,267278,13-07-2013,4,2,3,935,294.525,3099.525,MBR,Footwear,Mens
91838125988,269998,13-07-2013,3,2,5,121,63.525,668.525,TeleShop,Footwear,Kids
91026857116,268977,13-07-2013,10,5,5,1415,742.875,7817.875,e-Shop,Books,Audio and video
78172785573,273101,13-07-2013,7,5,-1,-744,78.12,-822.12,e-Shop,Books,Fiction
94843803131,272467,13-07-2013,12,5,1,1386,145.53,1531.53,Flagship store,Books,Academic
93117414983,271510,13-07-2013,1,1,1,87,9.135,96.135,e-Shop,Clothing,Women
59186072190,273999,12/7/2013,5,3,2,1476,309.96,3261.96,TeleShop,Electronics,Computers
13895080965,270455,12/7/2013,3,5,2,1126,236.46,2488.46,TeleShop,Books,Kids
33219518529,273709,12/7/2013,2,6,1,324,34.02,358.02,e-Shop,Home and kitchen,Furnishing
23942017231,266972,12/7/2013,5,3,1,579,60.795,639.795,e-Shop,Electronics,Computers
19872212809,269214,12/7/2013,10,5,-5,-399,209.475,-2204.475,MBR,Books,Audio and video
54883310868,268173,12/7/2013,11,6,2,623,130.83,1376.83,MBR,Home and kitchen,Children
29208358147,270139,12/7/2013,7,5,3,1477,465.255,4896.255,Flagship store,Books,Fiction
938581071,267476,12/7/2013,1,4,4,994,417.48,4393.48,e-Shop,Bags,Women
38287964113,270087,12/7/2013,6,5,2,401,84.21,886.21,MBR,Books,DIY
15767165056,269521,12/7/2013,11,5,1,1265,132.825,1397.825,Flagship store,Books,Children
61866943283,271889,12/7/2013,10,3,-2,-430,90.3,-950.3,e-Shop,Electronics,Audio and video
22548070556,269949,12/7/2013,3,5,-4,-1239,520.38,-5476.38,MBR,Books,Kids
80772573384,273030,12/7/2013,12,6,1,508,53.34,561.34,e-Shop,Home and kitchen,Academic
97922908380,270980,12/7/2013,4,3,4,666,279.72,2943.72,e-Shop,Electronics,Mens
96874624280,268285,12/7/2013,7,5,1,1374,144.27,1518.27,e-Shop,Books,Fiction
95007803362,267261,12/7/2013,5,3,4,395,165.9,1745.9,e-Shop,Electronics,Computers
78252623408,272274,12/7/2013,11,6,3,135,42.525,447.525,e-Shop,Home and kitchen,Children
66542319103,269181,12/7/2013,10,5,4,1143,480.06,5052.06,Flagship store,Books,Audio and video
99671886071,271918,12/7/2013,7,5,5,73,38.325,403.325,MBR,Books,Fiction
79146079533,268476,12/7/2013,7,5,5,915,480.375,5055.375,TeleShop,Books,Fiction
93295730277,272420,12/7/2013,12,5,1,583,61.215,644.215,MBR,Books,Academic
36544982023,271417,11/7/2013,1,1,3,695,218.925,2303.925,e-Shop,Clothing,Women
36440908948,268998,11/7/2013,9,3,4,499,209.58,2205.58,e-Shop,Electronics,Cameras
56162232462,270263,11/7/2013,10,6,2,632,132.72,1396.72,Flagship store,Home and kitchen,Audio and video
30000954702,268562,11/7/2013,10,6,4,368,154.56,1626.56,TeleShop,Home and kitchen,Audio and video
37915361562,275074,11/7/2013,10,3,3,1257,395.955,4166.955,Flagship store,Electronics,Audio and video
12818388117,270594,11/7/2013,5,3,-2,-520,109.2,-1149.2,TeleShop,Electronics,Computers
28021788193,271026,11/7/2013,4,3,2,217,45.57,479.57,Flagship store,Electronics,Mens
58900457127,271558,11/7/2013,10,5,4,1225,514.5,5414.5,Flagship store,Books,Audio and video
58364818778,273318,11/7/2013,9,3,4,666,279.72,2943.72,TeleShop,Electronics,Cameras
19736686038,267711,11/7/2013,9,3,3,813,256.095,2695.095,MBR,Electronics,Cameras
4135787549,267613,11/7/2013,2,6,2,386,81.06,853.06,TeleShop,Home and kitchen,Furnishing
18728746522,271699,11/7/2013,3,2,3,426,134.19,1412.19,e-Shop,Footwear,Kids
8009994271,272339,11/7/2013,3,5,2,1386,291.06,3063.06,TeleShop,Books,Kids
9828992669,270951,11/7/2013,4,3,4,120,50.4,530.4,MBR,Electronics,Mens
13975168535,271441,11/7/2013,5,3,1,630,66.15,696.15,e-Shop,Electronics,Computers
55544676029,273171,11/7/2013,3,2,1,743,78.015,821.015,MBR,Footwear,Kids
20039648902,275170,11/7/2013,9,3,1,1143,120.015,1263.015,MBR,Electronics,Cameras
75374023255,274327,11/7/2013,12,5,4,288,120.96,1272.96,e-Shop,Books,Academic
72746396077,273651,11/7/2013,10,5,4,740,310.8,3270.8,TeleShop,Books,Audio and video
74284409728,269564,11/7/2013,4,2,3,590,185.85,1955.85,TeleShop,Footwear,Mens
80618630090,267441,11/7/2013,10,5,2,1074,225.54,2373.54,TeleShop,Books,Audio and video
74447174973,275188,11/7/2013,4,1,1,672,70.56,742.56,e-Shop,Clothing,Mens
88930751573,271729,11/7/2013,8,3,4,343,144.06,1516.06,MBR,Electronics,Personal Appliances
72498423772,270658,11/7/2013,10,5,2,1398,293.58,3089.58,e-Shop,Books,Audio and video
64339440055,269906,11/7/2013,1,4,1,1164,122.22,1286.22,Flagship store,Bags,Women
78721842487,268756,11/7/2013,10,3,4,940,394.8,4154.8,MBR,Electronics,Audio and video
65552094330,273258,11/7/2013,3,2,4,575,241.5,2541.5,TeleShop,Footwear,Kids
31743084638,270482,10/7/2013,11,6,-5,-387,203.175,-2138.175,TeleShop,Home and kitchen,Children
43867301692,271555,10/7/2013,6,5,1,132,13.86,145.86,TeleShop,Books,DIY
15103708771,267898,10/7/2013,4,1,-5,-1472,772.8,-8132.8,TeleShop,Clothing,Mens
18109861107,271923,10/7/2013,1,4,2,573,120.33,1266.33,TeleShop,Bags,Women
18066642867,272321,10/7/2013,10,5,3,1416,446.04,4694.04,Flagship store,Books,Audio and video
25728629548,272722,10/7/2013,3,2,4,118,49.56,521.56,MBR,Footwear,Kids
10470957779,268533,10/7/2013,1,2,5,207,108.675,1143.675,e-Shop,Footwear,Women
24212028103,268984,10/7/2013,7,5,2,757,158.97,1672.97,e-Shop,Books,Fiction
49081738503,272887,10/7/2013,5,3,3,684,215.46,2267.46,e-Shop,Electronics,Computers
62979365874,272711,10/7/2013,8,3,1,1055,110.775,1165.775,Flagship store,Electronics,Personal Appliances
42430192599,271876,10/7/2013,3,2,1,1440,151.2,1591.2,TeleShop,Footwear,Kids
40966295483,271050,10/7/2013,11,6,4,967,406.14,4274.14,Flagship store,Home and kitchen,Children
57083414009,272446,10/7/2013,9,3,4,1476,619.92,6523.92,e-Shop,Electronics,Cameras
18483688061,272197,10/7/2013,1,2,2,148,31.08,327.08,MBR,Footwear,Women
36382417565,271867,10/7/2013,4,1,3,1236,389.34,4097.34,e-Shop,Clothing,Mens
34057188321,270884,10/7/2013,11,6,-4,-267,112.14,-1180.14,Flagship store,Home and kitchen,Children
16892312413,271331,10/7/2013,1,2,4,487,204.54,2152.54,MBR,Footwear,Women
48238237864,271599,10/7/2013,3,5,1,1299,136.395,1435.395,e-Shop,Books,Kids
16043576957,267542,10/7/2013,4,1,3,517,162.855,1713.855,e-Shop,Clothing,Mens
11273448501,272937,10/7/2013,9,3,3,536,168.84,1776.84,Flagship store,Electronics,Cameras
8807680542,269964,10/7/2013,4,2,1,109,11.445,120.445,Flagship store,Footwear,Mens
75177072945,269252,10/7/2013,10,5,3,1492,469.98,4945.98,TeleShop,Books,Audio and video
89287357590,271115,10/7/2013,4,1,1,765,80.325,845.325,e-Shop,Clothing,Mens
65028498406,274966,10/7/2013,4,3,3,271,85.365,898.365,e-Shop,Electronics,Mens
94446095618,273234,10/7/2013,4,2,4,153,64.26,676.26,e-Shop,Footwear,Mens
76491560329,268153,10/7/2013,4,4,5,395,207.375,2182.375,e-Shop,Bags,Mens
85419491813,269019,10/7/2013,3,2,2,81,17.01,179.01,e-Shop,Footwear,Kids
14525694749,273847,9/7/2013,3,5,2,1053,221.13,2327.13,TeleShop,Books,Kids
40457841118,273359,9/7/2013,12,6,1,133,13.965,146.965,MBR,Home and kitchen,Academic
29672630945,274144,9/7/2013,7,5,3,1031,324.765,3417.765,MBR,Books,Fiction
29926173015,268530,9/7/2013,8,3,1,672,70.56,742.56,TeleShop,Electronics,Personal Appliances
35786139043,267734,9/7/2013,6,5,2,399,83.79,881.79,TeleShop,Books,DIY
23490227870,275174,9/7/2013,10,3,3,1256,395.64,4163.64,Flagship store,Electronics,Audio and video
32120515311,272260,9/7/2013,7,5,4,744,312.48,3288.48,e-Shop,Books,Fiction
61056839937,272241,9/7/2013,1,1,4,892,374.64,3942.64,e-Shop,Clothing,Women
35987527634,267426,9/7/2013,10,3,3,116,36.54,384.54,Flagship store,Electronics,Audio and video
30941501858,267853,9/7/2013,4,4,2,931,195.51,2057.51,Flagship store,Bags,Mens
15313508783,269043,9/7/2013,3,2,4,475,199.5,2099.5,e-Shop,Footwear,Kids
8498251530,272990,9/7/2013,10,6,2,73,15.33,161.33,TeleShop,Home and kitchen,Audio and video
78172785573,273101,9/7/2013,7,5,1,744,78.12,822.12,e-Shop,Books,Fiction
98121935412,274877,9/7/2013,4,1,-1,-1251,131.355,-1382.355,MBR,Clothing,Mens
90222433428,269071,9/7/2013,5,3,3,671,211.365,2224.365,e-Shop,Electronics,Computers
95368989068,268819,9/7/2013,11,5,2,1144,240.24,2528.24,e-Shop,Books,Children
41468890576,273857,8/7/2013,12,6,4,1214,509.88,5365.88,MBR,Home and kitchen,Academic
47186462053,267960,8/7/2013,5,3,4,359,150.78,1586.78,e-Shop,Electronics,Computers
60617593129,273615,8/7/2013,2,6,3,1405,442.575,4657.575,Flagship store,Home and kitchen,Furnishing
6772218937,272879,8/7/2013,12,6,2,1097,230.37,2424.37,Flagship store,Home and kitchen,Academic
19872212809,269214,8/7/2013,10,5,5,399,209.475,2204.475,MBR,Books,Audio and video
20276838220,268225,8/7/2013,11,6,5,203,106.575,1121.575,e-Shop,Home and kitchen,Children
22548070556,269949,8/7/2013,3,5,4,1239,520.38,5476.38,MBR,Books,Kids
55628554435,273040,8/7/2013,12,5,5,151,79.275,834.275,e-Shop,Books,Academic
54230521534,269175,8/7/2013,9,3,1,174,18.27,192.27,Flagship store,Electronics,Cameras
11961837970,271063,8/7/2013,10,3,5,795,417.375,4392.375,MBR,Electronics,Audio and video
7879597324,270910,8/7/2013,7,5,3,984,309.96,3261.96,e-Shop,Books,Fiction
69641962650,269767,8/7/2013,9,3,4,1381,580.02,6104.02,MBR,Electronics,Cameras
67355592573,270650,8/7/2013,8,3,1,109,11.445,120.445,Flagship store,Electronics,Personal Appliances
74529030761,269767,8/7/2013,1,1,3,585,184.275,1939.275,TeleShop,Clothing,Women
75235169680,268593,8/7/2013,4,2,4,918,385.56,4057.56,MBR,Footwear,Mens
66142123875,269980,8/7/2013,9,3,3,787,247.905,2608.905,e-Shop,Electronics,Cameras
16561128161,274535,7/7/2013,8,3,3,317,99.855,1050.855,TeleShop,Electronics,Personal Appliances
15522198478,266895,7/7/2013,3,2,3,977,307.755,3238.755,Flagship store,Footwear,Kids
43210380959,269971,7/7/2013,4,3,1,784,82.32,866.32,e-Shop,Electronics,Mens
60606524788,274144,7/7/2013,8,3,3,735,231.525,2436.525,e-Shop,Electronics,Personal Appliances
48921115132,272869,7/7/2013,10,6,5,259,135.975,1430.975,Flagship store,Home and kitchen,Audio and video
15965018383,269664,7/7/2013,3,2,1,358,37.59,395.59,e-Shop,Footwear,Kids
2350417098,273787,7/7/2013,6,5,4,598,251.16,2643.16,TeleShop,Books,DIY
31494713399,275072,7/7/2013,2,6,4,1135,476.7,5016.7,e-Shop,Home and kitchen,Furnishing
38610761017,274264,7/7/2013,11,5,5,701,368.025,3873.025,Flagship store,Books,Children
60978234345,268842,7/7/2013,12,5,2,1417,297.57,3131.57,TeleShop,Books,Academic
17861758221,268430,7/7/2013,1,4,5,1495,784.875,8259.875,e-Shop,Bags,Women
99770927127,272354,7/7/2013,6,5,4,1043,438.06,4610.06,TeleShop,Books,DIY
84706783852,268119,7/7/2013,2,6,3,1394,439.11,4621.11,e-Shop,Home and kitchen,Furnishing
71418017339,268815,7/7/2013,11,5,4,845,354.9,3734.9,Flagship store,Books,Children
70246197611,268056,7/7/2013,4,2,4,958,402.36,4234.36,MBR,Footwear,Mens
93918419187,272621,7/7/2013,3,5,2,255,53.55,563.55,Flagship store,Books,Kids
93021500220,274073,7/7/2013,4,2,5,795,417.375,4392.375,e-Shop,Footwear,Mens
86912333812,275062,7/7/2013,1,4,1,1105,116.025,1221.025,e-Shop,Bags,Women
78594318171,273380,7/7/2013,7,5,3,1184,372.96,3924.96,MBR,Books,Fiction
12818388117,270594,6/7/2013,5,3,2,520,109.2,1149.2,TeleShop,Electronics,Computers
26204581482,269929,6/7/2013,11,5,5,1222,641.55,6751.55,e-Shop,Books,Children
51806797536,268795,6/7/2013,4,3,2,893,187.53,1973.53,MBR,Electronics,Mens
41091754701,270151,6/7/2013,10,5,4,137,57.54,605.54,TeleShop,Books,Audio and video
28341102453,267341,6/7/2013,9,3,5,1067,560.175,5895.175,TeleShop,Electronics,Cameras
18115234077,272113,6/7/2013,8,3,5,519,272.475,2867.475,TeleShop,Electronics,Personal Appliances
52963835834,271398,6/7/2013,4,1,5,1243,652.575,6867.575,MBR,Clothing,Mens
19855334141,269914,6/7/2013,3,5,-4,-506,212.52,-2236.52,e-Shop,Books,Kids
33431561651,272843,6/7/2013,4,1,2,406,85.26,897.26,e-Shop,Clothing,Mens
61406886973,268328,6/7/2013,6,5,3,823,259.245,2728.245,TeleShop,Books,DIY
12078236826,274400,6/7/2013,9,3,3,135,42.525,447.525,Flagship store,Electronics,Cameras
61866943283,271889,6/7/2013,10,3,2,430,90.3,950.3,e-Shop,Electronics,Audio and video
53348486892,271982,6/7/2013,1,2,2,403,84.63,890.63,TeleShop,Footwear,Women
5209169465,275216,6/7/2013,10,3,-1,-1467,154.035,-1621.035,Flagship store,Electronics,Audio and video
98121935412,274877,6/7/2013,4,1,1,1251,131.355,1382.355,MBR,Clothing,Mens
96209924289,267104,6/7/2013,11,5,-3,-1343,423.045,-4452.045,TeleShop,Books,Children
65810294202,267014,6/7/2013,5,3,-2,-781,164.01,-1726.01,TeleShop,Electronics,Computers
91872214099,267174,6/7/2013,2,6,-4,-456,191.52,-2015.52,e-Shop,Home and kitchen,Furnishing
85482309207,273711,6/7/2013,2,6,-1,-328,34.44,-362.44,e-Shop,Home and kitchen,Furnishing
95112272356,271428,6/7/2013,4,3,3,1226,386.19,4064.19,e-Shop,Electronics,Mens
81365073927,274544,6/7/2013,4,1,2,235,49.35,519.35,e-Shop,Clothing,Mens
4523335566,274807,5/7/2013,10,6,2,917,192.57,2026.57,MBR,Home and kitchen,Audio and video
50780833049,268656,5/7/2013,11,5,1,600,63,663,TeleShop,Books,Children
10413655252,267912,5/7/2013,4,3,5,991,520.275,5475.275,e-Shop,Electronics,Mens
28900552974,271406,5/7/2013,3,2,1,154,16.17,170.17,e-Shop,Footwear,Kids
36762971289,268820,5/7/2013,12,5,3,639,201.285,2118.285,e-Shop,Books,Academic
52034976976,274072,5/7/2013,3,5,2,1367,287.07,3021.07,TeleShop,Books,Kids
45067329959,275261,5/7/2013,3,5,-3,-862,271.53,-2857.53,e-Shop,Books,Kids
3147533335,273505,5/7/2013,10,5,3,839,264.285,2781.285,e-Shop,Books,Audio and video
39620950158,274598,5/7/2013,12,5,4,1076,451.92,4755.92,e-Shop,Books,Academic
47110016136,270143,5/7/2013,12,5,4,1260,529.2,5569.2,e-Shop,Books,Academic
48889669487,269539,5/7/2013,11,6,-4,-1444,606.48,-6382.48,Flagship store,Home and kitchen,Children
93511734475,271264,5/7/2013,4,2,4,519,217.98,2293.98,TeleShop,Footwear,Mens
72999657871,273133,5/7/2013,10,3,5,528,277.2,2917.2,Flagship store,Electronics,Audio and video
63611337160,269213,5/7/2013,5,3,3,1484,467.46,4919.46,Flagship store,Electronics,Computers
86404085367,271737,5/7/2013,10,5,4,324,136.08,1432.08,MBR,Books,Audio and video
98845983146,271586,5/7/2013,7,5,1,1139,119.595,1258.595,e-Shop,Books,Fiction
63258831830,271122,5/7/2013,12,5,2,1459,306.39,3224.39,TeleShop,Books,Academic
85482309207,273711,5/7/2013,2,6,1,328,34.44,362.44,e-Shop,Home and kitchen,Furnishing
63346517268,274580,5/7/2013,8,3,2,853,179.13,1885.13,MBR,Electronics,Personal Appliances
30279357247,268067,4/7/2013,4,3,4,685,287.7,3027.7,TeleShop,Electronics,Mens
8314882166,273120,4/7/2013,1,2,2,890,186.9,1966.9,MBR,Footwear,Women
60217026500,274990,4/7/2013,11,5,2,344,72.24,760.24,e-Shop,Books,Children
50713503638,269910,4/7/2013,3,5,4,629,264.18,2780.18,e-Shop,Books,Kids
27442140415,268943,4/7/2013,1,1,5,1209,634.725,6679.725,e-Shop,Clothing,Women
20228979082,268369,4/7/2013,4,1,2,1311,275.31,2897.31,Flagship store,Clothing,Mens
21710010266,267436,4/7/2013,5,3,5,208,109.2,1149.2,Flagship store,Electronics,Computers
34057188321,270884,4/7/2013,11,6,4,267,112.14,1180.14,Flagship store,Home and kitchen,Children
28699519114,274605,4/7/2013,4,3,3,771,242.865,2555.865,e-Shop,Electronics,Mens
23542525890,270098,4/7/2013,4,3,1,986,103.53,1089.53,e-Shop,Electronics,Mens
24354118139,271891,4/7/2013,3,2,1,1164,122.22,1286.22,e-Shop,Footwear,Kids
13927756507,271198,4/7/2013,8,3,5,1492,783.3,8243.3,e-Shop,Electronics,Personal Appliances
897087318,267793,4/7/2013,4,2,4,919,385.98,4061.98,Flagship store,Footwear,Mens
98655252189,273045,4/7/2013,10,6,1,1103,115.815,1218.815,e-Shop,Home and kitchen,Audio and video
91657993381,268456,4/7/2013,1,1,3,531,167.265,1760.265,e-Shop,Clothing,Women
84534055119,269929,4/7/2013,6,5,3,335,105.525,1110.525,MBR,Books,DIY
71720060407,270181,4/7/2013,3,1,4,1210,508.2,5348.2,Flagship store,Clothing,Kids
77308601183,268879,4/7/2013,4,1,1,71,7.455,78.455,MBR,Clothing,Mens
4153887806,269739,3/7/2013,6,5,1,989,103.845,1092.845,e-Shop,Books,DIY
53567569771,272242,3/7/2013,1,4,-1,-1230,129.15,-1359.15,MBR,Bags,Women
34434416544,271251,3/7/2013,1,4,4,359,150.78,1586.78,MBR,Bags,Women
55295392777,267891,3/7/2013,4,4,5,429,225.225,2370.225,e-Shop,Bags,Mens
61500723552,273728,3/7/2013,4,1,4,387,162.54,1710.54,e-Shop,Clothing,Mens
45357296437,270469,3/7/2013,6,5,3,1479,465.885,4902.885,e-Shop,Books,DIY
16150062520,267856,3/7/2013,6,5,2,1405,295.05,3105.05,MBR,Books,DIY
7479365297,267176,3/7/2013,1,1,4,155,65.1,685.1,e-Shop,Clothing,Women
47568330280,269473,3/7/2013,12,5,2,353,74.13,780.13,e-Shop,Books,Academic
41904400439,274486,3/7/2013,9,3,4,1032,433.44,4561.44,e-Shop,Electronics,Cameras
26284828686,267329,3/7/2013,3,2,4,570,239.4,2519.4,TeleShop,Footwear,Kids
89536851136,272729,3/7/2013,2,6,4,810,340.2,3580.2,TeleShop,Home and kitchen,Furnishing
77029848633,272193,3/7/2013,9,3,4,533,223.86,2355.86,TeleShop,Electronics,Cameras
89134405035,269593,3/7/2013,3,1,1,692,72.66,764.66,TeleShop,Clothing,Kids
64868665571,269653,3/7/2013,10,3,5,577,302.925,3187.925,TeleShop,Electronics,Audio and video
90939506964,268991,3/7/2013,8,3,1,1280,134.4,1414.4,TeleShop,Electronics,Personal Appliances
78002920474,274293,3/7/2013,1,2,1,1478,155.19,1633.19,TeleShop,Footwear,Women
92513443010,270461,3/7/2013,7,5,4,986,414.12,4358.12,e-Shop,Books,Fiction
31598936063,270186,2/7/2013,3,2,5,1112,583.8,6143.8,Flagship store,Footwear,Kids
58444213487,275162,2/7/2013,1,1,2,914,191.94,2019.94,MBR,Clothing,Women
22015341417,275131,2/7/2013,10,5,5,1292,678.3,7138.3,Flagship store,Books,Audio and video
9450688455,272233,2/7/2013,3,2,1,1266,132.93,1398.93,Flagship store,Footwear,Kids
18136996931,268418,2/7/2013,1,4,-2,-240,50.4,-530.4,TeleShop,Bags,Women
55317593303,267479,2/7/2013,6,5,4,918,385.56,4057.56,e-Shop,Books,DIY
26443741490,271672,2/7/2013,4,4,5,1102,578.55,6088.55,TeleShop,Bags,Mens
4392740823,268812,2/7/2013,7,5,3,1259,396.585,4173.585,e-Shop,Books,Fiction
44867925801,269073,2/7/2013,8,3,-5,-1002,526.05,-5536.05,e-Shop,Electronics,Personal Appliances
103700356,269254,2/7/2013,4,3,5,1214,637.35,6707.35,Flagship store,Electronics,Mens
25794118860,274795,2/7/2013,4,2,-1,-1315,138.075,-1453.075,MBR,Footwear,Mens
54244577299,275083,2/7/2013,12,5,5,810,425.25,4475.25,TeleShop,Books,Academic
42261777096,270003,2/7/2013,3,5,2,911,191.31,2013.31,Flagship store,Books,Kids
28596414861,267102,2/7/2013,12,6,3,738,232.47,2446.47,Flagship store,Home and kitchen,Academic
75594252807,267151,2/7/2013,4,4,-4,-1227,515.34,-5423.34,MBR,Bags,Mens
86296762989,266815,2/7/2013,10,3,3,739,232.785,2449.785,TeleShop,Electronics,Audio and video
74702668162,273346,2/7/2013,2,6,5,611,320.775,3375.775,MBR,Home and kitchen,Furnishing
89315801975,271718,2/7/2013,11,6,1,1108,116.34,1224.34,e-Shop,Home and kitchen,Children
93453958516,273744,2/7/2013,4,3,5,1329,697.725,7342.725,e-Shop,Electronics,Mens
70931706909,267853,2/7/2013,8,3,1,1080,113.4,1193.4,TeleShop,Electronics,Personal Appliances
317342885,269888,1/7/2013,10,5,2,550,115.5,1215.5,e-Shop,Books,Audio and video
44728949633,268981,1/7/2013,5,3,3,339,106.785,1123.785,TeleShop,Electronics,Computers
54898245799,274296,1/7/2013,1,2,5,92,48.3,508.3,MBR,Footwear,Women
9611958302,267067,1/7/2013,1,2,2,534,112.14,1180.14,Flagship store,Footwear,Women
752342827,274260,1/7/2013,1,1,3,1249,393.435,4140.435,TeleShop,Clothing,Women
4836237858,269737,1/7/2013,12,5,4,399,167.58,1763.58,e-Shop,Books,Academic
45933565098,274465,1/7/2013,7,5,5,607,318.675,3353.675,TeleShop,Books,Fiction
48889669487,269539,1/7/2013,11,6,4,1444,606.48,6382.48,Flagship store,Home and kitchen,Children
1869374226,268895,1/7/2013,4,2,1,270,28.35,298.35,Flagship store,Footwear,Mens
38474087381,271318,1/7/2013,10,6,3,1455,458.325,4823.325,e-Shop,Home and kitchen,Audio and video
88351772891,269909,1/7/2013,12,5,-2,-834,175.14,-1843.14,MBR,Books,Academic
72484868660,273666,1/7/2013,5,3,2,902,189.42,1993.42,e-Shop,Electronics,Computers
63346710852,267998,1/7/2013,4,2,1,820,86.1,906.1,TeleShop,Footwear,Mens
79681936734,272387,1/7/2013,6,5,3,612,192.78,2028.78,e-Shop,Books,DIY
87547989549,267656,1/7/2013,3,5,1,577,60.585,637.585,e-Shop,Books,Kids
65810294202,267014,1/7/2013,5,3,2,781,164.01,1726.01,TeleShop,Electronics,Computers
82859668742,272687,1/7/2013,10,6,4,1053,442.26,4654.26,e-Shop,Home and kitchen,Audio and video
82378150038,268093,1/7/2013,3,1,5,517,271.425,2856.425,e-Shop,Clothing,Kids
47493780443,268976,30-06-2013,4,4,3,233,73.395,772.395,e-Shop,Bags,Mens
11766557983,272556,30-06-2013,2,6,-1,-666,69.93,-735.93,TeleShop,Home and kitchen,Furnishing
45296384202,272063,30-06-2013,1,1,1,525,55.125,580.125,Flagship store,Clothing,Women
56493764794,271699,30-06-2013,8,3,2,312,65.52,689.52,TeleShop,Electronics,Personal Appliances
27966312808,271269,30-06-2013,10,5,2,362,76.02,800.02,e-Shop,Books,Audio and video
1223188982,273962,30-06-2013,7,5,4,870,365.4,3845.4,MBR,Books,Fiction
47232929070,269519,30-06-2013,11,5,4,238,99.96,1051.96,e-Shop,Books,Children
15103708771,267898,30-06-2013,4,1,5,1472,772.8,8132.8,TeleShop,Clothing,Mens
2965001100,271177,30-06-2013,8,3,2,1127,236.67,2490.67,Flagship store,Electronics,Personal Appliances
42435707527,266794,30-06-2013,10,3,-1,-123,12.915,-135.915,e-Shop,Electronics,Audio and video
25143689614,270632,30-06-2013,10,6,5,119,62.475,657.475,e-Shop,Home and kitchen,Audio and video
10971423407,272689,30-06-2013,3,5,-4,-892,374.64,-3942.64,e-Shop,Books,Kids
31743084638,270482,30-06-2013,11,6,5,387,203.175,2138.175,TeleShop,Home and kitchen,Children
13935695514,268328,30-06-2013,3,5,-5,-506,265.65,-2795.65,MBR,Books,Kids
44498404132,272386,30-06-2013,10,6,2,1448,304.08,3200.08,MBR,Home and kitchen,Audio and video
35646064376,270030,30-06-2013,4,4,3,475,149.625,1574.625,e-Shop,Bags,Mens
20420518253,267891,30-06-2013,3,1,2,1172,246.12,2590.12,TeleShop,Clothing,Kids
99018582138,268457,30-06-2013,4,2,5,920,483,5083,MBR,Footwear,Mens
83689608075,274364,30-06-2013,12,6,5,1282,673.05,7083.05,e-Shop,Home and kitchen,Academic
87113527560,273595,30-06-2013,1,2,5,478,250.95,2640.95,e-Shop,Footwear,Women
91872214099,267174,30-06-2013,2,6,4,456,191.52,2015.52,e-Shop,Home and kitchen,Furnishing
76231286797,270511,30-06-2013,11,6,4,1238,519.96,5471.96,e-Shop,Home and kitchen,Children
99117489480,274176,30-06-2013,4,4,3,282,88.83,934.83,Flagship store,Bags,Mens
5388990951,269283,29-06-2013,5,3,1,898,94.29,992.29,Flagship store,Electronics,Computers
24184350510,271345,29-06-2013,8,3,1,617,64.785,681.785,e-Shop,Electronics,Personal Appliances
53567569771,272242,29-06-2013,1,4,1,1230,129.15,1359.15,MBR,Bags,Women
42435707527,266794,29-06-2013,10,3,1,123,12.915,135.915,e-Shop,Electronics,Audio and video
37099010883,273728,29-06-2013,10,5,2,1194,250.74,2638.74,TeleShop,Books,Audio and video
54008125210,271632,29-06-2013,10,3,5,266,139.65,1469.65,Flagship store,Electronics,Audio and video
51425722069,271224,29-06-2013,4,4,3,1430,450.45,4740.45,Flagship store,Bags,Mens
64502994720,271776,29-06-2013,6,5,3,282,88.83,934.83,e-Shop,Books,DIY
67083989561,270037,29-06-2013,4,2,1,171,17.955,188.955,e-Shop,Footwear,Mens
73379353541,269652,29-06-2013,4,1,5,323,169.575,1784.575,e-Shop,Clothing,Mens
95305480285,270272,29-06-2013,5,3,3,667,210.105,2211.105,MBR,Electronics,Computers
64047510734,271501,29-06-2013,9,3,1,498,52.29,550.29,TeleShop,Electronics,Cameras
75693309564,269513,29-06-2013,7,5,1,579,60.795,639.795,MBR,Books,Fiction
69564796227,267433,29-06-2013,8,3,1,547,57.435,604.435,TeleShop,Electronics,Personal Appliances
77307225756,270535,29-06-2013,4,3,5,1461,767.025,8072.025,Flagship store,Electronics,Mens
14549904452,269870,28-06-2013,4,2,4,1469,616.98,6492.98,TeleShop,Footwear,Mens
35659092412,268681,28-06-2013,10,3,3,1403,441.945,4650.945,TeleShop,Electronics,Audio and video
27821203902,274186,28-06-2013,4,4,2,366,76.86,808.86,e-Shop,Bags,Mens
46799025377,269680,28-06-2013,11,6,4,792,332.64,3500.64,e-Shop,Home and kitchen,Children
19855334141,269914,28-06-2013,3,5,4,506,212.52,2236.52,e-Shop,Books,Kids
14462318116,272228,28-06-2013,10,6,4,761,319.62,3363.62,e-Shop,Home and kitchen,Audio and video
26753810966,267534,28-06-2013,3,1,4,933,391.86,4123.86,Flagship store,Clothing,Kids
5479136053,269216,28-06-2013,3,5,-2,-735,154.35,-1624.35,Flagship store,Books,Kids
58604140710,272242,28-06-2013,1,2,3,290,91.35,961.35,Flagship store,Footwear,Women
14244622711,274727,28-06-2013,12,5,2,364,76.44,804.44,e-Shop,Books,Academic
55099427682,273973,28-06-2013,3,1,-5,-1121,588.525,-6193.525,TeleShop,Clothing,Kids
11766557983,272556,28-06-2013,2,6,1,666,69.93,735.93,TeleShop,Home and kitchen,Furnishing
59272742736,271589,28-06-2013,3,5,1,363,38.115,401.115,MBR,Books,Kids
45737108857,273934,28-06-2013,5,3,5,609,319.725,3364.725,TeleShop,Electronics,Computers
41409462977,270055,28-06-2013,4,2,-2,-588,123.48,-1299.48,e-Shop,Footwear,Mens
23989278680,274521,28-06-2013,10,6,3,781,246.015,2589.015,TeleShop,Home and kitchen,Audio and video
86386495737,269981,28-06-2013,4,4,1,930,97.65,1027.65,Flagship store,Bags,Mens
71813893607,274653,28-06-2013,11,5,4,825,346.5,3646.5,e-Shop,Books,Children
85033026976,269659,28-06-2013,7,5,3,261,82.215,865.215,MBR,Books,Fiction
89287518178,268763,28-06-2013,3,5,3,348,109.62,1153.62,MBR,Books,Kids
94799726067,268863,28-06-2013,1,1,1,135,14.175,149.175,TeleShop,Clothing,Women
95005347998,273734,28-06-2013,1,4,3,1050,330.75,3480.75,e-Shop,Bags,Women
97509266894,267442,28-06-2013,4,1,5,358,187.95,1977.95,e-Shop,Clothing,Mens
82191779126,273552,28-06-2013,5,3,1,1364,143.22,1507.22,Flagship store,Electronics,Computers
82562335254,272223,28-06-2013,10,3,4,1449,608.58,6404.58,e-Shop,Electronics,Audio and video
10324641535,273793,27-06-2013,1,2,2,722,151.62,1595.62,MBR,Footwear,Women
5209169465,275216,27-06-2013,10,3,1,1467,154.035,1621.035,Flagship store,Electronics,Audio and video
36449970284,267446,27-06-2013,3,1,-4,-1188,498.96,-5250.96,MBR,Clothing,Kids
47158923996,275181,27-06-2013,12,6,1,243,25.515,268.515,MBR,Home and kitchen,Academic
5177466281,271679,27-06-2013,12,6,2,917,192.57,2026.57,MBR,Home and kitchen,Academic
51599909530,270709,27-06-2013,7,5,2,1218,255.78,2691.78,e-Shop,Books,Fiction
49890754409,266916,27-06-2013,2,6,-5,-1358,712.95,-7502.95,TeleShop,Home and kitchen,Furnishing
63026592282,271651,27-06-2013,6,5,1,1145,120.225,1265.225,Flagship store,Books,DIY
17559996321,272642,27-06-2013,3,1,3,374,117.81,1239.81,MBR,Clothing,Kids
25794118860,274795,27-06-2013,4,2,1,1315,138.075,1453.075,MBR,Footwear,Mens
23895151840,274840,27-06-2013,3,2,5,879,461.475,4856.475,e-Shop,Footwear,Kids
18328850494,274812,27-06-2013,9,3,5,934,490.35,5160.35,Flagship store,Electronics,Cameras
32789177945,273817,27-06-2013,8,3,4,1096,460.32,4844.32,Flagship store,Electronics,Personal Appliances
45067329959,275261,27-06-2013,3,5,3,862,271.53,2857.53,e-Shop,Books,Kids
40486055329,266939,27-06-2013,3,1,4,817,343.14,3611.14,e-Shop,Clothing,Kids
96032437168,273473,27-06-2013,1,4,1,812,85.26,897.26,TeleShop,Bags,Women
72390893036,268480,27-06-2013,4,4,2,135,28.35,298.35,e-Shop,Bags,Mens
96209924289,267104,27-06-2013,11,5,3,1343,423.045,4452.045,TeleShop,Books,Children
94025913058,268108,27-06-2013,3,1,1,1062,111.51,1173.51,MBR,Clothing,Kids
76139256136,273896,27-06-2013,2,6,4,75,31.5,331.5,TeleShop,Home and kitchen,Furnishing
84727313328,271472,27-06-2013,1,1,1,887,93.135,980.135,Flagship store,Clothing,Women
75594252807,267151,27-06-2013,4,4,4,1227,515.34,5423.34,MBR,Bags,Mens
98214413834,274679,27-06-2013,4,1,1,869,91.245,960.245,Flagship store,Clothing,Mens
94023371783,268609,27-06-2013,4,4,3,1160,365.4,3845.4,e-Shop,Bags,Mens
35972771273,270684,26-06-2013,5,3,-2,-1006,211.26,-2223.26,MBR,Electronics,Computers
25926391046,269490,26-06-2013,10,5,5,860,451.5,4751.5,Flagship store,Books,Audio and video
256199708,269736,26-06-2013,1,2,3,1310,412.65,4342.65,e-Shop,Footwear,Women
44867925801,269073,26-06-2013,8,3,5,1002,526.05,5536.05,e-Shop,Electronics,Personal Appliances
16948585592,266903,26-06-2013,3,5,4,1112,467.04,4915.04,Flagship store,Books,Kids
5058385936,272801,26-06-2013,3,1,3,678,213.57,2247.57,MBR,Clothing,Kids
49463553354,270767,26-06-2013,11,6,2,512,107.52,1131.52,e-Shop,Home and kitchen,Children
58566206016,270404,26-06-2013,4,1,1,962,101.01,1063.01,MBR,Clothing,Mens
6920249337,270285,26-06-2013,6,5,2,671,140.91,1482.91,MBR,Books,DIY
76722317957,273215,26-06-2013,2,6,-4,-153,64.26,-676.26,e-Shop,Home and kitchen,Furnishing
63845256769,270705,26-06-2013,3,2,5,310,162.75,1712.75,MBR,Footwear,Kids
91719203608,270860,26-06-2013,12,6,4,159,66.78,702.78,TeleShop,Home and kitchen,Academic
71824524516,269057,26-06-2013,8,3,-1,-1218,127.89,-1345.89,e-Shop,Electronics,Personal Appliances
78692097715,272501,26-06-2013,11,6,4,192,80.64,848.64,e-Shop,Home and kitchen,Children
574192949,273455,25-06-2013,6,5,4,722,303.24,3191.24,TeleShop,Books,DIY
24074763802,267512,25-06-2013,12,6,4,71,29.82,313.82,e-Shop,Home and kitchen,Academic
31568565650,272411,25-06-2013,4,3,1,1467,154.035,1621.035,e-Shop,Electronics,Mens
62683563678,268975,25-06-2013,10,6,3,1494,470.61,4952.61,MBR,Home and kitchen,Audio and video
61468683277,272077,25-06-2013,4,1,4,659,276.78,2912.78,MBR,Clothing,Mens
52368343120,274184,25-06-2013,10,6,5,1110,582.75,6132.75,e-Shop,Home and kitchen,Audio and video
36449970284,267446,25-06-2013,3,1,-4,-1188,498.96,-5250.96,MBR,Clothing,Kids
34888500103,275225,25-06-2013,6,5,2,240,50.4,530.4,e-Shop,Books,DIY
31964323792,270384,25-06-2013,1,4,5,487,255.675,2690.675,TeleShop,Bags,Women
10363298465,274422,25-06-2013,1,2,3,1490,469.35,4939.35,Flagship store,Footwear,Women
40602810876,267976,25-06-2013,10,3,5,96,50.4,530.4,TeleShop,Electronics,Audio and video
25799155678,274507,25-06-2013,10,6,2,150,31.5,331.5,e-Shop,Home and kitchen,Audio and video
21976775263,272518,25-06-2013,1,2,5,99,51.975,546.975,Flagship store,Footwear,Women
25278801480,274512,25-06-2013,3,5,3,426,134.19,1412.19,Flagship store,Books,Kids
35999745092,268969,25-06-2013,10,6,3,199,62.685,659.685,Flagship store,Home and kitchen,Audio and video
80722895813,273763,25-06-2013,4,4,3,1014,319.41,3361.41,MBR,Bags,Mens
71824524516,269057,25-06-2013,8,3,1,1218,127.89,1345.89,e-Shop,Electronics,Personal Appliances
95050021424,269455,25-06-2013,4,1,2,1329,279.09,2937.09,e-Shop,Clothing,Mens
88351772891,269909,25-06-2013,12,5,2,834,175.14,1843.14,MBR,Books,Academic
45329198631,272321,24-06-2013,8,3,1,1006,105.63,1111.63,e-Shop,Electronics,Personal Appliances
49890754409,266916,24-06-2013,2,6,5,1358,712.95,7502.95,TeleShop,Home and kitchen,Furnishing
5479136053,269216,24-06-2013,3,5,-2,-735,154.35,-1624.35,Flagship store,Books,Kids
36344747439,275225,24-06-2013,2,6,2,1376,288.96,3040.96,MBR,Home and kitchen,Furnishing
41405935651,273308,24-06-2013,11,5,5,652,342.3,3602.3,e-Shop,Books,Children
15975961947,272896,24-06-2013,2,6,2,202,42.42,446.42,Flagship store,Home and kitchen,Furnishing
21178451635,266997,24-06-2013,3,2,2,1264,265.44,2793.44,MBR,Footwear,Kids
28092587458,268492,24-06-2013,2,6,1,165,17.325,182.325,e-Shop,Home and kitchen,Furnishing
40268527150,269843,24-06-2013,4,1,5,1211,635.775,6690.775,TeleShop,Clothing,Mens
19367406276,270900,24-06-2013,12,6,1,382,40.11,422.11,Flagship store,Home and kitchen,Academic
37868931260,274728,24-06-2013,12,5,1,1349,141.645,1490.645,Flagship store,Books,Academic
18136996931,268418,24-06-2013,1,4,2,240,50.4,530.4,TeleShop,Bags,Women
22489432173,268994,24-06-2013,7,5,5,245,128.625,1353.625,e-Shop,Books,Fiction
56155997981,268654,24-06-2013,12,6,1,1388,145.74,1533.74,Flagship store,Home and kitchen,Academic
32257514258,271687,24-06-2013,2,6,5,1247,654.675,6889.675,MBR,Home and kitchen,Furnishing
22731619464,275206,24-06-2013,7,5,4,1313,551.46,5803.46,MBR,Books,Fiction
94330595763,271821,24-06-2013,12,6,2,822,172.62,1816.62,TeleShop,Home and kitchen,Academic
84013397294,272021,24-06-2013,10,6,3,1152,362.88,3818.88,TeleShop,Home and kitchen,Audio and video
90695576844,270328,24-06-2013,10,3,-2,-1298,272.58,-2868.58,MBR,Electronics,Audio and video
41409462977,270055,23-06-2013,4,2,2,588,123.48,1299.48,e-Shop,Footwear,Mens
43393792743,274423,23-06-2013,1,1,4,669,280.98,2956.98,e-Shop,Clothing,Women
11676580839,269830,23-06-2013,3,1,5,1051,551.775,5806.775,e-Shop,Clothing,Kids
40052091743,272181,23-06-2013,4,3,5,607,318.675,3353.675,MBR,Electronics,Mens
27668127821,266887,23-06-2013,3,2,3,1434,451.71,4753.71,TeleShop,Footwear,Kids
6449284545,269348,23-06-2013,5,3,3,1221,384.615,4047.615,e-Shop,Electronics,Computers
22848064682,269618,23-06-2013,6,5,5,363,190.575,2005.575,MBR,Books,DIY
10971423407,272689,23-06-2013,3,5,4,892,374.64,3942.64,e-Shop,Books,Kids
2170522259,268029,23-06-2013,7,5,4,164,68.88,724.88,TeleShop,Books,Fiction
41024104039,274204,23-06-2013,5,3,4,636,267.12,2811.12,MBR,Electronics,Computers
31628968390,267977,23-06-2013,10,6,2,956,200.76,2112.76,MBR,Home and kitchen,Audio and video
550339803,271107,23-06-2013,6,5,5,778,408.45,4298.45,MBR,Books,DIY
87840212901,273718,23-06-2013,8,3,2,1413,296.73,3122.73,e-Shop,Electronics,Personal Appliances
87071795974,270241,23-06-2013,12,6,3,668,210.42,2214.42,e-Shop,Home and kitchen,Academic
72568516169,267015,23-06-2013,8,3,5,1460,766.5,8066.5,MBR,Electronics,Personal Appliances
88011126684,274870,23-06-2013,11,6,4,611,256.62,2700.62,MBR,Home and kitchen,Children
8403813827,270594,22-06-2013,12,5,3,1489,469.035,4936.035,Flagship store,Books,Academic
47943958252,267349,22-06-2013,4,4,4,1352,567.84,5975.84,TeleShop,Bags,Mens
37880862873,267282,22-06-2013,1,2,1,571,59.955,630.955,e-Shop,Footwear,Women
22300555249,267792,22-06-2013,6,5,2,998,209.58,2205.58,MBR,Books,DIY
92736388,267753,22-06-2013,4,4,4,429,180.18,1896.18,e-Shop,Bags,Mens
33811387652,274359,22-06-2013,7,5,1,1484,155.82,1639.82,MBR,Books,Fiction
31605591154,274219,22-06-2013,4,4,2,615,129.15,1359.15,e-Shop,Bags,Mens
36449970284,267446,22-06-2013,3,1,4,1188,498.96,5250.96,MBR,Clothing,Kids
53106707503,274079,22-06-2013,3,2,3,621,195.615,2058.615,e-Shop,Footwear,Kids
12556397549,274884,22-06-2013,3,2,2,980,205.8,2165.8,Flagship store,Footwear,Kids
51441133100,274134,22-06-2013,3,1,3,1168,367.92,3871.92,e-Shop,Clothing,Kids
93977538819,274270,22-06-2013,3,1,4,620,260.4,2740.4,e-Shop,Clothing,Kids
99544093871,267971,22-06-2013,10,6,4,1095,459.9,4839.9,e-Shop,Home and kitchen,Audio and video
93828494779,270523,22-06-2013,7,5,2,344,72.24,760.24,e-Shop,Books,Fiction
92664222772,270257,22-06-2013,3,2,5,72,37.8,397.8,Flagship store,Footwear,Kids
85986839869,268853,22-06-2013,9,3,4,171,71.82,755.82,MBR,Electronics,Cameras
73512746373,267938,22-06-2013,3,2,2,988,207.48,2183.48,e-Shop,Footwear,Kids
64305256097,272622,22-06-2013,12,6,5,776,407.4,4287.4,Flagship store,Home and kitchen,Academic
37195503520,272652,21-06-2013,10,3,5,1143,600.075,6315.075,e-Shop,Electronics,Audio and video
8426192675,273584,21-06-2013,1,4,1,1207,126.735,1333.735,Flagship store,Bags,Women
7263503493,273962,21-06-2013,3,2,2,785,164.85,1734.85,e-Shop,Footwear,Kids
7130343916,268184,21-06-2013,3,5,-1,-393,41.265,-434.265,TeleShop,Books,Kids
39891729388,268956,21-06-2013,3,1,2,312,65.52,689.52,e-Shop,Clothing,Kids
19370778276,274772,21-06-2013,6,5,5,168,88.2,928.2,Flagship store,Books,DIY
61790195533,273307,21-06-2013,5,3,1,1181,124.005,1305.005,TeleShop,Electronics,Computers
6985440754,269161,21-06-2013,3,5,2,1382,290.22,3054.22,MBR,Books,Kids
36232298553,266917,21-06-2013,12,6,1,141,14.805,155.805,MBR,Home and kitchen,Academic
57296938881,271553,21-06-2013,12,6,3,1469,462.735,4869.735,e-Shop,Home and kitchen,Academic
4516480079,269779,21-06-2013,3,2,2,179,37.59,395.59,MBR,Footwear,Kids
53241893196,272515,21-06-2013,12,5,5,863,453.075,4768.075,Flagship store,Books,Academic
53317636477,269304,21-06-2013,12,6,5,1104,579.6,6099.6,e-Shop,Home and kitchen,Academic
93914995470,269606,21-06-2013,1,4,1,651,68.355,719.355,TeleShop,Bags,Women
63547042615,273264,21-06-2013,4,3,2,1054,221.34,2329.34,TeleShop,Electronics,Mens
83036101014,270252,21-06-2013,10,3,5,401,210.525,2215.525,MBR,Electronics,Audio and video
87602291178,274719,21-06-2013,6,5,-1,-800,84,-884,e-Shop,Books,DIY
90105977333,269528,21-06-2013,3,2,-2,-384,80.64,-848.64,Flagship store,Footwear,Kids
13165069258,273562,20-06-2013,4,1,3,1162,366.03,3852.03,Flagship store,Clothing,Mens
16264178383,275183,20-06-2013,4,4,4,999,419.58,4415.58,e-Shop,Bags,Mens
23704555568,271492,20-06-2013,4,2,3,261,82.215,865.215,MBR,Footwear,Mens
60132805217,272359,20-06-2013,10,5,5,638,334.95,3524.95,TeleShop,Books,Audio and video
5479136053,269216,20-06-2013,3,5,2,735,154.35,1624.35,Flagship store,Books,Kids
16276989679,272383,20-06-2013,11,6,4,177,74.34,782.34,e-Shop,Home and kitchen,Children
55099427682,273973,20-06-2013,3,1,5,1121,588.525,6193.525,TeleShop,Clothing,Kids
27523976191,267681,20-06-2013,12,5,5,443,232.575,2447.575,MBR,Books,Academic
29361430757,269563,20-06-2013,12,6,5,401,210.525,2215.525,e-Shop,Home and kitchen,Academic
19553975077,270655,20-06-2013,11,5,4,360,151.2,1591.2,e-Shop,Books,Children
13935695514,268328,20-06-2013,3,5,5,506,265.65,2795.65,MBR,Books,Kids
71780841428,274027,20-06-2013,12,6,3,1191,375.165,3948.165,TeleShop,Home and kitchen,Academic
67605102398,270473,20-06-2013,8,3,1,309,32.445,341.445,Flagship store,Electronics,Personal Appliances
99324769743,267764,20-06-2013,9,3,4,873,366.66,3858.66,TeleShop,Electronics,Cameras
82512261421,268548,20-06-2013,7,5,2,1135,238.35,2508.35,TeleShop,Books,Fiction
95566895752,275218,20-06-2013,6,5,4,528,221.76,2333.76,MBR,Books,DIY
79373206866,274608,20-06-2013,3,2,2,151,31.71,333.71,e-Shop,Footwear,Kids
73718880852,273133,20-06-2013,4,2,4,691,290.22,3054.22,e-Shop,Footwear,Mens
90745918211,267023,20-06-2013,10,6,2,224,47.04,495.04,e-Shop,Home and kitchen,Audio and video
82133050564,273647,20-06-2013,9,3,3,80,25.2,265.2,TeleShop,Electronics,Cameras
73693729731,270935,20-06-2013,10,6,3,847,266.805,2807.805,MBR,Home and kitchen,Audio and video
96420324712,270555,20-06-2013,12,5,2,595,124.95,1314.95,e-Shop,Books,Academic
50104545984,272212,19-06-2013,4,1,5,1468,770.7,8110.7,MBR,Clothing,Mens
8173459978,266959,19-06-2013,1,2,3,1476,464.94,4892.94,e-Shop,Footwear,Women
44427114302,270283,19-06-2013,1,1,2,433,90.93,956.93,e-Shop,Clothing,Women
17784941034,269906,19-06-2013,7,5,4,437,183.54,1931.54,MBR,Books,Fiction
54898499439,274701,19-06-2013,12,6,2,514,107.94,1135.94,Flagship store,Home and kitchen,Academic
55711112728,274069,19-06-2013,10,3,3,1484,467.46,4919.46,Flagship store,Electronics,Audio and video
27610326534,273783,19-06-2013,3,1,-2,-1264,265.44,-2793.44,Flagship store,Clothing,Kids
45459573063,273285,19-06-2013,8,3,5,1460,766.5,8066.5,e-Shop,Electronics,Personal Appliances
47839213871,269245,19-06-2013,4,3,-5,-371,194.775,-2049.775,Flagship store,Electronics,Mens
59632729147,274488,19-06-2013,1,4,2,778,163.38,1719.38,e-Shop,Bags,Women
36788981907,270659,19-06-2013,1,2,1,472,49.56,521.56,MBR,Footwear,Women
21273261190,273739,19-06-2013,8,3,5,373,195.825,2060.825,MBR,Electronics,Personal Appliances
5755010027,269703,19-06-2013,10,5,1,1040,109.2,1149.2,MBR,Books,Audio and video
8903414497,269385,19-06-2013,10,3,1,344,36.12,380.12,e-Shop,Electronics,Audio and video
49419391555,273564,19-06-2013,12,6,5,1408,739.2,7779.2,e-Shop,Home and kitchen,Academic
33567172681,274471,19-06-2013,12,6,2,1050,220.5,2320.5,MBR,Home and kitchen,Academic
67374891777,272151,19-06-2013,3,5,5,768,403.2,4243.2,e-Shop,Books,Kids
90695576844,270328,19-06-2013,10,3,2,1298,272.58,2868.58,MBR,Electronics,Audio and video
76368865711,268734,19-06-2013,3,1,1,612,64.26,676.26,TeleShop,Clothing,Kids
71628005437,274703,19-06-2013,5,3,5,950,498.75,5248.75,Flagship store,Electronics,Computers
98391940810,270321,19-06-2013,10,6,2,1279,268.59,2826.59,Flagship store,Home and kitchen,Audio and video
95941364796,271887,19-06-2013,3,5,4,132,55.44,583.44,TeleShop,Books,Kids
5729528362,272495,18-06-2013,10,6,3,1208,380.52,4004.52,TeleShop,Home and kitchen,Audio and video
25858204373,270849,18-06-2013,9,3,2,1443,303.03,3189.03,e-Shop,Electronics,Cameras
51277071420,273511,18-06-2013,9,3,2,665,139.65,1469.65,e-Shop,Electronics,Cameras
23430350544,267653,18-06-2013,12,6,1,723,75.915,798.915,MBR,Home and kitchen,Academic
12458826019,274568,18-06-2013,9,3,3,736,231.84,2439.84,e-Shop,Electronics,Cameras
44281974284,270018,18-06-2013,8,3,-5,-594,311.85,-3281.85,TeleShop,Electronics,Personal Appliances
46055145691,273811,18-06-2013,4,2,4,963,404.46,4256.46,MBR,Footwear,Mens
5562001478,272500,18-06-2013,3,5,5,956,501.9,5281.9,e-Shop,Books,Kids
7796415213,269794,18-06-2013,1,4,-2,-1370,287.7,-3027.7,TeleShop,Bags,Women
46503506468,274955,18-06-2013,1,2,4,487,204.54,2152.54,TeleShop,Footwear,Women
62499324287,270550,18-06-2013,4,4,5,213,111.825,1176.825,e-Shop,Bags,Mens
47839213871,269245,18-06-2013,4,3,5,371,194.775,2049.775,Flagship store,Electronics,Mens
79927580028,274435,18-06-2013,1,4,2,839,176.19,1854.19,e-Shop,Bags,Women
92226430355,272688,18-06-2013,1,1,3,289,91.035,958.035,TeleShop,Clothing,Women
74278458640,267835,18-06-2013,6,5,2,632,132.72,1396.72,TeleShop,Books,DIY
89591928808,273616,18-06-2013,7,5,-4,-1382,580.44,-6108.44,TeleShop,Books,Fiction
97232144359,269094,18-06-2013,5,3,2,791,166.11,1748.11,TeleShop,Electronics,Computers
67794663718,272316,18-06-2013,12,6,2,1313,275.73,2901.73,Flagship store,Home and kitchen,Academic
35972771273,270684,17-06-2013,5,3,2,1006,211.26,2223.26,MBR,Electronics,Computers
47763515996,267000,17-06-2013,4,4,5,1299,681.975,7176.975,MBR,Bags,Mens
12588251117,272308,17-06-2013,3,1,4,113,47.46,499.46,Flagship store,Clothing,Kids
21487483956,273993,17-06-2013,11,5,2,1356,284.76,2996.76,Flagship store,Books,Children
59768248977,272353,17-06-2013,1,2,1,700,73.5,773.5,Flagship store,Footwear,Women
7796415213,269794,17-06-2013,1,4,2,1370,287.7,3027.7,TeleShop,Bags,Women
12168103929,268585,17-06-2013,5,3,2,206,43.26,455.26,TeleShop,Electronics,Computers
5620561916,271972,17-06-2013,2,6,2,264,55.44,583.44,TeleShop,Home and kitchen,Furnishing
83712768922,270957,17-06-2013,3,5,1,679,71.295,750.295,Flagship store,Books,Kids
83859410337,274525,17-06-2013,3,5,4,705,296.1,3116.1,e-Shop,Books,Kids
86991475094,270146,17-06-2013,1,4,4,738,309.96,3261.96,MBR,Bags,Women
74007441887,274463,17-06-2013,4,1,4,641,269.22,2833.22,MBR,Clothing,Mens
89220750429,274046,17-06-2013,9,3,5,171,89.775,944.775,Flagship store,Electronics,Cameras
52052966139,274367,16-06-2013,10,6,1,714,74.97,788.97,e-Shop,Home and kitchen,Audio and video
33952003562,268449,16-06-2013,4,4,4,242,101.64,1069.64,Flagship store,Bags,Mens
24871167108,271924,16-06-2013,4,4,5,1427,749.175,7884.175,e-Shop,Bags,Mens
28377429617,267234,16-06-2013,1,4,3,1142,359.73,3785.73,MBR,Bags,Women
24253986035,267727,16-06-2013,2,6,3,674,212.31,2234.31,e-Shop,Home and kitchen,Furnishing
49265166126,273910,16-06-2013,12,5,2,690,144.9,1524.9,TeleShop,Books,Academic
1834977618,270718,16-06-2013,4,4,-5,-1325,695.625,-7320.625,MBR,Bags,Mens
23326141451,274700,16-06-2013,9,3,4,287,120.54,1268.54,e-Shop,Electronics,Cameras
41667326932,272371,16-06-2013,9,3,4,617,259.14,2727.14,TeleShop,Electronics,Cameras
4009775229,271261,16-06-2013,12,6,5,88,46.2,486.2,MBR,Home and kitchen,Academic
55341739811,272816,16-06-2013,10,5,2,898,188.58,1984.58,TeleShop,Books,Audio and video
11409036338,270602,16-06-2013,1,2,5,782,410.55,4320.55,TeleShop,Footwear,Women
50680934425,269395,16-06-2013,6,5,-5,-857,449.925,-4734.925,MBR,Books,DIY
71080438542,267698,16-06-2013,11,5,2,83,17.43,183.43,TeleShop,Books,Children
87602291178,274719,16-06-2013,6,5,1,800,84,884,e-Shop,Books,DIY
65929151883,267714,16-06-2013,7,5,2,231,48.51,510.51,e-Shop,Books,Fiction
72783160090,271243,16-06-2013,1,1,4,1200,504,5304,e-Shop,Clothing,Women
76722317957,273215,16-06-2013,2,6,4,153,64.26,676.26,e-Shop,Home and kitchen,Furnishing
89591928808,273616,16-06-2013,7,5,4,1382,580.44,6108.44,TeleShop,Books,Fiction
31708671744,271793,15-06-2013,11,5,5,602,316.05,3326.05,e-Shop,Books,Children
10981905317,270356,15-06-2013,1,1,5,130,68.25,718.25,e-Shop,Clothing,Women
12213564278,267227,15-06-2013,1,4,4,679,285.18,3001.18,e-Shop,Bags,Women
7130343916,268184,15-06-2013,3,5,1,393,41.265,434.265,TeleShop,Books,Kids
26789139197,272973,15-06-2013,1,1,-2,-602,126.42,-1330.42,e-Shop,Clothing,Women
24545848286,272863,15-06-2013,1,4,4,271,113.82,1197.82,MBR,Bags,Women
1834977618,270718,15-06-2013,4,4,5,1325,695.625,7320.625,MBR,Bags,Mens
57018286404,268876,15-06-2013,3,5,4,241,101.22,1065.22,MBR,Books,Kids
46219366986,270608,15-06-2013,1,4,2,218,45.78,481.78,e-Shop,Bags,Women
60577533228,268353,15-06-2013,3,2,1,1248,131.04,1379.04,MBR,Footwear,Kids
35527485281,274573,15-06-2013,12,5,5,1184,621.6,6541.6,Flagship store,Books,Academic
25085537287,267883,15-06-2013,5,3,2,1377,289.17,3043.17,MBR,Electronics,Computers
398388975,270246,15-06-2013,3,2,3,1401,441.315,4644.315,Flagship store,Footwear,Kids
43943191565,267291,15-06-2013,3,1,3,172,54.18,570.18,TeleShop,Clothing,Kids
43083592618,271718,15-06-2013,1,4,2,233,48.93,514.93,Flagship store,Bags,Women
55487209318,269316,15-06-2013,1,4,5,288,151.2,1591.2,Flagship store,Bags,Women
37907679079,268629,15-06-2013,6,5,5,301,158.025,1663.025,MBR,Books,DIY
44281974284,270018,15-06-2013,8,3,5,594,311.85,3281.85,TeleShop,Electronics,Personal Appliances
89274306751,268302,15-06-2013,11,5,-4,-1054,442.68,-4658.68,Flagship store,Books,Children
64909358045,271317,15-06-2013,1,2,-1,-1200,126,-1326,TeleShop,Footwear,Women
90565659699,271541,15-06-2013,1,1,3,388,122.22,1286.22,MBR,Clothing,Women
95803962062,268881,15-06-2013,4,2,4,407,170.94,1798.94,Flagship store,Footwear,Mens
86754239868,272116,15-06-2013,10,5,4,931,391.02,4115.02,e-Shop,Books,Audio and video
75393425704,269042,15-06-2013,6,5,-5,-631,331.275,-3486.275,MBR,Books,DIY
82913592737,274076,15-06-2013,12,6,4,661,277.62,2921.62,e-Shop,Home and kitchen,Academic
80889796290,274219,15-06-2013,9,3,5,1037,544.425,5729.425,e-Shop,Electronics,Cameras
68205506426,268041,15-06-2013,3,1,4,1243,522.06,5494.06,TeleShop,Clothing,Kids
90932939680,272802,15-06-2013,10,6,4,1251,525.42,5529.42,TeleShop,Home and kitchen,Audio and video
53785925789,274616,14-06-2013,12,6,5,1314,689.85,7259.85,MBR,Home and kitchen,Academic
22303104380,272154,14-06-2013,5,3,2,148,31.08,327.08,MBR,Electronics,Computers
5006124717,273507,14-06-2013,5,3,2,88,18.48,194.48,MBR,Electronics,Computers
28760538119,271913,14-06-2013,12,6,2,499,104.79,1102.79,MBR,Home and kitchen,Academic
46572181356,272830,14-06-2013,2,6,1,907,95.235,1002.235,e-Shop,Home and kitchen,Furnishing
27610326534,273783,14-06-2013,3,1,2,1264,265.44,2793.44,Flagship store,Clothing,Kids
62728721725,271606,14-06-2013,12,6,4,1341,563.22,5927.22,Flagship store,Home and kitchen,Academic
6161489351,274708,14-06-2013,10,3,1,487,51.135,538.135,e-Shop,Electronics,Audio and video
88821673610,268299,14-06-2013,10,5,5,506,265.65,2795.65,Flagship store,Books,Audio and video
75393425704,269042,14-06-2013,6,5,5,631,331.275,3486.275,MBR,Books,DIY
74537415378,271190,14-06-2013,1,4,-3,-227,71.505,-752.505,TeleShop,Bags,Women
93284504410,269332,14-06-2013,10,6,2,1335,280.35,2950.35,MBR,Home and kitchen,Audio and video
63575810677,269168,14-06-2013,7,5,4,914,383.88,4039.88,TeleShop,Books,Fiction
77538003604,272671,14-06-2013,10,3,-3,-936,294.84,-3102.84,Flagship store,Electronics,Audio and video
90105977333,269528,14-06-2013,3,2,2,384,80.64,848.64,Flagship store,Footwear,Kids
50439031894,272128,13-06-2013,4,1,4,724,304.08,3200.08,Flagship store,Clothing,Mens
17304624587,272411,13-06-2013,12,5,4,1174,493.08,5189.08,MBR,Books,Academic
43223380219,267167,13-06-2013,6,5,4,593,249.06,2621.06,Flagship store,Books,DIY
57311262865,270872,13-06-2013,4,3,4,1044,438.48,4614.48,Flagship store,Electronics,Mens
61899211091,274056,13-06-2013,12,5,3,803,252.945,2661.945,e-Shop,Books,Academic
22758298574,272809,13-06-2013,4,4,3,72,22.68,238.68,MBR,Bags,Mens
23439523005,270962,13-06-2013,1,1,3,528,166.32,1750.32,e-Shop,Clothing,Women
30892099796,274296,13-06-2013,10,3,5,95,49.875,524.875,e-Shop,Electronics,Audio and video
41923548604,275179,13-06-2013,2,6,2,1326,278.46,2930.46,Flagship store,Home and kitchen,Furnishing
14936730870,271806,13-06-2013,4,3,3,493,155.295,1634.295,MBR,Electronics,Mens
22165878228,272494,13-06-2013,3,1,4,945,396.9,4176.9,MBR,Clothing,Kids
51470110760,274293,13-06-2013,4,4,2,168,35.28,371.28,e-Shop,Bags,Mens
26337916385,270262,13-06-2013,10,3,-2,-877,184.17,-1938.17,e-Shop,Electronics,Audio and video
92206094593,271107,13-06-2013,4,4,5,114,59.85,629.85,e-Shop,Bags,Mens
66863455368,274569,13-06-2013,12,6,3,295,92.925,977.925,e-Shop,Home and kitchen,Academic
99626555337,268720,13-06-2013,4,3,3,832,262.08,2758.08,TeleShop,Electronics,Mens
89274306751,268302,13-06-2013,11,5,4,1054,442.68,4658.68,Flagship store,Books,Children
81584147789,274968,13-06-2013,12,6,1,531,55.755,586.755,e-Shop,Home and kitchen,Academic
74439150028,273325,13-06-2013,1,4,4,507,212.94,2240.94,MBR,Bags,Women
86276747983,274096,13-06-2013,12,5,-2,-1417,297.57,-3131.57,e-Shop,Books,Academic
83936819297,272910,13-06-2013,4,3,-2,-83,17.43,-183.43,Flagship store,Electronics,Mens
81565257781,267278,13-06-2013,11,5,1,703,73.815,776.815,MBR,Books,Children
78563965326,267952,13-06-2013,10,3,1,1015,106.575,1121.575,e-Shop,Electronics,Audio and video
68604176454,271580,13-06-2013,3,5,-4,-968,406.56,-4278.56,MBR,Books,Kids
98620998175,274471,13-06-2013,11,6,4,490,205.8,2165.8,TeleShop,Home and kitchen,Children
38037506796,270741,12/6/2013,10,5,4,656,275.52,2899.52,e-Shop,Books,Audio and video
30693113591,273481,12/6/2013,4,4,5,573,300.825,3165.825,Flagship store,Bags,Mens
20180193617,274156,12/6/2013,8,3,2,1433,300.93,3166.93,e-Shop,Electronics,Personal Appliances
4825954733,274027,12/6/2013,12,5,3,699,220.185,2317.185,e-Shop,Books,Academic
51427394398,270864,12/6/2013,10,3,-1,-1163,122.115,-1285.115,MBR,Electronics,Audio and video
50680934425,269395,12/6/2013,6,5,5,857,449.925,4734.925,MBR,Books,DIY
4642181318,275073,12/6/2013,8,3,1,675,70.875,745.875,MBR,Electronics,Personal Appliances
86276747983,274096,12/6/2013,12,5,-2,-1417,297.57,-3131.57,e-Shop,Books,Academic
75071383756,269958,12/6/2013,12,6,1,144,15.12,159.12,e-Shop,Home and kitchen,Academic
81095003136,269734,12/6/2013,12,5,5,655,343.875,3618.875,e-Shop,Books,Academic
75097903457,268161,12/6/2013,4,4,5,290,152.25,1602.25,e-Shop,Bags,Mens
99934833874,269365,12/6/2013,5,3,1,82,8.61,90.61,e-Shop,Electronics,Computers
64909358045,271317,12/6/2013,1,2,1,1200,126,1326,TeleShop,Footwear,Women
83229314704,270892,12/6/2013,8,3,5,384,201.6,2121.6,e-Shop,Electronics,Personal Appliances
86071427304,267178,12/6/2013,11,5,4,744,312.48,3288.48,Flagship store,Books,Children
85488725141,268934,12/6/2013,2,6,2,1336,280.56,2952.56,MBR,Home and kitchen,Furnishing
66385185481,267308,12/6/2013,6,5,2,729,153.09,1611.09,TeleShop,Books,DIY
10014712375,270234,11/6/2013,3,5,3,1199,377.685,3974.685,TeleShop,Books,Kids
45451699050,268633,11/6/2013,4,4,3,1307,411.705,4332.705,Flagship store,Bags,Mens
3125428205,272660,11/6/2013,10,5,1,208,21.84,229.84,TeleShop,Books,Audio and video
46188135515,272910,11/6/2013,10,3,3,956,301.14,3169.14,TeleShop,Electronics,Audio and video
14279305407,274180,11/6/2013,1,2,5,241,126.525,1331.525,TeleShop,Footwear,Women
810811030,274523,11/6/2013,3,2,5,731,383.775,4038.775,MBR,Footwear,Kids
9046220400,270647,11/6/2013,1,2,2,754,158.34,1666.34,MBR,Footwear,Women
61194505304,267681,11/6/2013,11,6,2,732,153.72,1617.72,e-Shop,Home and kitchen,Children
6492326317,274437,11/6/2013,7,5,1,709,74.445,783.445,TeleShop,Books,Fiction
41666150977,268819,11/6/2013,12,6,3,801,252.315,2655.315,e-Shop,Home and kitchen,Academic
91410249731,270968,11/6/2013,5,3,-4,-1207,506.94,-5334.94,Flagship store,Electronics,Computers
85011207277,268698,11/6/2013,3,2,-4,-570,239.4,-2519.4,e-Shop,Footwear,Kids
70653058276,270512,11/6/2013,8,3,1,586,61.53,647.53,e-Shop,Electronics,Personal Appliances
66830828701,275007,11/6/2013,10,6,4,225,94.5,994.5,e-Shop,Home and kitchen,Audio and video
94987094592,266957,11/6/2013,1,2,1,165,17.325,182.325,e-Shop,Footwear,Women
85867494403,275170,11/6/2013,12,5,4,338,141.96,1493.96,TeleShop,Books,Academic
33386828412,269855,10/6/2013,4,1,1,1239,130.095,1369.095,Flagship store,Clothing,Mens
30505629551,272721,10/6/2013,10,5,3,530,166.95,1756.95,MBR,Books,Audio and video
6113948687,268468,10/6/2013,2,6,4,476,199.92,2103.92,TeleShop,Home and kitchen,Furnishing
34766646923,267032,10/6/2013,10,3,4,137,57.54,605.54,Flagship store,Electronics,Audio and video
54620964258,270020,10/6/2013,4,4,2,348,73.08,769.08,TeleShop,Bags,Mens
50342344770,271055,10/6/2013,9,3,3,1493,470.295,4949.295,TeleShop,Electronics,Cameras
14456396144,270310,10/6/2013,12,6,1,1252,131.46,1383.46,e-Shop,Home and kitchen,Academic
28981620364,274641,10/6/2013,7,5,1,901,94.605,995.605,e-Shop,Books,Fiction
53700279425,274370,10/6/2013,2,6,5,1045,548.625,5773.625,e-Shop,Home and kitchen,Furnishing
48115444416,268359,10/6/2013,9,3,2,527,110.67,1164.67,e-Shop,Electronics,Cameras
60513699515,270264,10/6/2013,4,2,-1,-329,34.545,-363.545,Flagship store,Footwear,Mens
15403511408,270705,10/6/2013,3,5,4,766,321.72,3385.72,TeleShop,Books,Kids
17060444025,270933,10/6/2013,1,4,3,1004,316.26,3328.26,e-Shop,Bags,Women
30081592520,275165,10/6/2013,6,5,1,310,32.55,342.55,TeleShop,Books,DIY
23434225845,269637,10/6/2013,4,2,1,257,26.985,283.985,e-Shop,Footwear,Mens
84045586133,269192,10/6/2013,10,3,5,791,415.275,4370.275,e-Shop,Electronics,Audio and video
81637167377,268363,10/6/2013,4,4,4,618,259.56,2731.56,e-Shop,Bags,Mens
99195626802,269727,10/6/2013,1,1,1,922,96.81,1018.81,e-Shop,Clothing,Women
85308304947,270880,10/6/2013,8,3,5,1313,689.325,7254.325,MBR,Electronics,Personal Appliances
66589690767,272037,10/6/2013,11,6,3,642,202.23,2128.23,Flagship store,Home and kitchen,Children
92702535415,267935,10/6/2013,3,5,-4,-581,244.02,-2568.02,e-Shop,Books,Kids
91942870070,270726,10/6/2013,3,2,4,368,154.56,1626.56,Flagship store,Footwear,Kids
68604176454,271580,10/6/2013,3,5,4,968,406.56,4278.56,MBR,Books,Kids
15858550351,274265,9/6/2013,7,5,3,276,86.94,914.94,e-Shop,Books,Fiction
5830963586,274074,9/6/2013,11,6,5,639,335.475,3530.475,Flagship store,Home and kitchen,Children
53642376663,271294,9/6/2013,2,6,2,718,150.78,1586.78,TeleShop,Home and kitchen,Furnishing
15961469206,273121,9/6/2013,9,3,-2,-1039,218.19,-2296.19,MBR,Electronics,Cameras
8427157720,273999,9/6/2013,4,2,3,1111,349.965,3682.965,e-Shop,Footwear,Mens
46283375056,271673,9/6/2013,9,3,2,1027,215.67,2269.67,e-Shop,Electronics,Cameras
4450587896,272046,9/6/2013,9,3,5,939,492.975,5187.975,MBR,Electronics,Cameras
2560239943,270739,9/6/2013,10,3,3,565,177.975,1872.975,TeleShop,Electronics,Audio and video
30717892094,273661,9/6/2013,7,5,3,1149,361.935,3808.935,TeleShop,Books,Fiction
4108502495,271650,9/6/2013,10,6,5,928,487.2,5127.2,e-Shop,Home and kitchen,Audio and video
25692238855,269580,9/6/2013,1,2,4,991,416.22,4380.22,Flagship store,Footwear,Women
37315761785,272148,9/6/2013,3,2,1,793,83.265,876.265,MBR,Footwear,Kids
68010856911,274166,9/6/2013,1,1,2,355,74.55,784.55,MBR,Clothing,Women
91410249731,270968,9/6/2013,5,3,-4,-1207,506.94,-5334.94,Flagship store,Electronics,Computers
83494555238,269586,9/6/2013,12,6,1,1421,149.205,1570.205,MBR,Home and kitchen,Academic
71865274323,271406,9/6/2013,10,3,1,386,40.53,426.53,e-Shop,Electronics,Audio and video
85011207277,268698,9/6/2013,3,2,4,570,239.4,2519.4,e-Shop,Footwear,Kids
97845036063,271964,9/6/2013,8,3,5,1082,568.05,5978.05,TeleShop,Electronics,Personal Appliances
99594518859,269847,9/6/2013,4,2,3,863,271.845,2860.845,e-Shop,Footwear,Mens
30737667719,269964,8/6/2013,7,5,4,875,367.5,3867.5,MBR,Books,Fiction
14478986895,266853,8/6/2013,1,1,1,241,25.305,266.305,e-Shop,Clothing,Women
40472648426,268974,8/6/2013,6,5,4,854,358.68,3774.68,Flagship store,Books,DIY
33286054701,269054,8/6/2013,3,1,3,227,71.505,752.505,Flagship store,Clothing,Kids
27545402881,269142,8/6/2013,1,4,1,905,95.025,1000.025,e-Shop,Bags,Women
41524620449,271279,8/6/2013,10,3,5,1334,700.35,7370.35,e-Shop,Electronics,Audio and video
50191323148,267099,8/6/2013,10,6,1,715,75.075,790.075,Flagship store,Home and kitchen,Audio and video
33883975332,274021,8/6/2013,6,5,4,1017,427.14,4495.14,e-Shop,Books,DIY
3888862170,273952,8/6/2013,11,6,1,906,95.13,1001.13,MBR,Home and kitchen,Children
63075461279,269310,8/6/2013,6,5,4,1362,572.04,6020.04,TeleShop,Books,DIY
26337916385,270262,8/6/2013,10,3,2,877,184.17,1938.17,e-Shop,Electronics,Audio and video
22036398168,272174,8/6/2013,10,6,4,1047,439.74,4627.74,MBR,Home and kitchen,Audio and video
31792657799,266804,8/6/2013,5,3,2,719,150.99,1588.99,e-Shop,Electronics,Computers
14412364244,270833,8/6/2013,11,6,5,1457,764.925,8049.925,Flagship store,Home and kitchen,Children
47923326093,275141,8/6/2013,1,2,3,1490,469.35,4939.35,e-Shop,Footwear,Women
30114850424,272145,8/6/2013,4,1,5,961,504.525,5309.525,e-Shop,Clothing,Mens
85737523137,275081,8/6/2013,5,3,4,656,275.52,2899.52,Flagship store,Electronics,Computers
92702535415,267935,8/6/2013,3,5,4,581,244.02,2568.02,e-Shop,Books,Kids
85542107121,268251,8/6/2013,6,5,1,1278,134.19,1412.19,MBR,Books,DIY
92474691554,269193,8/6/2013,11,6,-2,-1056,221.76,-2333.76,e-Shop,Home and kitchen,Children
77466609516,275160,8/6/2013,4,4,-4,-1488,624.96,-6576.96,e-Shop,Bags,Mens
79882898738,275002,8/6/2013,8,3,5,520,273,2873,TeleShop,Electronics,Personal Appliances
83936819297,272910,8/6/2013,4,3,2,83,17.43,183.43,Flagship store,Electronics,Mens
74113837709,269455,8/6/2013,4,4,1,1166,122.43,1288.43,MBR,Bags,Mens
78568562665,271669,8/6/2013,11,6,5,497,260.925,2745.925,Flagship store,Home and kitchen,Children
83561547954,270812,8/6/2013,10,6,5,384,201.6,2121.6,MBR,Home and kitchen,Audio and video
85159174105,269042,8/6/2013,10,5,5,255,133.875,1408.875,MBR,Books,Audio and video
88743841801,268904,8/6/2013,10,6,-5,-683,358.575,-3773.575,TeleShop,Home and kitchen,Audio and video
98480130394,268319,8/6/2013,4,2,1,1496,157.08,1653.08,MBR,Footwear,Mens
33391937236,275049,7/6/2013,10,5,3,662,208.53,2194.53,MBR,Books,Audio and video
20584709101,274518,7/6/2013,9,3,2,1224,257.04,2705.04,MBR,Electronics,Cameras
17680312302,269050,7/6/2013,10,3,-5,-413,216.825,-2281.825,MBR,Electronics,Audio and video
56627749280,267439,7/6/2013,4,3,4,822,345.24,3633.24,MBR,Electronics,Mens
39765946250,274492,7/6/2013,4,2,4,1260,529.2,5569.2,TeleShop,Footwear,Mens
33599277001,267377,7/6/2013,1,4,2,262,55.02,579.02,e-Shop,Bags,Women
57321652699,269183,7/6/2013,4,2,3,118,37.17,391.17,MBR,Footwear,Mens
41254184566,270470,7/6/2013,2,6,1,987,103.635,1090.635,e-Shop,Home and kitchen,Furnishing
5666020795,266920,7/6/2013,4,2,5,903,474.075,4989.075,Flagship store,Footwear,Mens
28505990139,274166,7/6/2013,11,6,4,1139,478.38,5034.38,MBR,Home and kitchen,Children
26636086831,270142,7/6/2013,10,3,4,1387,582.54,6130.54,e-Shop,Electronics,Audio and video
58245918182,274542,7/6/2013,4,2,5,1342,704.55,7414.55,TeleShop,Footwear,Mens
72898976452,271115,7/6/2013,9,3,4,1016,426.72,4490.72,Flagship store,Electronics,Cameras
88679435832,267188,7/6/2013,3,1,2,361,75.81,797.81,e-Shop,Clothing,Kids
95357787783,273821,7/6/2013,10,5,5,1351,709.275,7464.275,Flagship store,Books,Audio and video
64180995248,270053,7/6/2013,1,4,4,524,220.08,2316.08,e-Shop,Bags,Women
98052918773,272597,7/6/2013,3,2,1,1491,156.555,1647.555,e-Shop,Footwear,Kids
74412873830,268609,7/6/2013,3,2,4,633,265.86,2797.86,TeleShop,Footwear,Kids
15135934547,273251,6/6/2013,10,6,5,1354,710.85,7480.85,e-Shop,Home and kitchen,Audio and video
32936289362,268505,6/6/2013,4,4,1,994,104.37,1098.37,Flagship store,Bags,Mens
46884584807,269005,6/6/2013,4,2,3,315,99.225,1044.225,MBR,Footwear,Mens
18247882638,271806,6/6/2013,3,1,1,695,72.975,767.975,Flagship store,Clothing,Kids
6697210606,269875,6/6/2013,8,3,2,504,105.84,1113.84,e-Shop,Electronics,Personal Appliances
48144914878,275225,6/6/2013,1,1,4,1291,542.22,5706.22,TeleShop,Clothing,Women
4476012556,274180,6/6/2013,1,2,5,635,333.375,3508.375,e-Shop,Footwear,Women
53152348292,267251,6/6/2013,11,6,-4,-1203,505.26,-5317.26,e-Shop,Home and kitchen,Children
31511606824,274176,6/6/2013,4,4,4,704,295.68,3111.68,Flagship store,Bags,Mens
35316364440,270144,6/6/2013,2,6,2,1223,256.83,2702.83,e-Shop,Home and kitchen,Furnishing
56966137952,269711,6/6/2013,11,5,1,171,17.955,188.955,MBR,Books,Children
34311858849,272192,6/6/2013,11,5,4,899,377.58,3973.58,e-Shop,Books,Children
44144264216,270522,6/6/2013,12,5,5,396,207.9,2187.9,Flagship store,Books,Academic
95538077895,270535,6/6/2013,4,2,1,103,10.815,113.815,MBR,Footwear,Mens
83931339613,269591,6/6/2013,1,2,2,106,22.26,234.26,e-Shop,Footwear,Women
74025133111,268873,6/6/2013,12,5,1,1496,157.08,1653.08,e-Shop,Books,Academic
83430487904,269460,6/6/2013,1,1,4,1332,559.44,5887.44,Flagship store,Clothing,Women
77538003604,272671,6/6/2013,10,3,3,936,294.84,3102.84,Flagship store,Electronics,Audio and video
68187034217,271428,6/6/2013,12,6,3,721,227.115,2390.115,TeleShop,Home and kitchen,Academic
92897994034,272230,6/6/2013,1,4,4,1491,626.22,6590.22,e-Shop,Bags,Women
98808824196,271315,6/6/2013,10,3,1,1200,126,1326,TeleShop,Electronics,Audio and video
79445682834,266829,6/6/2013,10,6,4,1008,423.36,4455.36,MBR,Home and kitchen,Audio and video
73184196243,268796,6/6/2013,2,6,2,688,144.48,1520.48,Flagship store,Home and kitchen,Furnishing
70569103318,274924,6/6/2013,10,6,1,1227,128.835,1355.835,MBR,Home and kitchen,Audio and video
78215922033,272143,6/6/2013,2,6,2,756,158.76,1670.76,MBR,Home and kitchen,Furnishing
29977754751,272745,5/6/2013,4,4,2,217,45.57,479.57,Flagship store,Bags,Mens
50920753798,266964,5/6/2013,9,3,3,454,143.01,1505.01,TeleShop,Electronics,Cameras
27521400354,272478,5/6/2013,12,5,3,312,98.28,1034.28,e-Shop,Books,Academic
11279517942,275249,5/6/2013,6,5,-1,-603,63.315,-666.315,Flagship store,Books,DIY
47439874147,268442,5/6/2013,4,2,5,782,410.55,4320.55,TeleShop,Footwear,Mens
15532204333,268588,5/6/2013,10,3,1,1166,122.43,1288.43,e-Shop,Electronics,Audio and video
33783461685,269596,5/6/2013,1,4,3,132,41.58,437.58,e-Shop,Bags,Women
26789139197,272973,5/6/2013,1,1,2,602,126.42,1330.42,e-Shop,Clothing,Women
32841739559,267978,5/6/2013,8,3,1,340,35.7,375.7,Flagship store,Electronics,Personal Appliances
7526021494,272038,5/6/2013,7,5,3,146,45.99,483.99,Flagship store,Books,Fiction
60713522913,272317,5/6/2013,3,1,5,1475,774.375,8149.375,Flagship store,Clothing,Kids
37630656698,273010,5/6/2013,10,6,1,1413,148.365,1561.365,TeleShop,Home and kitchen,Audio and video
59003679840,267756,5/6/2013,3,1,1,934,98.07,1032.07,Flagship store,Clothing,Kids
97633554259,270004,5/6/2013,4,2,2,185,38.85,408.85,Flagship store,Footwear,Mens
86276747983,274096,5/6/2013,12,5,2,1417,297.57,3131.57,e-Shop,Books,Academic
92138765321,270743,5/6/2013,10,6,2,544,114.24,1202.24,Flagship store,Home and kitchen,Audio and video
72183344132,272456,5/6/2013,11,6,-1,-1458,153.09,-1611.09,e-Shop,Home and kitchen,Children
75045671393,268319,5/6/2013,12,6,2,385,80.85,850.85,e-Shop,Home and kitchen,Academic
91976948615,272376,5/6/2013,10,6,3,583,183.645,1932.645,e-Shop,Home and kitchen,Audio and video
77127756022,267802,5/6/2013,4,3,3,1224,385.56,4057.56,Flagship store,Electronics,Mens
71170349511,269189,5/6/2013,5,3,5,83,43.575,458.575,e-Shop,Electronics,Computers
86312333243,268376,5/6/2013,10,6,5,395,207.375,2182.375,e-Shop,Home and kitchen,Audio and video
99702077888,270955,5/6/2013,3,2,5,1278,670.95,7060.95,TeleShop,Footwear,Kids
71345638639,269212,5/6/2013,1,4,3,336,105.84,1113.84,MBR,Bags,Women
74537415378,271190,5/6/2013,1,4,3,227,71.505,752.505,TeleShop,Bags,Women
96589993478,269747,5/6/2013,10,3,2,107,22.47,236.47,e-Shop,Electronics,Audio and video
96521428168,274682,5/6/2013,12,6,3,1489,469.035,4936.035,e-Shop,Home and kitchen,Academic
23185822180,268658,4/6/2013,6,5,4,1389,583.38,6139.38,e-Shop,Books,DIY
23175436338,268664,4/6/2013,1,1,2,940,197.4,2077.4,TeleShop,Clothing,Women
9241214447,270892,4/6/2013,11,6,-2,-741,155.61,-1637.61,e-Shop,Home and kitchen,Children
59568761882,269611,4/6/2013,7,5,5,430,225.75,2375.75,TeleShop,Books,Fiction
60513699515,270264,4/6/2013,4,2,1,329,34.545,363.545,Flagship store,Footwear,Mens
56762929748,268821,4/6/2013,2,6,5,1060,556.5,5856.5,MBR,Home and kitchen,Furnishing
2440336815,266827,4/6/2013,3,5,1,485,50.925,535.925,e-Shop,Books,Kids
29858836329,269024,4/6/2013,4,4,5,250,131.25,1381.25,e-Shop,Bags,Mens
7857016826,268180,4/6/2013,5,3,5,1128,592.2,6232.2,e-Shop,Electronics,Computers
18212697538,267574,4/6/2013,12,6,4,128,53.76,565.76,e-Shop,Home and kitchen,Academic
51912145408,268880,4/6/2013,10,5,2,568,119.28,1255.28,MBR,Books,Audio and video
639298867,274017,4/6/2013,8,3,1,1070,112.35,1182.35,MBR,Electronics,Personal Appliances
96741078947,271810,4/6/2013,12,5,1,1430,150.15,1580.15,TeleShop,Books,Academic
98700516417,273656,4/6/2013,12,5,2,760,159.6,1679.6,MBR,Books,Academic
97259403770,267188,4/6/2013,4,4,4,272,114.24,1202.24,e-Shop,Bags,Mens
76108745082,266860,4/6/2013,3,5,4,739,310.38,3266.38,e-Shop,Books,Kids
77466609516,275160,4/6/2013,4,4,4,1488,624.96,6576.96,e-Shop,Bags,Mens
76412240313,270069,4/6/2013,9,3,1,423,44.415,467.415,TeleShop,Electronics,Cameras
85216927568,270030,4/6/2013,1,4,-2,-584,122.64,-1290.64,e-Shop,Bags,Women
99555193177,271041,4/6/2013,4,2,5,739,387.975,4082.975,TeleShop,Footwear,Mens
81933808388,272118,4/6/2013,4,1,3,1174,369.81,3891.81,e-Shop,Clothing,Mens
28432482060,272704,3/6/2013,4,2,5,1339,702.975,7397.975,e-Shop,Footwear,Mens
20642142185,275039,3/6/2013,4,2,1,1168,122.64,1290.64,e-Shop,Footwear,Mens
5554149694,271867,3/6/2013,10,6,3,970,305.55,3215.55,e-Shop,Home and kitchen,Audio and video
42881176392,268783,3/6/2013,8,3,1,990,103.95,1093.95,MBR,Electronics,Personal Appliances
51427394398,270864,3/6/2013,10,3,1,1163,122.115,1285.115,MBR,Electronics,Audio and video
47187967197,271168,3/6/2013,3,2,1,240,25.2,265.2,e-Shop,Footwear,Kids
55673692470,271918,3/6/2013,3,2,1,594,62.37,656.37,e-Shop,Footwear,Kids
23448745255,273543,3/6/2013,8,3,3,572,180.18,1896.18,e-Shop,Electronics,Personal Appliances
5308359981,273795,3/6/2013,5,3,2,94,19.74,207.74,MBR,Electronics,Computers
12592164144,273543,3/6/2013,3,1,4,851,357.42,3761.42,TeleShop,Clothing,Kids
39328478870,267915,3/6/2013,11,5,3,921,290.115,3053.115,e-Shop,Books,Children
6091555990,271668,3/6/2013,4,2,4,536,225.12,2369.12,e-Shop,Footwear,Mens
40710548009,269328,3/6/2013,6,5,2,1021,214.41,2256.41,Flagship store,Books,DIY
18820893895,270477,3/6/2013,1,2,-5,-1199,629.475,-6624.475,TeleShop,Footwear,Women
72767274790,266966,3/6/2013,9,3,2,383,80.43,846.43,MBR,Electronics,Cameras
92123741696,268783,3/6/2013,12,5,4,663,278.46,2930.46,MBR,Books,Academic
77977648583,269150,3/6/2013,3,2,-5,-529,277.725,-2922.725,e-Shop,Footwear,Kids
92474691554,269193,3/6/2013,11,6,2,1056,221.76,2333.76,e-Shop,Home and kitchen,Children
75856937820,267990,3/6/2013,5,3,3,225,70.875,745.875,Flagship store,Electronics,Computers
85624303535,273451,3/6/2013,6,5,5,800,420,4420,Flagship store,Books,DIY
94656976406,273708,3/6/2013,9,3,3,1333,419.895,4418.895,e-Shop,Electronics,Cameras
84575715517,272187,3/6/2013,3,2,3,626,197.19,2075.19,e-Shop,Footwear,Kids
98760942444,269736,3/6/2013,10,5,2,1175,246.75,2596.75,e-Shop,Books,Audio and video
56185568075,269370,2/6/2013,6,5,2,270,56.7,596.7,MBR,Books,DIY
58802680697,268026,2/6/2013,12,5,3,1142,359.73,3785.73,e-Shop,Books,Academic
38316950745,269499,2/6/2013,8,3,1,1487,156.135,1643.135,e-Shop,Electronics,Personal Appliances
38500387120,266957,2/6/2013,6,5,4,713,299.46,3151.46,e-Shop,Books,DIY
8465490398,269326,2/6/2013,11,5,5,1198,628.95,6618.95,MBR,Books,Children
34337185716,273969,2/6/2013,4,3,5,1054,553.35,5823.35,e-Shop,Electronics,Mens
3391385506,269645,2/6/2013,4,3,3,616,194.04,2042.04,TeleShop,Electronics,Mens
52288709582,268853,2/6/2013,5,3,5,1047,549.675,5784.675,Flagship store,Electronics,Computers
59602361004,271054,2/6/2013,11,6,3,1176,370.44,3898.44,TeleShop,Home and kitchen,Children
15961469206,273121,2/6/2013,9,3,2,1039,218.19,2296.19,MBR,Electronics,Cameras
52555572527,266953,2/6/2013,1,4,-5,-926,486.15,-5116.15,TeleShop,Bags,Women
17680312302,269050,2/6/2013,10,3,5,413,216.825,2281.825,MBR,Electronics,Audio and video
53680584926,271989,2/6/2013,10,6,5,1358,712.95,7502.95,MBR,Home and kitchen,Audio and video
20432597943,267252,2/6/2013,11,5,2,297,62.37,656.37,MBR,Books,Children
24407941145,273234,2/6/2013,10,3,4,1498,629.16,6621.16,e-Shop,Electronics,Audio and video
15049029670,267606,2/6/2013,1,2,5,343,180.075,1895.075,e-Shop,Footwear,Women
53476498795,274884,2/6/2013,5,3,2,241,50.61,532.61,TeleShop,Electronics,Computers
99474559867,267442,2/6/2013,11,5,-5,-609,319.725,-3364.725,MBR,Books,Children
86143547806,274293,2/6/2013,11,6,3,889,280.035,2947.035,Flagship store,Home and kitchen,Children
72183344132,272456,2/6/2013,11,6,1,1458,153.09,1611.09,e-Shop,Home and kitchen,Children
91410249731,270968,2/6/2013,5,3,4,1207,506.94,5334.94,Flagship store,Electronics,Computers
45028181300,272474,1/6/2013,1,4,5,172,90.3,950.3,e-Shop,Bags,Women
57209972560,273225,1/6/2013,3,2,1,467,49.035,516.035,e-Shop,Footwear,Kids
11550985990,267586,1/6/2013,3,5,2,330,69.3,729.3,Flagship store,Books,Kids
2924745336,268560,1/6/2013,3,5,-2,-703,147.63,-1553.63,TeleShop,Books,Kids
16446329732,270684,1/6/2013,2,6,4,1229,516.18,5432.18,Flagship store,Home and kitchen,Furnishing
53152348292,267251,1/6/2013,11,6,4,1203,505.26,5317.26,e-Shop,Home and kitchen,Children
58342675472,273744,1/6/2013,8,3,2,496,104.16,1096.16,e-Shop,Electronics,Personal Appliances
58808627772,269356,1/6/2013,1,1,5,310,162.75,1712.75,Flagship store,Clothing,Women
52339139180,266822,1/6/2013,1,1,1,1099,115.395,1214.395,TeleShop,Clothing,Women
71732615,270504,1/6/2013,4,3,1,966,101.43,1067.43,MBR,Electronics,Mens
40463670912,268744,1/6/2013,1,2,5,671,352.275,3707.275,MBR,Footwear,Women
75582558569,269308,1/6/2013,4,4,3,910,286.65,3016.65,Flagship store,Bags,Mens
80175211102,272937,1/6/2013,4,3,5,1442,757.05,7967.05,Flagship store,Electronics,Mens
94599843696,270709,1/6/2013,11,5,2,1065,223.65,2353.65,e-Shop,Books,Children
77403051651,268037,1/6/2013,9,3,3,417,131.355,1382.355,TeleShop,Electronics,Cameras
75694947115,274314,1/6/2013,12,6,1,699,73.395,772.395,Flagship store,Home and kitchen,Academic
77977648583,269150,1/6/2013,3,2,5,529,277.725,2922.725,e-Shop,Footwear,Kids
15734670509,271159,31-05-2013,4,2,1,568,59.64,627.64,TeleShop,Footwear,Mens
36942426973,270540,31-05-2013,12,5,5,460,241.5,2541.5,MBR,Books,Academic
41775158629,268536,31-05-2013,5,3,1,562,59.01,621.01,e-Shop,Electronics,Computers
28342732442,270018,31-05-2013,11,6,2,1433,300.93,3166.93,MBR,Home and kitchen,Children
26839134481,273190,31-05-2013,4,2,2,844,177.24,1865.24,TeleShop,Footwear,Mens
51092195438,272801,31-05-2013,12,5,1,904,94.92,998.92,e-Shop,Books,Academic
26110847433,266895,31-05-2013,11,5,2,1286,270.06,2842.06,e-Shop,Books,Children
14627533877,270064,31-05-2013,7,5,1,448,47.04,495.04,MBR,Books,Fiction
52555572527,266953,31-05-2013,1,4,5,926,486.15,5116.15,TeleShop,Bags,Women
35180739937,273207,31-05-2013,3,5,4,1347,565.74,5953.74,MBR,Books,Kids
12658888772,267412,31-05-2013,3,1,1,280,29.4,309.4,Flagship store,Clothing,Kids
53369318484,267325,31-05-2013,9,3,2,1441,302.61,3184.61,MBR,Electronics,Cameras
35186344052,270787,31-05-2013,8,3,5,209,109.725,1154.725,Flagship store,Electronics,Personal Appliances
61860727234,270155,31-05-2013,10,6,3,144,45.36,477.36,Flagship store,Home and kitchen,Audio and video
2647736631,268629,31-05-2013,2,6,5,1336,701.4,7381.4,MBR,Home and kitchen,Furnishing
17112928233,269545,31-05-2013,2,6,4,1192,500.64,5268.64,MBR,Home and kitchen,Furnishing
37760061580,267592,31-05-2013,4,2,5,1461,767.025,8072.025,e-Shop,Footwear,Mens
31527202055,267576,31-05-2013,3,2,4,937,393.54,4141.54,MBR,Footwear,Kids
10327937073,268245,31-05-2013,3,2,1,167,17.535,184.535,e-Shop,Footwear,Kids
73706668340,271787,31-05-2013,10,3,4,337,141.54,1489.54,e-Shop,Electronics,Audio and video
88743841801,268904,31-05-2013,10,6,5,683,358.575,3773.575,TeleShop,Home and kitchen,Audio and video
90815592535,271576,31-05-2013,10,6,-2,-445,93.45,-983.45,Flagship store,Home and kitchen,Audio and video
71700228601,273574,31-05-2013,3,5,1,671,70.455,741.455,e-Shop,Books,Kids
92228623340,267886,31-05-2013,9,3,4,961,403.62,4247.62,MBR,Electronics,Cameras
94025799800,275249,31-05-2013,10,5,3,835,263.025,2768.025,TeleShop,Books,Audio and video
72811014920,275250,31-05-2013,3,1,-4,-1443,606.06,-6378.06,e-Shop,Clothing,Kids
90418299935,274223,31-05-2013,11,6,-1,-1082,113.61,-1195.61,TeleShop,Home and kitchen,Children
79699108729,272529,31-05-2013,12,6,2,1330,279.3,2939.3,Flagship store,Home and kitchen,Academic
25397213119,267143,30-05-2013,3,2,3,1351,425.565,4478.565,MBR,Footwear,Kids
19870590120,268501,30-05-2013,1,1,4,1137,477.54,5025.54,MBR,Clothing,Women
58219214943,275159,30-05-2013,12,6,3,333,104.895,1103.895,e-Shop,Home and kitchen,Academic
61572056658,269293,30-05-2013,12,5,5,897,470.925,4955.925,e-Shop,Books,Academic
37277694306,274968,30-05-2013,11,6,4,113,47.46,499.46,TeleShop,Home and kitchen,Children
19874693727,269574,30-05-2013,2,6,3,1204,379.26,3991.26,e-Shop,Home and kitchen,Furnishing
39892916167,267776,30-05-2013,3,1,4,856,359.52,3783.52,MBR,Clothing,Kids
58687778228,275184,30-05-2013,3,5,4,1168,490.56,5162.56,MBR,Books,Kids
40609300810,271698,30-05-2013,8,3,1,374,39.27,413.27,e-Shop,Electronics,Personal Appliances
30699851302,269399,30-05-2013,1,4,1,962,101.01,1063.01,MBR,Bags,Women
45114642774,267370,30-05-2013,10,6,2,124,26.04,274.04,e-Shop,Home and kitchen,Audio and video
61371929376,269055,30-05-2013,7,5,4,1338,561.96,5913.96,TeleShop,Books,Fiction
17233773828,270272,30-05-2013,12,6,5,322,169.05,1779.05,e-Shop,Home and kitchen,Academic
62468757770,272497,30-05-2013,9,3,5,425,223.125,2348.125,Flagship store,Electronics,Cameras
73077875736,274972,30-05-2013,8,3,4,1285,539.7,5679.7,TeleShop,Electronics,Personal Appliances
82400731842,270206,30-05-2013,4,2,2,1277,268.17,2822.17,e-Shop,Footwear,Mens
95828722056,267711,30-05-2013,10,6,1,1192,125.16,1317.16,e-Shop,Home and kitchen,Audio and video
85216927568,270030,30-05-2013,1,4,2,584,122.64,1290.64,e-Shop,Bags,Women
76155687007,274590,30-05-2013,5,3,4,451,189.42,1993.42,e-Shop,Electronics,Computers
70600390175,274748,30-05-2013,2,6,1,1021,107.205,1128.205,TeleShop,Home and kitchen,Furnishing
65218090948,274902,30-05-2013,3,5,1,954,100.17,1054.17,e-Shop,Books,Kids
69544514074,269193,30-05-2013,4,3,5,1033,542.325,5707.325,e-Shop,Electronics,Mens
75680214271,267088,30-05-2013,9,3,1,442,46.41,488.41,e-Shop,Electronics,Cameras
90815592535,271576,30-05-2013,10,6,2,445,93.45,983.45,Flagship store,Home and kitchen,Audio and video
77902049080,272973,30-05-2013,10,5,2,488,102.48,1078.48,MBR,Books,Audio and video
9958170704,273141,29-05-2013,4,2,5,196,102.9,1082.9,MBR,Footwear,Mens
18820893895,270477,29-05-2013,1,2,5,1199,629.475,6624.475,TeleShop,Footwear,Women
57170982273,272535,29-05-2013,8,3,2,378,79.38,835.38,e-Shop,Electronics,Personal Appliances
6306113713,273783,29-05-2013,5,3,1,574,60.27,634.27,TeleShop,Electronics,Computers
58362273907,273936,29-05-2013,5,3,3,1453,457.695,4816.695,Flagship store,Electronics,Computers
61821483559,275069,29-05-2013,4,3,3,1472,463.68,4879.68,Flagship store,Electronics,Mens
25472059945,273125,29-05-2013,6,5,-5,-1228,644.7,-6784.7,e-Shop,Books,DIY
25272820568,267346,29-05-2013,4,2,1,256,26.88,282.88,e-Shop,Footwear,Mens
75123444181,272690,29-05-2013,8,3,3,1207,380.205,4001.205,MBR,Electronics,Personal Appliances
79297141880,269149,29-05-2013,12,6,2,775,162.75,1712.75,TeleShop,Home and kitchen,Academic
68328781392,274306,29-05-2013,7,5,4,1476,619.92,6523.92,e-Shop,Books,Fiction
95544118866,268713,29-05-2013,12,6,1,134,14.07,148.07,MBR,Home and kitchen,Academic
78833536028,270592,29-05-2013,5,3,3,1442,454.23,4780.23,Flagship store,Electronics,Computers
82517523897,272681,29-05-2013,9,3,1,506,53.13,559.13,MBR,Electronics,Cameras
96469766585,271620,29-05-2013,11,6,2,796,167.16,1759.16,e-Shop,Home and kitchen,Children
76826793795,271697,29-05-2013,10,5,2,628,131.88,1387.88,Flagship store,Books,Audio and video
18045453078,274828,28-05-2013,11,5,1,464,48.72,512.72,e-Shop,Books,Children
11641570305,268100,28-05-2013,4,1,1,712,74.76,786.76,e-Shop,Clothing,Mens
46372215498,271011,28-05-2013,5,3,2,1093,229.53,2415.53,e-Shop,Electronics,Computers
38497899532,274304,28-05-2013,4,4,1,651,68.355,719.355,Flagship store,Bags,Mens
25885721716,275034,28-05-2013,3,1,-2,-905,190.05,-2000.05,Flagship store,Clothing,Kids
15100582465,272200,28-05-2013,12,6,1,130,13.65,143.65,e-Shop,Home and kitchen,Academic
42043380325,269988,28-05-2013,11,6,5,421,221.025,2326.025,e-Shop,Home and kitchen,Children
26070759218,269442,28-05-2013,1,4,5,864,453.6,4773.6,e-Shop,Bags,Women
88402022262,266990,28-05-2013,9,3,-1,-601,63.105,-664.105,e-Shop,Electronics,Cameras
98157711281,271062,28-05-2013,10,5,3,1235,389.025,4094.025,TeleShop,Books,Audio and video
70645192510,274918,28-05-2013,1,2,5,887,465.675,4900.675,e-Shop,Footwear,Women
80021654787,272544,28-05-2013,5,3,1,141,14.805,155.805,e-Shop,Electronics,Computers
88406923008,270992,28-05-2013,4,4,5,1407,738.675,7773.675,MBR,Bags,Mens
86267556712,271389,28-05-2013,7,5,1,408,42.84,450.84,TeleShop,Books,Fiction
62207412886,272593,27-05-2013,4,1,1,982,103.11,1085.11,Flagship store,Clothing,Mens
7482652638,270506,27-05-2013,3,2,5,470,246.75,2596.75,MBR,Footwear,Kids
11120286881,270049,27-05-2013,10,5,5,1269,666.225,7011.225,e-Shop,Books,Audio and video
6423065719,273767,27-05-2013,3,2,4,243,102.06,1074.06,e-Shop,Footwear,Kids
54343543507,269836,27-05-2013,4,3,3,589,185.535,1952.535,TeleShop,Electronics,Mens
5019577370,274740,27-05-2013,4,2,1,527,55.335,582.335,MBR,Footwear,Mens
14587347040,268928,27-05-2013,4,4,5,1389,729.225,7674.225,TeleShop,Bags,Mens
8884890176,270927,27-05-2013,1,1,-4,-828,347.76,-3659.76,Flagship store,Clothing,Women
13780916550,270764,27-05-2013,3,2,2,405,85.05,895.05,e-Shop,Footwear,Kids
61269754975,273903,27-05-2013,11,6,5,885,464.625,4889.625,MBR,Home and kitchen,Children
24737387541,274689,27-05-2013,8,3,-5,-799,419.475,-4414.475,Flagship store,Electronics,Personal Appliances
17104881688,270327,27-05-2013,11,5,4,1163,488.46,5140.46,MBR,Books,Children
16032809239,269370,27-05-2013,1,1,-4,-142,59.64,-627.64,e-Shop,Clothing,Women
61225550606,272261,27-05-2013,1,4,5,124,65.1,685.1,MBR,Bags,Women
83677393038,273917,27-05-2013,1,2,3,1448,456.12,4800.12,TeleShop,Footwear,Women
82506645391,275250,27-05-2013,4,2,4,487,204.54,2152.54,e-Shop,Footwear,Mens
76852732093,269485,27-05-2013,5,3,3,494,155.61,1637.61,e-Shop,Electronics,Computers
90418299935,274223,27-05-2013,11,6,1,1082,113.61,1195.61,TeleShop,Home and kitchen,Children
89974042894,273528,27-05-2013,4,2,3,829,261.135,2748.135,MBR,Footwear,Mens
72862216402,269711,27-05-2013,11,5,5,1166,612.15,6442.15,MBR,Books,Children
73495679998,273980,27-05-2013,5,3,2,99,20.79,218.79,Flagship store,Electronics,Computers
31105354341,266889,26-05-2013,3,2,4,573,240.66,2532.66,e-Shop,Footwear,Kids
27176112285,270551,26-05-2013,7,5,3,1124,354.06,3726.06,TeleShop,Books,Fiction
55849153196,267103,26-05-2013,4,4,1,1440,151.2,1591.2,e-Shop,Bags,Mens
45868352368,274722,26-05-2013,8,3,5,1387,728.175,7663.175,Flagship store,Electronics,Personal Appliances
12638497620,267018,26-05-2013,1,1,2,227,47.67,501.67,TeleShop,Clothing,Women
11279517942,275249,26-05-2013,6,5,1,603,63.315,666.315,Flagship store,Books,DIY
86075782748,274602,26-05-2013,10,3,3,747,235.305,2476.305,Flagship store,Electronics,Audio and video
78797839165,273836,26-05-2013,10,3,3,489,154.035,1621.035,e-Shop,Electronics,Audio and video
89630078078,274507,26-05-2013,5,3,3,501,157.815,1660.815,Flagship store,Electronics,Computers
93082821737,271406,26-05-2013,4,4,2,95,19.95,209.95,TeleShop,Bags,Mens
82374188667,273582,26-05-2013,4,2,-4,-594,249.48,-2625.48,MBR,Footwear,Mens
51278252909,266829,25-05-2013,9,3,2,1475,309.75,3259.75,e-Shop,Electronics,Cameras
24289505854,273638,25-05-2013,11,5,1,622,65.31,687.31,e-Shop,Books,Children
25452333608,267978,25-05-2013,3,5,2,793,166.53,1752.53,Flagship store,Books,Kids
25885721716,275034,25-05-2013,3,1,2,905,190.05,2000.05,Flagship store,Clothing,Kids
57961006772,270461,25-05-2013,4,2,3,549,172.935,1819.935,e-Shop,Footwear,Mens
29045976742,275252,25-05-2013,4,2,5,1171,614.775,6469.775,Flagship store,Footwear,Mens
44269419215,268663,25-05-2013,3,5,1,682,71.61,753.61,MBR,Books,Kids
51514644394,273997,25-05-2013,10,5,2,1380,289.8,3049.8,TeleShop,Books,Audio and video
13404978136,273740,25-05-2013,10,5,-3,-619,194.985,-2051.985,MBR,Books,Audio and video
30240830638,275247,25-05-2013,4,1,1,506,53.13,559.13,TeleShop,Clothing,Mens
9241214447,270892,25-05-2013,11,6,2,741,155.61,1637.61,e-Shop,Home and kitchen,Children
39990804871,268169,25-05-2013,2,6,1,169,17.745,186.745,MBR,Home and kitchen,Furnishing
47858375635,270725,25-05-2013,4,3,2,263,55.23,581.23,e-Shop,Electronics,Mens
35643959064,272344,25-05-2013,12,5,3,814,256.41,2698.41,e-Shop,Books,Academic
35499040573,272951,25-05-2013,11,6,3,244,76.86,808.86,MBR,Home and kitchen,Children
21994764593,267033,25-05-2013,9,3,3,631,198.765,2091.765,Flagship store,Electronics,Cameras
42241774991,269864,25-05-2013,1,4,2,224,47.04,495.04,Flagship store,Bags,Women
17719319375,266878,25-05-2013,12,5,5,480,252,2652,MBR,Books,Academic
30747011172,272566,25-05-2013,10,3,3,780,245.7,2585.7,e-Shop,Electronics,Audio and video
61964330962,272878,25-05-2013,7,5,2,658,138.18,1454.18,TeleShop,Books,Fiction
89459146605,275062,25-05-2013,2,6,-5,-502,263.55,-2773.55,e-Shop,Home and kitchen,Furnishing
99474559867,267442,25-05-2013,11,5,5,609,319.725,3364.725,MBR,Books,Children
98074148102,269655,25-05-2013,10,3,1,1154,121.17,1275.17,TeleShop,Electronics,Audio and video
88375711999,270641,25-05-2013,10,3,5,622,326.55,3436.55,TeleShop,Electronics,Audio and video
78647525111,272598,25-05-2013,5,3,4,819,343.98,3619.98,MBR,Electronics,Computers
66233701964,271760,25-05-2013,6,5,3,350,110.25,1160.25,e-Shop,Books,DIY
7574324714,272981,24-05-2013,4,1,4,1071,449.82,4733.82,Flagship store,Clothing,Mens
38652726705,271232,24-05-2013,10,3,-2,-438,91.98,-967.98,e-Shop,Electronics,Audio and video
38911404871,271961,24-05-2013,12,5,4,1116,468.72,4932.72,Flagship store,Books,Academic
27530780794,269449,24-05-2013,7,5,1,1460,153.3,1613.3,e-Shop,Books,Fiction
24188542835,271793,24-05-2013,4,3,-4,-1034,434.28,-4570.28,e-Shop,Electronics,Mens
30603066027,268620,24-05-2013,4,2,3,1268,399.42,4203.42,TeleShop,Footwear,Mens
10806339549,272653,24-05-2013,10,5,3,451,142.065,1495.065,Flagship store,Books,Audio and video
16032809239,269370,24-05-2013,1,1,4,142,59.64,627.64,e-Shop,Clothing,Women
18949095905,268649,24-05-2013,3,1,5,576,302.4,3182.4,TeleShop,Clothing,Kids
55674141231,274072,24-05-2013,3,5,1,1116,117.18,1233.18,e-Shop,Books,Kids
42366078902,271452,24-05-2013,10,3,5,589,309.225,3254.225,e-Shop,Electronics,Audio and video
22516933260,267024,24-05-2013,9,3,1,789,82.845,871.845,e-Shop,Electronics,Cameras
57470226112,270037,24-05-2013,12,5,4,1039,436.38,4592.38,e-Shop,Books,Academic
8884890176,270927,24-05-2013,1,1,4,828,347.76,3659.76,Flagship store,Clothing,Women
2924745336,268560,24-05-2013,3,5,2,703,147.63,1553.63,TeleShop,Books,Kids
11510267966,271410,24-05-2013,1,4,1,293,30.765,323.765,TeleShop,Bags,Women
69390299041,272493,24-05-2013,6,5,4,226,94.92,998.92,MBR,Books,DIY
86719910513,269673,24-05-2013,1,1,2,475,99.75,1049.75,e-Shop,Clothing,Women
83830289635,274559,24-05-2013,3,2,4,1004,421.68,4437.68,Flagship store,Footwear,Kids
1635378848,273515,23-05-2013,8,3,2,695,145.95,1535.95,MBR,Electronics,Personal Appliances
28345780851,267592,23-05-2013,3,2,5,146,76.65,806.65,e-Shop,Footwear,Kids
20997788255,269140,23-05-2013,4,3,1,1442,151.41,1593.41,TeleShop,Electronics,Mens
41573758427,270330,23-05-2013,11,6,3,760,239.4,2519.4,e-Shop,Home and kitchen,Children
7453155341,266986,23-05-2013,10,6,4,1034,434.28,4570.28,Flagship store,Home and kitchen,Audio and video
19592255938,271116,23-05-2013,3,5,2,151,31.71,333.71,e-Shop,Books,Kids
29500164975,271181,23-05-2013,1,1,3,1338,421.47,4435.47,e-Shop,Clothing,Women
45594809662,270768,23-05-2013,4,2,-2,-1478,310.38,-3266.38,MBR,Footwear,Mens
53320433256,271509,23-05-2013,10,5,3,1026,323.19,3401.19,e-Shop,Books,Audio and video
76242744953,267657,23-05-2013,7,5,4,1020,428.4,4508.4,e-Shop,Books,Fiction
88402022262,266990,23-05-2013,9,3,1,601,63.105,664.105,e-Shop,Electronics,Cameras
92999358997,272978,23-05-2013,11,6,2,94,19.74,207.74,Flagship store,Home and kitchen,Children
83578065140,270944,23-05-2013,3,5,4,680,285.6,3005.6,TeleShop,Books,Kids
24188542835,271793,22-05-2013,4,3,4,1034,434.28,4570.28,e-Shop,Electronics,Mens
11953665110,267618,22-05-2013,6,5,4,975,409.5,4309.5,MBR,Books,DIY
14977523330,268131,22-05-2013,3,2,3,1074,338.31,3560.31,Flagship store,Footwear,Kids
9365403988,271092,22-05-2013,2,6,1,392,41.16,433.16,Flagship store,Home and kitchen,Furnishing
48194608868,274552,22-05-2013,12,6,3,170,53.55,563.55,TeleShop,Home and kitchen,Academic
59759186238,274825,22-05-2013,4,3,1,591,62.055,653.055,e-Shop,Electronics,Mens
35355959488,267757,22-05-2013,1,1,1,1365,143.325,1508.325,e-Shop,Clothing,Women
5992076815,273052,22-05-2013,3,5,1,1247,130.935,1377.935,e-Shop,Books,Kids
11654377978,274008,22-05-2013,7,5,4,858,360.36,3792.36,e-Shop,Books,Fiction
39121446398,267347,22-05-2013,10,5,1,696,73.08,769.08,TeleShop,Books,Audio and video
23104638415,269573,22-05-2013,4,1,3,557,175.455,1846.455,e-Shop,Clothing,Mens
38652726705,271232,22-05-2013,10,3,-2,-438,91.98,-967.98,e-Shop,Electronics,Audio and video
89940055812,268092,22-05-2013,10,3,1,477,50.085,527.085,MBR,Electronics,Audio and video
90633527113,267977,22-05-2013,3,5,1,1094,114.87,1208.87,e-Shop,Books,Kids
82232050985,269279,22-05-2013,10,6,5,1371,719.775,7574.775,e-Shop,Home and kitchen,Audio and video
73912255375,268929,22-05-2013,3,5,3,1220,384.3,4044.3,TeleShop,Books,Kids
99148563126,269266,22-05-2013,1,4,4,798,335.16,3527.16,Flagship store,Bags,Women
80605721419,274829,22-05-2013,3,5,-4,-1051,441.42,-4645.42,e-Shop,Books,Kids
97893200780,273882,22-05-2013,5,3,3,1398,440.37,4634.37,e-Shop,Electronics,Computers
80615805759,271347,22-05-2013,1,4,-5,-1079,566.475,-5961.475,TeleShop,Bags,Women
78438171656,268141,22-05-2013,1,4,5,219,114.975,1209.975,e-Shop,Bags,Women
72811014920,275250,22-05-2013,3,1,4,1443,606.06,6378.06,e-Shop,Clothing,Kids
17394995383,268690,21-05-2013,9,3,-3,-815,256.725,-2701.725,e-Shop,Electronics,Cameras
59401929793,268048,21-05-2013,11,6,1,920,96.6,1016.6,e-Shop,Home and kitchen,Children
24737387541,274689,21-05-2013,8,3,5,799,419.475,4414.475,Flagship store,Electronics,Personal Appliances
25472059945,273125,21-05-2013,6,5,5,1228,644.7,6784.7,e-Shop,Books,DIY
38137717668,269228,21-05-2013,4,4,3,495,155.925,1640.925,e-Shop,Bags,Mens
65032513653,268812,21-05-2013,10,5,2,1347,282.87,2976.87,e-Shop,Books,Audio and video
97096641322,269910,21-05-2013,1,1,4,138,57.96,609.96,TeleShop,Clothing,Women
96545543265,270092,21-05-2013,6,5,1,1020,107.1,1127.1,e-Shop,Books,DIY
67440199311,272136,21-05-2013,10,3,1,253,26.565,279.565,TeleShop,Electronics,Audio and video
89459146605,275062,21-05-2013,2,6,5,502,263.55,2773.55,e-Shop,Home and kitchen,Furnishing
20152722328,270700,20-05-2013,7,5,4,1271,533.82,5617.82,MBR,Books,Fiction
34146248276,272742,20-05-2013,9,3,1,257,26.985,283.985,e-Shop,Electronics,Cameras
12633760540,267989,20-05-2013,4,1,5,679,356.475,3751.475,MBR,Clothing,Mens
51508824668,270375,20-05-2013,10,5,2,945,198.45,2088.45,TeleShop,Books,Audio and video
41103350641,271145,20-05-2013,5,3,5,609,319.725,3364.725,MBR,Electronics,Computers
53318125153,270710,20-05-2013,4,3,2,204,42.84,450.84,e-Shop,Electronics,Mens
5235645075,274604,20-05-2013,11,5,4,337,141.54,1489.54,TeleShop,Books,Children
60053290315,269760,20-05-2013,9,3,5,448,235.2,2475.2,e-Shop,Electronics,Cameras
7896205881,274048,20-05-2013,10,6,4,176,73.92,777.92,e-Shop,Home and kitchen,Audio and video
32706381309,269933,20-05-2013,3,1,3,736,231.84,2439.84,Flagship store,Clothing,Kids
78423059770,267165,20-05-2013,1,4,3,194,61.11,643.11,TeleShop,Bags,Women
82502296161,273229,20-05-2013,3,2,4,775,325.5,3425.5,e-Shop,Footwear,Kids
90551822442,269079,20-05-2013,1,4,2,262,55.02,579.02,TeleShop,Bags,Women
76281881434,273437,20-05-2013,3,2,4,446,187.32,1971.32,e-Shop,Footwear,Kids
85941928941,267674,20-05-2013,2,6,1,824,86.52,910.52,TeleShop,Home and kitchen,Furnishing
77153957995,273815,20-05-2013,2,6,-5,-352,184.8,-1944.8,MBR,Home and kitchen,Furnishing
77129977926,267739,20-05-2013,8,3,5,293,153.825,1618.825,e-Shop,Electronics,Personal Appliances
79320514253,272079,20-05-2013,5,3,5,725,380.625,4005.625,e-Shop,Electronics,Computers
85844134703,273999,20-05-2013,2,6,4,90,37.8,397.8,e-Shop,Home and kitchen,Furnishing
13390505618,274077,19-05-2013,4,1,2,595,124.95,1314.95,Flagship store,Clothing,Mens
24491886186,273733,19-05-2013,1,2,5,1359,713.475,7508.475,e-Shop,Footwear,Women
31098760037,268295,19-05-2013,10,5,5,1197,628.425,6613.425,MBR,Books,Audio and video
31236495262,267224,19-05-2013,11,5,4,1490,625.8,6585.8,e-Shop,Books,Children
13404978136,273740,19-05-2013,10,5,3,619,194.985,2051.985,MBR,Books,Audio and video
44990729454,268922,19-05-2013,4,1,5,563,295.575,3110.575,e-Shop,Clothing,Mens
1964651822,267712,19-05-2013,10,6,4,73,30.66,322.66,e-Shop,Home and kitchen,Audio and video
39178054571,267757,19-05-2013,5,3,3,438,137.97,1451.97,Flagship store,Electronics,Computers
16269224671,274003,19-05-2013,3,5,5,236,123.9,1303.9,e-Shop,Books,Kids
20159118464,268204,19-05-2013,10,6,5,542,284.55,2994.55,e-Shop,Home and kitchen,Audio and video
12805482533,266861,19-05-2013,4,2,5,996,522.9,5502.9,e-Shop,Footwear,Mens
13762100363,269723,19-05-2013,3,1,5,1151,604.275,6359.275,MBR,Clothing,Kids
51277481778,270983,19-05-2013,11,5,1,1199,125.895,1324.895,Flagship store,Books,Children
39876884094,271839,19-05-2013,5,3,5,867,455.175,4790.175,e-Shop,Electronics,Computers
53467714946,271563,19-05-2013,2,6,2,1395,292.95,3082.95,TeleShop,Home and kitchen,Furnishing
51696786862,272961,19-05-2013,3,1,1,1054,110.67,1164.67,TeleShop,Clothing,Kids
54239890528,272327,19-05-2013,5,3,2,138,28.98,304.98,MBR,Electronics,Computers
74135573142,272358,19-05-2013,10,3,2,778,163.38,1719.38,Flagship store,Electronics,Audio and video
71661659941,269978,19-05-2013,4,4,-5,-170,89.25,-939.25,e-Shop,Bags,Mens
82869460517,270478,19-05-2013,4,4,1,351,36.855,387.855,e-Shop,Bags,Mens
80605721419,274829,19-05-2013,3,5,4,1051,441.42,4645.42,e-Shop,Books,Kids
79434153297,274260,19-05-2013,11,5,3,1009,317.835,3344.835,TeleShop,Books,Children
81943842921,271500,19-05-2013,7,5,-5,-1103,579.075,-6094.075,e-Shop,Books,Fiction
83647002602,268746,19-05-2013,3,2,4,1070,449.4,4729.4,e-Shop,Footwear,Kids
20410784137,272437,18-05-2013,12,5,4,206,86.52,910.52,e-Shop,Books,Academic
39420871451,271355,18-05-2013,4,4,3,1131,356.265,3749.265,e-Shop,Bags,Mens
11657270976,270722,18-05-2013,10,6,-4,-321,134.82,-1418.82,MBR,Home and kitchen,Audio and video
53210109647,269983,18-05-2013,12,6,2,732,153.72,1617.72,e-Shop,Home and kitchen,Academic
57005631288,274940,18-05-2013,1,4,5,611,320.775,3375.775,TeleShop,Bags,Women
51928562300,270447,18-05-2013,6,5,5,428,224.7,2364.7,TeleShop,Books,DIY
9829996741,268804,18-05-2013,4,2,5,382,200.55,2110.55,MBR,Footwear,Mens
29543177615,274155,18-05-2013,7,5,5,859,450.975,4745.975,Flagship store,Books,Fiction
31562100147,274701,18-05-2013,1,2,2,995,208.95,2198.95,Flagship store,Footwear,Women
5437953581,274519,18-05-2013,9,3,5,156,81.9,861.9,e-Shop,Electronics,Cameras
82374188667,273582,18-05-2013,4,2,4,594,249.48,2625.48,MBR,Footwear,Mens
81853387406,273423,18-05-2013,5,3,2,630,132.3,1392.3,e-Shop,Electronics,Computers
66202207040,272699,18-05-2013,3,5,3,927,292.005,3073.005,Flagship store,Books,Kids
81579958718,267117,18-05-2013,7,5,2,956,200.76,2112.76,TeleShop,Books,Fiction
64482838122,267680,18-05-2013,11,5,3,706,222.39,2340.39,TeleShop,Books,Children
77933614379,275051,18-05-2013,5,3,5,1095,574.875,6049.875,e-Shop,Electronics,Computers
67922934951,274045,18-05-2013,12,5,4,388,162.96,1714.96,MBR,Books,Academic
87082696634,274320,18-05-2013,4,1,3,249,78.435,825.435,Flagship store,Clothing,Mens
80615805759,271347,18-05-2013,1,4,5,1079,566.475,5961.475,TeleShop,Bags,Women
73550371684,271789,18-05-2013,1,1,4,125,52.5,552.5,e-Shop,Clothing,Women
51328373319,271599,17-05-2013,4,2,4,442,185.64,1953.64,e-Shop,Footwear,Mens
3786229266,273716,17-05-2013,12,6,1,1317,138.285,1455.285,TeleShop,Home and kitchen,Academic
27254320090,270540,17-05-2013,4,1,3,719,226.485,2383.485,Flagship store,Clothing,Mens
60487199678,274970,17-05-2013,4,1,2,1458,306.18,3222.18,MBR,Clothing,Mens
18156603928,269766,17-05-2013,8,3,2,524,110.04,1158.04,Flagship store,Electronics,Personal Appliances
38743792694,271866,17-05-2013,4,2,2,598,125.58,1321.58,e-Shop,Footwear,Mens
44794752153,270571,17-05-2013,2,6,5,176,92.4,972.4,Flagship store,Home and kitchen,Furnishing
52214339586,273903,17-05-2013,4,2,1,164,17.22,181.22,Flagship store,Footwear,Mens
55335235328,267950,17-05-2013,3,1,5,678,355.95,3745.95,TeleShop,Clothing,Kids
8469216926,270964,17-05-2013,11,6,-5,-817,428.925,-4513.925,Flagship store,Home and kitchen,Children
58104456521,269536,17-05-2013,4,1,2,1315,276.15,2906.15,TeleShop,Clothing,Mens
10376446548,269962,17-05-2013,1,2,2,1441,302.61,3184.61,Flagship store,Footwear,Women
42380373227,267387,17-05-2013,5,3,1,1363,143.115,1506.115,Flagship store,Electronics,Computers
12364671817,267863,17-05-2013,3,5,3,1446,455.49,4793.49,MBR,Books,Kids
55801435134,270455,17-05-2013,8,3,3,1051,331.065,3484.065,e-Shop,Electronics,Personal Appliances
51361228373,274719,17-05-2013,3,5,1,568,59.64,627.64,e-Shop,Books,Kids
93339940797,266945,17-05-2013,10,5,4,452,189.84,1997.84,TeleShop,Books,Audio and video
77432338024,268595,17-05-2013,3,2,-4,-1242,521.64,-5489.64,e-Shop,Footwear,Kids
83099755090,268323,17-05-2013,4,2,4,614,257.88,2713.88,TeleShop,Footwear,Mens
77709015793,269932,17-05-2013,11,5,5,1368,718.2,7558.2,TeleShop,Books,Children
64863103574,268333,17-05-2013,3,2,-5,-1160,609,-6409,MBR,Footwear,Kids
87400704484,272197,17-05-2013,9,3,3,1088,342.72,3606.72,e-Shop,Electronics,Cameras
90138143831,273151,17-05-2013,3,5,5,397,208.425,2193.425,e-Shop,Books,Kids
71900965128,266957,17-05-2013,4,1,-5,-1474,773.85,-8143.85,Flagship store,Clothing,Mens
38652726705,271232,16-05-2013,10,3,2,438,91.98,967.98,e-Shop,Electronics,Audio and video
57535120638,270184,16-05-2013,6,5,1,1005,105.525,1110.525,e-Shop,Books,DIY
37539876878,270615,16-05-2013,3,2,5,799,419.475,4414.475,Flagship store,Footwear,Kids
26628462874,273146,16-05-2013,4,1,4,850,357,3757,e-Shop,Clothing,Mens
33890194793,275188,16-05-2013,6,5,2,475,99.75,1049.75,e-Shop,Books,DIY
10655297547,273647,16-05-2013,4,2,1,761,79.905,840.905,TeleShop,Footwear,Mens
93327982082,270012,16-05-2013,4,2,2,1355,284.55,2994.55,e-Shop,Footwear,Mens
83163564639,274525,16-05-2013,4,2,-3,-1498,471.87,-4965.87,e-Shop,Footwear,Mens
71900965128,266957,16-05-2013,4,1,5,1474,773.85,8143.85,Flagship store,Clothing,Mens
77432338024,268595,16-05-2013,3,2,4,1242,521.64,5489.64,e-Shop,Footwear,Kids
69086099140,275066,16-05-2013,4,3,2,1226,257.46,2709.46,e-Shop,Electronics,Mens
66155704306,273647,16-05-2013,10,3,5,1102,578.55,6088.55,e-Shop,Electronics,Audio and video
62042195114,274452,15-05-2013,10,5,5,713,374.325,3939.325,MBR,Books,Audio and video
10326598239,268827,15-05-2013,1,1,2,1343,282.03,2968.03,Flagship store,Clothing,Women
34218980016,275151,15-05-2013,10,6,5,86,45.15,475.15,e-Shop,Home and kitchen,Audio and video
3861568491,272852,15-05-2013,11,5,4,621,260.82,2744.82,e-Shop,Books,Children
38183613075,271969,15-05-2013,4,2,5,562,295.05,3105.05,MBR,Footwear,Mens
31186303016,267978,15-05-2013,9,3,-4,-1065,447.3,-4707.3,e-Shop,Electronics,Cameras
29714966830,274476,15-05-2013,5,3,1,602,63.21,665.21,Flagship store,Electronics,Computers
31186458840,268975,15-05-2013,3,1,1,134,14.07,148.07,Flagship store,Clothing,Kids
6254948639,270458,15-05-2013,11,6,3,230,72.45,762.45,Flagship store,Home and kitchen,Children
41464036431,273640,15-05-2013,11,5,5,150,78.75,828.75,Flagship store,Books,Children
90769815231,270985,15-05-2013,6,5,5,1319,692.475,7287.475,TeleShop,Books,DIY
94020503694,269015,15-05-2013,10,5,1,499,52.395,551.395,e-Shop,Books,Audio and video
71054941543,270926,15-05-2013,10,3,3,330,103.95,1093.95,e-Shop,Electronics,Audio and video
93914468959,271205,15-05-2013,6,5,3,947,298.305,3139.305,e-Shop,Books,DIY
77117552856,269612,15-05-2013,12,5,2,900,189,1989,MBR,Books,Academic
92123824348,272434,15-05-2013,10,5,1,1364,143.22,1507.22,MBR,Books,Audio and video
78892031733,269518,15-05-2013,10,6,4,586,246.12,2590.12,TeleShop,Home and kitchen,Audio and video
68665886992,271139,15-05-2013,4,3,4,138,57.96,609.96,Flagship store,Electronics,Mens
13876007674,273853,14-05-2013,3,1,4,838,351.96,3703.96,MBR,Clothing,Kids
46335987779,269742,14-05-2013,12,5,1,1421,149.205,1570.205,Flagship store,Books,Academic
26259694158,269606,14-05-2013,1,1,1,749,78.645,827.645,e-Shop,Clothing,Women
17150275153,275088,14-05-2013,2,6,1,417,43.785,460.785,MBR,Home and kitchen,Furnishing
26540766822,273656,14-05-2013,1,1,2,621,130.41,1372.41,e-Shop,Clothing,Women
11129422308,267792,14-05-2013,4,3,4,1281,538.02,5662.02,e-Shop,Electronics,Mens
42860690262,271501,14-05-2013,4,2,1,796,83.58,879.58,TeleShop,Footwear,Mens
10903656964,267656,14-05-2013,3,2,3,812,255.78,2691.78,e-Shop,Footwear,Kids
24395622543,272093,14-05-2013,5,3,1,1336,140.28,1476.28,Flagship store,Electronics,Computers
47322157422,273861,14-05-2013,10,3,3,332,104.58,1100.58,e-Shop,Electronics,Audio and video
10790656905,273095,14-05-2013,11,6,4,648,272.16,2864.16,TeleShop,Home and kitchen,Children
36557575535,273930,14-05-2013,8,3,3,993,312.795,3291.795,TeleShop,Electronics,Personal Appliances
45594809662,270768,14-05-2013,4,2,2,1478,310.38,3266.38,MBR,Footwear,Mens
22685510191,269200,14-05-2013,1,4,4,1377,578.34,6086.34,e-Shop,Bags,Women
7437721035,266895,14-05-2013,5,3,3,1035,326.025,3431.025,MBR,Electronics,Computers
50617973308,271635,14-05-2013,4,4,1,1366,143.43,1509.43,e-Shop,Bags,Mens
81943842921,271500,14-05-2013,7,5,5,1103,579.075,6094.075,e-Shop,Books,Fiction
80283848357,267661,14-05-2013,3,1,-1,-1247,130.935,-1377.935,e-Shop,Clothing,Kids
87545241767,275151,14-05-2013,7,5,5,1456,764.4,8044.4,Flagship store,Books,Fiction
85966072491,269372,14-05-2013,12,6,3,508,160.02,1684.02,TeleShop,Home and kitchen,Academic
78652385419,271764,14-05-2013,4,4,1,1264,132.72,1396.72,e-Shop,Bags,Mens
79960195196,271184,14-05-2013,9,3,-4,-1268,532.56,-5604.56,MBR,Electronics,Cameras
72381832004,270324,14-05-2013,1,4,2,375,78.75,828.75,e-Shop,Bags,Women
13510066835,271442,13-05-2013,10,6,4,385,161.7,1701.7,MBR,Home and kitchen,Audio and video
25150367393,267975,13-05-2013,3,5,4,566,237.72,2501.72,Flagship store,Books,Kids
22052088755,269422,13-05-2013,11,5,5,448,235.2,2475.2,MBR,Books,Children
44419342965,273615,13-05-2013,12,6,4,1358,570.36,6002.36,TeleShop,Home and kitchen,Academic
11557620264,267306,13-05-2013,11,6,5,1144,600.6,6320.6,TeleShop,Home and kitchen,Children
12765080491,273615,13-05-2013,4,4,4,948,398.16,4190.16,Flagship store,Bags,Mens
1118268231,273099,13-05-2013,3,5,1,703,73.815,776.815,MBR,Books,Kids
34564305508,272098,13-05-2013,12,5,4,185,77.7,817.7,Flagship store,Books,Academic
11988496350,270274,13-05-2013,3,5,1,1432,150.36,1582.36,e-Shop,Books,Kids
69287442746,269573,13-05-2013,4,3,1,457,47.985,504.985,MBR,Electronics,Mens
97899644092,270775,13-05-2013,4,4,3,146,45.99,483.99,TeleShop,Bags,Mens
81299333982,268819,13-05-2013,5,3,2,166,34.86,366.86,MBR,Electronics,Computers
83123119780,274647,13-05-2013,12,6,5,946,496.65,5226.65,MBR,Home and kitchen,Academic
94720267315,274114,13-05-2013,11,6,3,1435,452.025,4757.025,MBR,Home and kitchen,Children
70205672373,274177,13-05-2013,11,6,5,1452,762.3,8022.3,e-Shop,Home and kitchen,Children
74833059040,270967,13-05-2013,10,5,4,424,178.08,1874.08,e-Shop,Books,Audio and video
87138334291,272098,13-05-2013,12,5,5,539,282.975,2977.975,MBR,Books,Academic
81795658122,269612,13-05-2013,1,1,-5,-465,244.125,-2569.125,Flagship store,Clothing,Women
24153046446,274148,12/5/2013,3,2,3,1054,332.01,3494.01,TeleShop,Footwear,Kids
21655156471,274331,12/5/2013,1,4,1,1105,116.025,1221.025,MBR,Bags,Women
14170058401,268874,12/5/2013,11,5,3,1014,319.41,3361.41,MBR,Books,Children
203539646,268501,12/5/2013,1,4,1,321,33.705,354.705,e-Shop,Bags,Women
239004395,269368,12/5/2013,7,5,5,969,508.725,5353.725,e-Shop,Books,Fiction
23188086967,272045,12/5/2013,4,3,4,1438,603.96,6355.96,MBR,Electronics,Mens
8469216926,270964,12/5/2013,11,6,5,817,428.925,4513.925,Flagship store,Home and kitchen,Children
672390318,274073,12/5/2013,3,2,2,1242,260.82,2744.82,e-Shop,Footwear,Kids
61784242540,270776,12/5/2013,12,5,5,1094,574.35,6044.35,TeleShop,Books,Academic
18210547884,267639,12/5/2013,10,6,-2,-525,110.25,-1160.25,TeleShop,Home and kitchen,Audio and video
17394995383,268690,12/5/2013,9,3,3,815,256.725,2701.725,e-Shop,Electronics,Cameras
54452812029,274638,12/5/2013,6,5,1,1160,121.8,1281.8,e-Shop,Books,DIY
51895007805,270738,12/5/2013,4,3,1,1136,119.28,1255.28,e-Shop,Electronics,Mens
62442064638,272513,12/5/2013,4,1,5,400,210,2210,e-Shop,Clothing,Mens
23868573110,273728,12/5/2013,2,6,5,172,90.3,950.3,e-Shop,Home and kitchen,Furnishing
2550485218,271042,12/5/2013,1,4,4,1484,623.28,6559.28,e-Shop,Bags,Women
52524582196,269791,12/5/2013,11,6,3,680,214.2,2254.2,TeleShop,Home and kitchen,Children
155580963,270998,12/5/2013,6,5,4,577,242.34,2550.34,e-Shop,Books,DIY
79988141985,269060,12/5/2013,1,1,2,791,166.11,1748.11,Flagship store,Clothing,Women
71661659941,269978,12/5/2013,4,4,5,170,89.25,939.25,e-Shop,Bags,Mens
96371951507,270830,12/5/2013,2,6,2,726,152.46,1604.46,MBR,Home and kitchen,Furnishing
71239544929,272922,12/5/2013,4,3,3,996,313.74,3301.74,Flagship store,Electronics,Mens
83163564639,274525,12/5/2013,4,2,3,1498,471.87,4965.87,e-Shop,Footwear,Mens
65166098845,268897,12/5/2013,2,6,5,484,254.1,2674.1,Flagship store,Home and kitchen,Furnishing
18970114223,272730,11/5/2013,10,6,2,806,169.26,1781.26,e-Shop,Home and kitchen,Audio and video
12514449477,268635,11/5/2013,10,6,-5,-116,60.9,-640.9,Flagship store,Home and kitchen,Audio and video
24788872162,275167,11/5/2013,1,4,3,647,203.805,2144.805,Flagship store,Bags,Women
11882435235,270111,11/5/2013,5,3,5,480,252,2652,e-Shop,Electronics,Computers
788829382,270571,11/5/2013,1,2,-5,-921,483.525,-5088.525,Flagship store,Footwear,Women
50139060955,267067,11/5/2013,12,6,4,1258,528.36,5560.36,TeleShop,Home and kitchen,Academic
7073244,269640,11/5/2013,12,5,4,1385,581.7,6121.7,MBR,Books,Academic
32517269088,274665,11/5/2013,4,3,1,213,22.365,235.365,e-Shop,Electronics,Mens
56529309181,266931,11/5/2013,1,2,2,1072,225.12,2369.12,e-Shop,Footwear,Women
23084567472,270486,11/5/2013,10,6,3,1486,468.09,4926.09,TeleShop,Home and kitchen,Audio and video
90979118861,268372,11/5/2013,2,6,5,346,181.65,1911.65,e-Shop,Home and kitchen,Furnishing
81609496503,269967,11/5/2013,1,4,5,1017,533.925,5618.925,TeleShop,Bags,Women
78168248535,272262,11/5/2013,6,5,1,175,18.375,193.375,TeleShop,Books,DIY
79960195196,271184,11/5/2013,9,3,4,1268,532.56,5604.56,MBR,Electronics,Cameras
67034493791,274862,11/5/2013,11,6,3,1356,427.14,4495.14,e-Shop,Home and kitchen,Children
90508387093,272618,11/5/2013,11,5,4,629,264.18,2780.18,MBR,Books,Children
72075315671,274681,11/5/2013,1,4,5,253,132.825,1397.825,MBR,Bags,Women
64863103574,268333,11/5/2013,3,2,5,1160,609,6409,MBR,Footwear,Kids
88938305192,272261,11/5/2013,4,1,4,568,238.56,2510.56,TeleShop,Clothing,Mens
77153957995,273815,11/5/2013,2,6,5,352,184.8,1944.8,MBR,Home and kitchen,Furnishing
34454916141,273357,10/5/2013,1,1,3,1355,426.825,4491.825,Flagship store,Clothing,Women
6569097569,270067,10/5/2013,5,3,3,331,104.265,1097.265,Flagship store,Electronics,Computers
53413200937,270792,10/5/2013,10,5,2,1101,231.21,2433.21,e-Shop,Books,Audio and video
47484569585,274806,10/5/2013,1,1,4,817,343.14,3611.14,MBR,Clothing,Women
4247315616,269047,10/5/2013,7,5,2,549,115.29,1213.29,e-Shop,Books,Fiction
35082416749,274380,10/5/2013,2,6,5,1005,527.625,5552.625,e-Shop,Home and kitchen,Furnishing
25501554322,272683,10/5/2013,11,6,5,211,110.775,1165.775,MBR,Home and kitchen,Children
15388942719,267462,10/5/2013,1,1,5,658,345.45,3635.45,Flagship store,Clothing,Women
57332517138,271360,10/5/2013,11,6,2,558,117.18,1233.18,e-Shop,Home and kitchen,Children
31690822608,274685,10/5/2013,11,6,2,546,114.66,1206.66,MBR,Home and kitchen,Children
17985039443,266975,10/5/2013,7,5,5,1426,748.65,7878.65,MBR,Books,Fiction
97336003928,267268,10/5/2013,9,3,1,184,19.32,203.32,e-Shop,Electronics,Cameras
70238464266,268928,10/5/2013,10,3,4,865,363.3,3823.3,TeleShop,Electronics,Audio and video
87641422809,268757,10/5/2013,3,1,2,245,51.45,541.45,TeleShop,Clothing,Kids
97264237346,274184,10/5/2013,4,3,3,446,140.49,1478.49,e-Shop,Electronics,Mens
67784245526,270059,10/5/2013,1,1,4,498,209.16,2201.16,e-Shop,Clothing,Women
84115456866,270008,10/5/2013,3,2,3,443,139.545,1468.545,TeleShop,Footwear,Kids
82951961011,273986,10/5/2013,10,5,2,167,35.07,369.07,MBR,Books,Audio and video
72733546181,269117,10/5/2013,4,3,1,503,52.815,555.815,MBR,Electronics,Mens
67421745632,269135,10/5/2013,4,1,1,1483,155.715,1638.715,Flagship store,Clothing,Mens
89430978006,267390,10/5/2013,1,1,1,1231,129.255,1360.255,e-Shop,Clothing,Women
26488237169,270338,9/5/2013,10,6,3,590,185.85,1955.85,MBR,Home and kitchen,Audio and video
36861628275,272863,9/5/2013,4,3,2,632,132.72,1396.72,e-Shop,Electronics,Mens
941270506,267950,9/5/2013,12,6,2,330,69.3,729.3,e-Shop,Home and kitchen,Academic
57485756256,267001,9/5/2013,2,6,3,597,188.055,1979.055,Flagship store,Home and kitchen,Furnishing
4195503533,270688,9/5/2013,8,3,4,1412,593.04,6241.04,e-Shop,Electronics,Personal Appliances
49915732568,269162,9/5/2013,1,4,4,1379,579.18,6095.18,e-Shop,Bags,Women
32461394932,269904,9/5/2013,4,4,-4,-1364,572.88,-6028.88,e-Shop,Bags,Mens
55835769581,267894,9/5/2013,12,5,1,880,92.4,972.4,Flagship store,Books,Academic
12514449477,268635,9/5/2013,10,6,5,116,60.9,640.9,Flagship store,Home and kitchen,Audio and video
55089107450,271233,9/5/2013,3,5,4,247,103.74,1091.74,e-Shop,Books,Kids
40504376094,268746,9/5/2013,10,5,2,996,209.16,2201.16,TeleShop,Books,Audio and video
21712606591,273805,9/5/2013,3,2,2,406,85.26,897.26,TeleShop,Footwear,Kids
3466378504,272314,9/5/2013,12,6,1,328,34.44,362.44,TeleShop,Home and kitchen,Academic
4597975307,272708,9/5/2013,9,3,5,993,521.325,5486.325,MBR,Electronics,Cameras
84186953046,270030,9/5/2013,4,3,-4,-1309,549.78,-5785.78,MBR,Electronics,Mens
89603354014,270541,9/5/2013,4,1,1,634,66.57,700.57,MBR,Clothing,Mens
87161935974,273939,9/5/2013,3,2,1,1383,145.215,1528.215,TeleShop,Footwear,Kids
94745204793,268930,9/5/2013,1,2,5,698,366.45,3856.45,TeleShop,Footwear,Women
92685269861,268332,9/5/2013,1,2,1,327,34.335,361.335,Flagship store,Footwear,Women
85820546935,271430,9/5/2013,4,1,5,1199,629.475,6624.475,e-Shop,Clothing,Mens
85983749546,269162,9/5/2013,4,3,4,840,352.8,3712.8,TeleShop,Electronics,Mens
75873026378,273166,9/5/2013,1,4,2,1441,302.61,3184.61,TeleShop,Bags,Women
80283848357,267661,9/5/2013,3,1,1,1247,130.935,1377.935,e-Shop,Clothing,Kids
43824630230,271430,8/5/2013,11,6,3,774,243.81,2565.81,e-Shop,Home and kitchen,Children
29282133554,271873,8/5/2013,9,3,2,1445,303.45,3193.45,MBR,Electronics,Cameras
51591505110,274865,8/5/2013,8,3,1,1109,116.445,1225.445,TeleShop,Electronics,Personal Appliances
11657270976,270722,8/5/2013,10,6,4,321,134.82,1418.82,MBR,Home and kitchen,Audio and video
30825532825,268000,8/5/2013,3,2,4,195,81.9,861.9,MBR,Footwear,Kids
56464270250,270895,8/5/2013,1,1,4,1183,496.86,5228.86,MBR,Clothing,Women
58564434683,267429,8/5/2013,4,1,3,1062,334.53,3520.53,e-Shop,Clothing,Mens
13131680350,270226,8/5/2013,3,2,2,899,188.79,1986.79,MBR,Footwear,Kids
2179949949,267231,8/5/2013,1,2,3,1135,357.525,3762.525,Flagship store,Footwear,Women
43966406232,268669,8/5/2013,2,6,2,900,189,1989,e-Shop,Home and kitchen,Furnishing
58838110072,270353,8/5/2013,7,5,4,1494,627.48,6603.48,MBR,Books,Fiction
48835965570,268279,8/5/2013,6,5,4,525,220.5,2320.5,MBR,Books,DIY
13797879440,267478,8/5/2013,3,5,2,969,203.49,2141.49,Flagship store,Books,Kids
93246125533,272208,8/5/2013,1,2,-2,-1282,269.22,-2833.22,TeleShop,Footwear,Women
68064231519,266956,8/5/2013,10,6,2,1241,260.61,2742.61,Flagship store,Home and kitchen,Audio and video
84186953046,270030,8/5/2013,4,3,4,1309,549.78,5785.78,MBR,Electronics,Mens
90325748747,272127,8/5/2013,1,1,4,536,225.12,2369.12,Flagship store,Clothing,Women
15500079054,271661,7/5/2013,2,6,3,1022,321.93,3387.93,Flagship store,Home and kitchen,Furnishing
7785973010,269002,7/5/2013,2,6,5,998,523.95,5513.95,e-Shop,Home and kitchen,Furnishing
27361142027,271321,7/5/2013,1,4,5,1369,718.725,7563.725,e-Shop,Bags,Women
46236624598,270320,7/5/2013,4,2,-5,-317,166.425,-1751.425,e-Shop,Footwear,Mens
10077948543,269362,7/5/2013,4,1,5,550,288.75,3038.75,e-Shop,Clothing,Mens
58128876830,274136,7/5/2013,8,3,2,180,37.8,397.8,Flagship store,Electronics,Personal Appliances
12107222918,269997,7/5/2013,4,2,5,648,340.2,3580.2,TeleShop,Footwear,Mens
25633811186,268688,7/5/2013,4,2,4,123,51.66,543.66,TeleShop,Footwear,Mens
31186303016,267978,7/5/2013,9,3,4,1065,447.3,4707.3,e-Shop,Electronics,Cameras
50068975720,274941,7/5/2013,10,6,-5,-477,250.425,-2635.425,MBR,Home and kitchen,Audio and video
55689691844,272423,7/5/2013,10,6,-2,-271,56.91,-598.91,e-Shop,Home and kitchen,Audio and video
34195478343,273548,7/5/2013,1,4,-4,-1479,621.18,-6537.18,Flagship store,Bags,Women
81795658122,269612,7/5/2013,1,1,5,465,244.125,2569.125,Flagship store,Clothing,Women
95777238439,268928,7/5/2013,4,4,2,96,20.16,212.16,TeleShop,Bags,Mens
96941727949,271988,7/5/2013,7,5,1,434,45.57,479.57,e-Shop,Books,Fiction
87999680823,268556,7/5/2013,1,4,2,178,37.38,393.38,Flagship store,Bags,Women
63671875582,272739,7/5/2013,9,3,2,398,83.58,879.58,MBR,Electronics,Cameras
87317743003,273391,7/5/2013,12,5,4,911,382.62,4026.62,e-Shop,Books,Academic
87342515951,270060,7/5/2013,12,6,1,1030,108.15,1138.15,MBR,Home and kitchen,Academic
65252655897,268807,7/5/2013,3,5,2,440,92.4,972.4,MBR,Books,Kids
74748628106,269849,7/5/2013,9,3,5,803,421.575,4436.575,e-Shop,Electronics,Cameras
93347245247,271555,7/5/2013,2,6,2,1399,293.79,3091.79,TeleShop,Home and kitchen,Furnishing
67285477449,267453,7/5/2013,2,6,3,632,199.08,2095.08,Flagship store,Home and kitchen,Furnishing
88581928570,275250,7/5/2013,3,2,4,280,117.6,1237.6,e-Shop,Footwear,Kids
60243965678,271943,6/5/2013,11,6,5,1059,555.975,5850.975,MBR,Home and kitchen,Children
9086064402,271266,6/5/2013,8,3,4,276,115.92,1219.92,e-Shop,Electronics,Personal Appliances
19519965017,270829,6/5/2013,3,5,1,1270,133.35,1403.35,MBR,Books,Kids
47994534100,273043,6/5/2013,4,2,4,231,97.02,1021.02,TeleShop,Footwear,Mens
9205177704,269420,6/5/2013,6,5,3,79,24.885,261.885,e-Shop,Books,DIY
51597033015,274440,6/5/2013,3,5,5,612,321.3,3381.3,Flagship store,Books,Kids
12180008404,269926,6/5/2013,10,6,4,1231,517.02,5441.02,e-Shop,Home and kitchen,Audio and video
18210547884,267639,6/5/2013,10,6,2,525,110.25,1160.25,TeleShop,Home and kitchen,Audio and video
1253938178,273428,6/5/2013,2,6,1,348,36.54,384.54,Flagship store,Home and kitchen,Furnishing
62257633361,272342,6/5/2013,10,5,1,454,47.67,501.67,e-Shop,Books,Audio and video
55443022818,274816,6/5/2013,10,6,-5,-846,444.15,-4674.15,TeleShop,Home and kitchen,Audio and video
64633435931,268408,6/5/2013,4,2,3,312,98.28,1034.28,Flagship store,Footwear,Mens
78801357244,271767,6/5/2013,5,3,5,912,478.8,5038.8,MBR,Electronics,Computers
80313129730,275020,6/5/2013,4,1,2,388,81.48,857.48,MBR,Clothing,Mens
70171905828,269754,6/5/2013,12,6,-2,-882,185.22,-1949.22,e-Shop,Home and kitchen,Academic
94622789602,269868,6/5/2013,9,3,5,549,288.225,3033.225,MBR,Electronics,Cameras
48670422424,267337,5/5/2013,11,6,4,478,200.76,2112.76,MBR,Home and kitchen,Children
40910907887,268628,5/5/2013,7,5,5,621,326.025,3431.025,e-Shop,Books,Fiction
26627542558,271266,5/5/2013,10,6,2,563,118.23,1244.23,MBR,Home and kitchen,Audio and video
57859197212,271050,5/5/2013,6,5,-3,-1304,410.76,-4322.76,MBR,Books,DIY
2335759932,268987,5/5/2013,11,5,2,771,161.91,1703.91,e-Shop,Books,Children
45320311557,269650,5/5/2013,4,1,3,625,196.875,2071.875,e-Shop,Clothing,Mens
30775374081,266919,5/5/2013,5,3,3,483,152.145,1601.145,e-Shop,Electronics,Computers
45986715571,268840,5/5/2013,6,5,5,535,280.875,2955.875,MBR,Books,DIY
17819134898,269334,5/5/2013,6,5,5,1335,700.875,7375.875,Flagship store,Books,DIY
55912969152,271323,5/5/2013,10,5,2,72,15.12,159.12,MBR,Books,Audio and video
16836031367,271049,5/5/2013,3,2,1,867,91.035,958.035,e-Shop,Footwear,Kids
23389571930,268582,5/5/2013,7,5,-1,-1006,105.63,-1111.63,MBR,Books,Fiction
54776186866,272479,5/5/2013,1,4,2,1136,238.56,2510.56,MBR,Bags,Women
78034034083,273019,5/5/2013,11,5,2,317,66.57,700.57,TeleShop,Books,Children
66988079249,273477,5/5/2013,4,1,5,1195,627.375,6602.375,MBR,Clothing,Mens
74750830693,270880,5/5/2013,4,3,3,614,193.41,2035.41,MBR,Electronics,Mens
88433403734,267492,5/5/2013,10,6,5,1487,780.675,8215.675,e-Shop,Home and kitchen,Audio and video
96685939989,270540,5/5/2013,8,3,1,480,50.4,530.4,e-Shop,Electronics,Personal Appliances
89976045066,272621,5/5/2013,4,3,1,351,36.855,387.855,TeleShop,Electronics,Mens
81679113329,274801,5/5/2013,7,5,1,1043,109.515,1152.515,e-Shop,Books,Fiction
66210242832,273481,5/5/2013,3,2,3,924,291.06,3063.06,Flagship store,Footwear,Kids
81435414761,274941,5/5/2013,10,3,5,181,95.025,1000.025,e-Shop,Electronics,Audio and video
95659557880,267833,5/5/2013,6,5,4,1226,514.92,5418.92,MBR,Books,DIY
91466446059,271380,5/5/2013,10,5,4,351,147.42,1551.42,TeleShop,Books,Audio and video
25670945168,272007,4/5/2013,8,3,-1,-111,11.655,-122.655,TeleShop,Electronics,Personal Appliances
26555874199,269750,4/5/2013,5,3,4,953,400.26,4212.26,MBR,Electronics,Computers
51904466488,270860,4/5/2013,11,5,2,541,113.61,1195.61,TeleShop,Books,Children
49423045723,267312,4/5/2013,11,5,1,1206,126.63,1332.63,Flagship store,Books,Children
63110351202,270143,4/5/2013,4,4,5,1433,752.325,7917.325,TeleShop,Bags,Mens
60490240953,271198,4/5/2013,1,2,-4,-314,131.88,-1387.88,TeleShop,Footwear,Women
24753786842,270927,4/5/2013,7,5,3,1346,423.99,4461.99,e-Shop,Books,Fiction
48871905215,271813,4/5/2013,4,1,3,285,89.775,944.775,Flagship store,Clothing,Mens
16806822536,273034,4/5/2013,10,5,1,511,53.655,564.655,Flagship store,Books,Audio and video
8729956244,271160,4/5/2013,1,4,3,259,81.585,858.585,Flagship store,Bags,Women
12133504190,269526,4/5/2013,1,2,1,474,49.77,523.77,TeleShop,Footwear,Women
59504324209,269681,4/5/2013,5,3,5,1400,735,7735,e-Shop,Electronics,Computers
24807706281,275226,4/5/2013,3,2,5,116,60.9,640.9,MBR,Footwear,Kids
33277178106,273131,4/5/2013,12,6,4,1066,447.72,4711.72,TeleShop,Home and kitchen,Academic
788829382,270571,4/5/2013,1,2,5,921,483.525,5088.525,Flagship store,Footwear,Women
26699567881,272473,4/5/2013,4,3,1,138,14.49,152.49,MBR,Electronics,Mens
79041301833,267682,4/5/2013,4,3,1,1217,127.785,1344.785,Flagship store,Electronics,Mens
70148695107,274811,4/5/2013,2,6,2,1245,261.45,2751.45,Flagship store,Home and kitchen,Furnishing
91039350197,268187,4/5/2013,1,2,2,620,130.2,1370.2,TeleShop,Footwear,Women
91104725930,269737,4/5/2013,7,5,5,1088,571.2,6011.2,Flagship store,Books,Fiction
76470382727,268661,4/5/2013,7,5,4,465,195.3,2055.3,e-Shop,Books,Fiction
89218785484,269674,4/5/2013,10,5,-1,-216,22.68,-238.68,TeleShop,Books,Audio and video
71797314111,274302,4/5/2013,7,5,2,438,91.98,967.98,MBR,Books,Fiction
1147686786,270410,3/5/2013,2,6,3,1432,451.08,4747.08,e-Shop,Home and kitchen,Furnishing
37400200595,274181,3/5/2013,4,2,4,838,351.96,3703.96,Flagship store,Footwear,Mens
12804670617,266986,3/5/2013,12,6,2,355,74.55,784.55,TeleShop,Home and kitchen,Academic
50093131361,268447,3/5/2013,9,3,5,879,461.475,4856.475,TeleShop,Electronics,Cameras
36066527033,269236,3/5/2013,3,5,1,759,79.695,838.695,MBR,Books,Kids
24472156995,271099,3/5/2013,5,3,5,495,259.875,2734.875,MBR,Electronics,Computers
6856114132,268698,3/5/2013,10,3,3,850,267.75,2817.75,TeleShop,Electronics,Audio and video
59277965573,273663,3/5/2013,9,3,-1,-866,90.93,-956.93,e-Shop,Electronics,Cameras
23389571930,268582,3/5/2013,7,5,1,1006,105.63,1111.63,MBR,Books,Fiction
17095124791,274787,3/5/2013,1,4,3,1418,446.67,4700.67,MBR,Bags,Women
54162843368,269196,3/5/2013,5,3,4,206,86.52,910.52,MBR,Electronics,Computers
12289166369,271527,3/5/2013,1,1,5,676,354.9,3734.9,e-Shop,Clothing,Women
81834790003,267977,3/5/2013,12,5,4,618,259.56,2731.56,e-Shop,Books,Academic
71615043851,270644,3/5/2013,10,3,1,184,19.32,203.32,Flagship store,Electronics,Audio and video
71925094311,272545,3/5/2013,6,5,3,817,257.355,2708.355,TeleShop,Books,DIY
69396689534,273918,3/5/2013,4,3,5,342,179.55,1889.55,TeleShop,Electronics,Mens
29823756297,274964,2/5/2013,3,5,3,560,176.4,1856.4,Flagship store,Books,Kids
55347967384,269503,2/5/2013,10,3,3,1243,391.545,4120.545,MBR,Electronics,Audio and video
25670945168,272007,2/5/2013,8,3,1,111,11.655,122.655,TeleShop,Electronics,Personal Appliances
55689691844,272423,2/5/2013,10,6,2,271,56.91,598.91,e-Shop,Home and kitchen,Audio and video
5743701392,271898,2/5/2013,11,5,1,312,32.76,344.76,e-Shop,Books,Children
51641844227,271810,2/5/2013,4,1,-1,-567,59.535,-626.535,Flagship store,Clothing,Mens
12937680935,268313,2/5/2013,10,3,3,368,115.92,1219.92,TeleShop,Electronics,Audio and video
21045719571,274609,2/5/2013,10,5,3,686,216.09,2274.09,e-Shop,Books,Audio and video
32461394932,269904,2/5/2013,4,4,4,1364,572.88,6028.88,e-Shop,Bags,Mens
60900920338,270964,2/5/2013,10,6,-3,-1289,406.035,-4273.035,TeleShop,Home and kitchen,Audio and video
45579298521,273131,2/5/2013,3,2,1,453,47.565,500.565,e-Shop,Footwear,Kids
20095912645,268093,2/5/2013,3,1,4,106,44.52,468.52,TeleShop,Clothing,Kids
14335124969,269550,2/5/2013,9,3,1,830,87.15,917.15,MBR,Electronics,Cameras
40767900671,273032,2/5/2013,2,6,1,560,58.8,618.8,e-Shop,Home and kitchen,Furnishing
34195478343,273548,2/5/2013,1,4,4,1479,621.18,6537.18,Flagship store,Bags,Women
10501570269,275061,2/5/2013,7,5,2,1018,213.78,2249.78,TeleShop,Books,Fiction
42591572360,272961,2/5/2013,3,1,4,370,155.4,1635.4,e-Shop,Clothing,Kids
46236624598,270320,2/5/2013,4,2,5,317,166.425,1751.425,e-Shop,Footwear,Mens
98609613155,274455,2/5/2013,3,2,2,1051,220.71,2322.71,MBR,Footwear,Kids
86188191051,274357,2/5/2013,4,1,2,545,114.45,1204.45,TeleShop,Clothing,Mens
99802825751,274930,2/5/2013,2,6,3,698,219.87,2313.87,Flagship store,Home and kitchen,Furnishing
83654223583,272154,2/5/2013,9,3,2,810,170.1,1790.1,MBR,Electronics,Cameras
95803169847,269191,2/5/2013,8,3,1,1200,126,1326,e-Shop,Electronics,Personal Appliances
96158444021,268663,2/5/2013,12,6,2,1418,297.78,3133.78,e-Shop,Home and kitchen,Academic
36756776943,268880,1/5/2013,7,5,1,435,45.675,480.675,e-Shop,Books,Fiction
36780065354,268119,1/5/2013,3,1,5,325,170.625,1795.625,Flagship store,Clothing,Kids
49784576185,268291,1/5/2013,10,6,5,184,96.6,1016.6,e-Shop,Home and kitchen,Audio and video
37515647903,274459,1/5/2013,2,6,1,706,74.13,780.13,e-Shop,Home and kitchen,Furnishing
2127300788,274976,1/5/2013,7,5,1,140,14.7,154.7,TeleShop,Books,Fiction
59277965573,273663,1/5/2013,9,3,1,866,90.93,956.93,e-Shop,Electronics,Cameras
49085108504,274731,1/5/2013,3,2,5,324,170.1,1790.1,TeleShop,Footwear,Kids
61459227673,269136,1/5/2013,5,3,5,1327,696.675,7331.675,e-Shop,Electronics,Computers
6736695132,273588,1/5/2013,3,1,5,164,86.1,906.1,TeleShop,Clothing,Kids
41017158838,271846,1/5/2013,1,1,4,896,376.32,3960.32,e-Shop,Clothing,Women
17040541008,267782,1/5/2013,10,5,4,1110,466.2,4906.2,e-Shop,Books,Audio and video
10218369694,271806,1/5/2013,4,2,5,119,62.475,657.475,Flagship store,Footwear,Mens
45540182607,268876,1/5/2013,4,4,2,1431,300.51,3162.51,e-Shop,Bags,Mens
51641844227,271810,1/5/2013,4,1,1,567,59.535,626.535,Flagship store,Clothing,Mens
49493337635,272666,1/5/2013,3,5,3,505,159.075,1674.075,TeleShop,Books,Kids
93938110148,270416,1/5/2013,1,4,4,770,323.4,3403.4,MBR,Bags,Women
84792941630,275173,1/5/2013,7,5,1,821,86.205,907.205,Flagship store,Books,Fiction
95756658743,269642,1/5/2013,4,4,1,860,90.3,950.3,Flagship store,Bags,Mens
69352026509,273726,1/5/2013,1,1,1,1410,148.05,1558.05,MBR,Clothing,Women
93943110737,271244,1/5/2013,4,3,4,1402,588.84,6196.84,Flagship store,Electronics,Mens
54858741504,267528,30-04-2013,12,5,4,1403,589.26,6201.26,e-Shop,Books,Academic
28039163447,268878,30-04-2013,4,1,-3,-1016,320.04,-3368.04,e-Shop,Clothing,Mens
8331837526,274673,30-04-2013,1,2,-1,-387,40.635,-427.635,MBR,Footwear,Women
49157205335,272063,30-04-2013,1,4,2,243,51.03,537.03,TeleShop,Bags,Women
57915918231,268193,30-04-2013,10,6,4,354,148.68,1564.68,e-Shop,Home and kitchen,Audio and video
53168059324,274027,30-04-2013,1,1,3,1399,440.685,4637.685,TeleShop,Clothing,Women
46729599121,271310,30-04-2013,12,5,2,1311,275.31,2897.31,e-Shop,Books,Academic
2346880049,273495,30-04-2013,2,6,3,543,171.045,1800.045,e-Shop,Home and kitchen,Furnishing
29754806079,272741,30-04-2013,1,4,5,558,292.95,3082.95,TeleShop,Bags,Women
53501751767,269363,30-04-2013,1,1,5,100,52.5,552.5,Flagship store,Clothing,Women
85884420486,273005,30-04-2013,7,5,3,1275,401.625,4226.625,TeleShop,Books,Fiction
64081798683,273135,30-04-2013,10,3,3,1112,350.28,3686.28,MBR,Electronics,Audio and video
95119584068,269054,30-04-2013,3,2,1,287,30.135,317.135,Flagship store,Footwear,Kids
68893777230,274129,30-04-2013,3,1,4,1077,452.34,4760.34,MBR,Clothing,Kids
67310913082,270416,30-04-2013,3,2,3,485,152.775,1607.775,e-Shop,Footwear,Kids
94034760541,269001,30-04-2013,12,6,-4,-589,247.38,-2603.38,e-Shop,Home and kitchen,Academic
98940911065,268941,30-04-2013,12,6,-1,-959,100.695,-1059.695,e-Shop,Home and kitchen,Academic
70171905828,269754,30-04-2013,12,6,2,882,185.22,1949.22,e-Shop,Home and kitchen,Academic
91377906980,273702,30-04-2013,3,5,-4,-632,265.44,-2793.44,TeleShop,Books,Kids
73254228802,272329,30-04-2013,1,1,4,86,36.12,380.12,Flagship store,Clothing,Women
68085820180,270282,30-04-2013,6,5,5,1252,657.3,6917.3,e-Shop,Books,DIY
55443022818,274816,29-04-2013,10,6,5,846,444.15,4674.15,TeleShop,Home and kitchen,Audio and video
18891035822,270884,29-04-2013,11,6,1,1407,147.735,1554.735,MBR,Home and kitchen,Children
13757144803,270119,29-04-2013,1,1,1,1295,135.975,1430.975,e-Shop,Clothing,Women
4631821929,271903,29-04-2013,6,5,3,1350,425.25,4475.25,e-Shop,Books,DIY
50512235528,271975,29-04-2013,4,3,2,644,135.24,1423.24,e-Shop,Electronics,Mens
59753527904,273959,29-04-2013,6,5,3,1074,338.31,3560.31,Flagship store,Books,DIY
40315175927,270388,29-04-2013,4,4,4,1410,592.2,6232.2,Flagship store,Bags,Mens
47452924560,272354,29-04-2013,6,5,3,323,101.745,1070.745,e-Shop,Books,DIY
45248262101,270749,29-04-2013,10,3,4,1181,496.02,5220.02,Flagship store,Electronics,Audio and video
27292924622,268516,29-04-2013,12,5,5,1355,711.375,7486.375,TeleShop,Books,Academic
31293470903,268062,29-04-2013,12,6,5,759,398.475,4193.475,TeleShop,Home and kitchen,Academic
60490240953,271198,29-04-2013,1,2,4,314,131.88,1387.88,TeleShop,Footwear,Women
5734025603,271075,29-04-2013,2,6,5,397,208.425,2193.425,TeleShop,Home and kitchen,Furnishing
51062276440,269929,29-04-2013,11,5,3,145,45.675,480.675,TeleShop,Books,Children
28039163447,268878,29-04-2013,4,1,3,1016,320.04,3368.04,e-Shop,Clothing,Mens
21483590881,267075,29-04-2013,11,5,4,393,165.06,1737.06,e-Shop,Books,Children
23261208420,271241,29-04-2013,10,6,2,1233,258.93,2724.93,e-Shop,Home and kitchen,Audio and video
863586530,270374,29-04-2013,4,3,2,110,23.1,243.1,MBR,Electronics,Mens
53460698872,268660,29-04-2013,9,3,4,448,188.16,1980.16,e-Shop,Electronics,Cameras
69113366141,272529,29-04-2013,4,3,5,156,81.9,861.9,TeleShop,Electronics,Mens
93246125533,272208,29-04-2013,1,2,2,1282,269.22,2833.22,TeleShop,Footwear,Women
81132030308,274616,29-04-2013,8,3,4,88,36.96,388.96,MBR,Electronics,Personal Appliances
95436937068,273768,29-04-2013,10,5,2,384,80.64,848.64,e-Shop,Books,Audio and video
97958723305,269732,29-04-2013,5,3,5,697,365.925,3850.925,TeleShop,Electronics,Computers
67228583499,269661,29-04-2013,2,6,1,687,72.135,759.135,e-Shop,Home and kitchen,Furnishing
94647669972,271243,29-04-2013,11,6,2,480,100.8,1060.8,TeleShop,Home and kitchen,Children
86035442811,272006,29-04-2013,10,6,5,591,310.275,3265.275,e-Shop,Home and kitchen,Audio and video
20057826764,272473,28-04-2013,10,6,5,884,464.1,4884.1,e-Shop,Home and kitchen,Audio and video
50068975720,274941,28-04-2013,10,6,5,477,250.425,2635.425,MBR,Home and kitchen,Audio and video
53460389649,273269,28-04-2013,4,1,2,242,50.82,534.82,e-Shop,Clothing,Mens
34813932631,269223,28-04-2013,10,3,4,85,35.7,375.7,MBR,Electronics,Audio and video
56680617451,269171,28-04-2013,1,1,4,169,70.98,746.98,Flagship store,Clothing,Women
13532375482,267455,28-04-2013,8,3,5,151,79.275,834.275,Flagship store,Electronics,Personal Appliances
8779826651,269466,28-04-2013,3,2,2,1440,302.4,3182.4,e-Shop,Footwear,Kids
77786385668,273740,28-04-2013,4,4,4,1131,475.02,4999.02,TeleShop,Bags,Mens
95208722530,267668,28-04-2013,12,5,1,1428,149.94,1577.94,Flagship store,Books,Academic
71618917535,271330,28-04-2013,3,2,2,1153,242.13,2548.13,TeleShop,Footwear,Kids
78270182185,271487,28-04-2013,12,5,4,494,207.48,2183.48,e-Shop,Books,Academic
91566125390,269189,28-04-2013,3,1,4,1012,425.04,4473.04,e-Shop,Clothing,Kids
98626063245,272638,28-04-2013,4,3,4,588,246.96,2598.96,TeleShop,Electronics,Mens
89292256713,268945,28-04-2013,3,1,2,1093,229.53,2415.53,TeleShop,Clothing,Kids
41646126898,269172,27-04-2013,7,5,-1,-1354,142.17,-1496.17,e-Shop,Books,Fiction
32524212369,275108,27-04-2013,8,3,5,699,366.975,3861.975,MBR,Electronics,Personal Appliances
29188739005,274587,27-04-2013,8,3,-4,-1154,484.68,-5100.68,Flagship store,Electronics,Personal Appliances
55785836086,271356,27-04-2013,5,3,3,882,277.83,2923.83,e-Shop,Electronics,Computers
57859197212,271050,27-04-2013,6,5,3,1304,410.76,4322.76,MBR,Books,DIY
14306025501,269460,27-04-2013,12,6,4,736,309.12,3253.12,e-Shop,Home and kitchen,Academic
47044263616,266886,27-04-2013,4,1,5,388,203.7,2143.7,e-Shop,Clothing,Mens
8056198171,268202,27-04-2013,7,5,4,1040,436.8,4596.8,TeleShop,Books,Fiction
7765093872,272186,27-04-2013,6,5,3,1033,325.395,3424.395,Flagship store,Books,DIY
20837707486,271671,27-04-2013,1,2,2,416,87.36,919.36,TeleShop,Footwear,Women
58778983502,271771,27-04-2013,9,3,3,1334,420.21,4422.21,Flagship store,Electronics,Cameras
11738104344,274226,27-04-2013,12,6,4,977,410.34,4318.34,e-Shop,Home and kitchen,Academic
50703646909,273185,27-04-2013,8,3,5,525,275.625,2900.625,MBR,Electronics,Personal Appliances
60900920338,270964,27-04-2013,10,6,3,1289,406.035,4273.035,TeleShop,Home and kitchen,Audio and video
43178125715,268137,27-04-2013,11,5,-4,-1381,580.02,-6104.02,MBR,Books,Children
98940911065,268941,27-04-2013,12,6,1,959,100.695,1059.695,e-Shop,Home and kitchen,Academic
96101439091,270140,27-04-2013,10,3,4,895,375.9,3955.9,e-Shop,Electronics,Audio and video
75886523742,269301,27-04-2013,7,5,5,726,381.15,4011.15,e-Shop,Books,Fiction
64051139108,274782,27-04-2013,1,1,3,270,85.05,895.05,MBR,Clothing,Women
90976597521,273222,27-04-2013,12,6,-4,-1406,590.52,-6214.52,TeleShop,Home and kitchen,Academic
64224545502,270362,27-04-2013,10,6,5,915,480.375,5055.375,MBR,Home and kitchen,Audio and video
86813632675,275122,27-04-2013,10,6,2,945,198.45,2088.45,TeleShop,Home and kitchen,Audio and video
65871880912,268682,27-04-2013,4,4,4,1166,489.72,5153.72,MBR,Bags,Mens
92596255790,268319,27-04-2013,9,3,5,236,123.9,1303.9,Flagship store,Electronics,Cameras
79732957144,266830,27-04-2013,4,1,1,1267,133.035,1400.035,MBR,Clothing,Mens
31899226599,269910,26-04-2013,3,1,5,904,474.6,4994.6,TeleShop,Clothing,Kids
18003648783,267970,26-04-2013,3,1,5,1263,663.075,6978.075,e-Shop,Clothing,Kids
9289968605,273731,26-04-2013,8,3,3,1327,418.005,4399.005,e-Shop,Electronics,Personal Appliances
40298879804,269088,26-04-2013,12,5,5,958,502.95,5292.95,Flagship store,Books,Academic
22148293212,267072,26-04-2013,4,3,3,197,62.055,653.055,MBR,Electronics,Mens
10440850091,271772,26-04-2013,4,1,4,819,343.98,3619.98,Flagship store,Clothing,Mens
6474523176,269136,26-04-2013,10,5,2,1330,279.3,2939.3,Flagship store,Books,Audio and video
28381196117,274019,26-04-2013,1,4,1,1045,109.725,1154.725,e-Shop,Bags,Women
63954720042,268871,26-04-2013,12,6,1,739,77.595,816.595,Flagship store,Home and kitchen,Academic
70884829402,274756,26-04-2013,4,2,3,978,308.07,3242.07,Flagship store,Footwear,Mens
74743582434,271346,26-04-2013,12,6,-4,-245,102.9,-1082.9,MBR,Home and kitchen,Academic
63357921399,268543,26-04-2013,4,2,3,131,41.265,434.265,MBR,Footwear,Mens
68637723706,269859,26-04-2013,10,3,5,223,117.075,1232.075,MBR,Electronics,Audio and video
66710406148,274814,26-04-2013,1,2,5,361,189.525,1994.525,e-Shop,Footwear,Women
8880494783,273733,25-04-2013,4,2,5,935,490.875,5165.875,e-Shop,Footwear,Mens
20278441044,271314,25-04-2013,3,2,4,1134,476.28,5012.28,e-Shop,Footwear,Kids
17674315803,274487,25-04-2013,3,1,3,1206,379.89,3997.89,Flagship store,Clothing,Kids
6643517325,273878,25-04-2013,10,3,2,681,143.01,1505.01,Flagship store,Electronics,Audio and video
21548243356,271541,25-04-2013,8,3,2,896,188.16,1980.16,Flagship store,Electronics,Personal Appliances
13615172529,271059,25-04-2013,4,2,4,359,150.78,1586.78,TeleShop,Footwear,Mens
37835355913,273709,25-04-2013,4,1,1,1253,131.565,1384.565,e-Shop,Clothing,Mens
68058488867,268497,25-04-2013,3,1,5,573,300.825,3165.825,e-Shop,Clothing,Kids
91167268632,270049,25-04-2013,2,6,1,1114,116.97,1230.97,e-Shop,Home and kitchen,Furnishing
87411516214,269776,25-04-2013,3,5,-2,-1304,273.84,-2881.84,Flagship store,Books,Kids
77198200391,267254,25-04-2013,10,6,1,713,74.865,787.865,TeleShop,Home and kitchen,Audio and video
72919078980,267618,25-04-2013,12,6,2,208,43.68,459.68,Flagship store,Home and kitchen,Academic
91377906980,273702,25-04-2013,3,5,-4,-632,265.44,-2793.44,TeleShop,Books,Kids
68716748750,269302,25-04-2013,2,6,3,388,122.22,1286.22,TeleShop,Home and kitchen,Furnishing
70863493734,272173,25-04-2013,8,3,5,491,257.775,2712.775,MBR,Electronics,Personal Appliances
71476383191,270581,25-04-2013,10,5,-1,-658,69.09,-727.09,MBR,Books,Audio and video
71993027600,275040,25-04-2013,10,6,3,579,182.385,1919.385,e-Shop,Home and kitchen,Audio and video
65850421489,274299,25-04-2013,4,4,4,917,385.14,4053.14,Flagship store,Bags,Mens
66160371070,270324,25-04-2013,3,2,1,716,75.18,791.18,e-Shop,Footwear,Kids
99947326428,270360,25-04-2013,10,3,5,273,143.325,1508.325,e-Shop,Electronics,Audio and video
39785359423,267385,24-04-2013,10,5,-1,-261,27.405,-288.405,TeleShop,Books,Audio and video
7130062824,274457,24-04-2013,4,3,5,1397,733.425,7718.425,Flagship store,Electronics,Mens
26670411668,274541,24-04-2013,1,4,-1,-1372,144.06,-1516.06,e-Shop,Bags,Women
7292391461,273666,24-04-2013,3,5,3,1328,418.32,4402.32,e-Shop,Books,Kids
29188739005,274587,24-04-2013,8,3,4,1154,484.68,5100.68,Flagship store,Electronics,Personal Appliances
43178125715,268137,24-04-2013,11,5,4,1381,580.02,6104.02,MBR,Books,Children
14663555610,270602,24-04-2013,4,3,4,715,300.3,3160.3,MBR,Electronics,Mens
32748978329,270657,24-04-2013,11,5,1,544,57.12,601.12,TeleShop,Books,Children
54151534379,272948,24-04-2013,11,5,2,826,173.46,1825.46,MBR,Books,Children
89218785484,269674,24-04-2013,10,5,1,216,22.68,238.68,TeleShop,Books,Audio and video
80897540799,272518,24-04-2013,3,2,5,644,338.1,3558.1,e-Shop,Footwear,Kids
70295802814,268513,24-04-2013,4,1,-1,-268,28.14,-296.14,TeleShop,Clothing,Mens
85643993460,267165,24-04-2013,4,1,4,1304,547.68,5763.68,e-Shop,Clothing,Mens
93884797104,267795,24-04-2013,1,1,-2,-1168,245.28,-2581.28,Flagship store,Clothing,Women
89632577328,274319,24-04-2013,4,3,2,973,204.33,2150.33,Flagship store,Electronics,Mens
99377059650,269716,24-04-2013,6,5,1,905,95.025,1000.025,e-Shop,Books,DIY
89923205905,275232,24-04-2013,7,5,5,759,398.475,4193.475,e-Shop,Books,Fiction
77946076428,270300,24-04-2013,11,6,-1,-703,73.815,-776.815,MBR,Home and kitchen,Children
72843775652,272449,24-04-2013,6,5,1,475,49.875,524.875,MBR,Books,DIY
87411516214,269776,24-04-2013,3,5,2,1304,273.84,2881.84,Flagship store,Books,Kids
61653518526,269013,23-04-2013,7,5,2,1120,235.2,2475.2,e-Shop,Books,Fiction
61209603666,273172,23-04-2013,10,5,4,1215,510.3,5370.3,MBR,Books,Audio and video
36786634925,267437,23-04-2013,11,5,3,500,157.5,1657.5,TeleShop,Books,Children
61405785017,269604,23-04-2013,1,4,1,1474,154.77,1628.77,TeleShop,Bags,Women
43715545010,272569,23-04-2013,1,1,2,456,95.76,1007.76,Flagship store,Clothing,Women
39785359423,267385,23-04-2013,10,5,1,261,27.405,288.405,TeleShop,Books,Audio and video
5928346670,270920,23-04-2013,2,6,-4,-223,93.66,-985.66,Flagship store,Home and kitchen,Furnishing
55107366030,269959,23-04-2013,8,3,3,525,165.375,1740.375,e-Shop,Electronics,Personal Appliances
58726130469,268776,23-04-2013,1,2,1,175,18.375,193.375,e-Shop,Footwear,Women
34722360280,267995,23-04-2013,1,2,5,1448,760.2,8000.2,MBR,Footwear,Women
71155109559,273676,23-04-2013,9,3,2,1077,226.17,2380.17,e-Shop,Electronics,Cameras
89842200846,267058,23-04-2013,7,5,5,1195,627.375,6602.375,TeleShop,Books,Fiction
57539797485,273618,22-04-2013,3,5,-2,-1107,232.47,-2446.47,Flagship store,Books,Kids
53177787642,272839,22-04-2013,6,5,2,508,106.68,1122.68,Flagship store,Books,DIY
40867653079,274383,22-04-2013,12,6,2,1226,257.46,2709.46,MBR,Home and kitchen,Academic
48075661454,269480,22-04-2013,6,5,-2,-1428,299.88,-3155.88,Flagship store,Books,DIY
23278395758,267146,22-04-2013,12,5,3,892,280.98,2956.98,Flagship store,Books,Academic
8331837526,274673,22-04-2013,1,2,1,387,40.635,427.635,MBR,Footwear,Women
9547655695,269524,22-04-2013,8,3,5,1096,575.4,6055.4,e-Shop,Electronics,Personal Appliances
45899546364,272018,22-04-2013,4,2,2,441,92.61,974.61,TeleShop,Footwear,Mens
35533103822,269669,22-04-2013,12,5,2,407,85.47,899.47,Flagship store,Books,Academic
49232047662,269999,22-04-2013,4,2,3,1170,368.55,3878.55,e-Shop,Footwear,Mens
42893740472,267425,22-04-2013,3,5,3,82,25.83,271.83,MBR,Books,Kids
20811320488,271635,22-04-2013,2,6,2,902,189.42,1993.42,Flagship store,Home and kitchen,Furnishing
71370317176,270086,22-04-2013,4,1,5,1084,569.1,5989.1,e-Shop,Clothing,Mens
93461048377,272225,22-04-2013,10,6,4,531,223.02,2347.02,Flagship store,Home and kitchen,Audio and video
70295802814,268513,22-04-2013,4,1,1,268,28.14,296.14,TeleShop,Clothing,Mens
65993077972,268779,22-04-2013,3,2,4,1266,531.72,5595.72,e-Shop,Footwear,Kids
90976597521,273222,22-04-2013,12,6,4,1406,590.52,6214.52,TeleShop,Home and kitchen,Academic
76464753918,273484,22-04-2013,9,3,5,1017,533.925,5618.925,e-Shop,Electronics,Cameras
80209378861,271563,22-04-2013,10,3,5,1462,767.55,8077.55,Flagship store,Electronics,Audio and video
93884797104,267795,22-04-2013,1,1,2,1168,245.28,2581.28,Flagship store,Clothing,Women
90862936484,272037,22-04-2013,3,5,5,316,165.9,1745.9,TeleShop,Books,Kids
67063346147,275083,22-04-2013,9,3,1,192,20.16,212.16,Flagship store,Electronics,Cameras
896760225,270981,21-04-2013,12,6,2,417,87.57,921.57,TeleShop,Home and kitchen,Academic
30552629763,271726,21-04-2013,4,1,2,1500,315,3315,e-Shop,Clothing,Mens
32586786225,268871,21-04-2013,10,3,5,774,406.35,4276.35,e-Shop,Electronics,Audio and video
48075661454,269480,21-04-2013,6,5,2,1428,299.88,3155.88,Flagship store,Books,DIY
1318464349,272948,21-04-2013,1,2,3,865,272.475,2867.475,e-Shop,Footwear,Women
60295437639,270164,21-04-2013,12,5,3,1003,315.945,3324.945,e-Shop,Books,Academic
26150255475,274315,21-04-2013,5,3,4,1030,432.6,4552.6,TeleShop,Electronics,Computers
29419259470,274552,21-04-2013,4,2,5,640,336,3536,e-Shop,Footwear,Mens
23473907474,274552,21-04-2013,3,1,5,169,88.725,933.725,MBR,Clothing,Kids
16264662206,270298,21-04-2013,1,2,4,584,245.28,2581.28,e-Shop,Footwear,Women
59102323524,267739,21-04-2013,3,2,5,1092,573.3,6033.3,e-Shop,Footwear,Kids
34343039063,274543,21-04-2013,12,6,3,246,77.49,815.49,TeleShop,Home and kitchen,Academic
94034760541,269001,21-04-2013,12,6,4,589,247.38,2603.38,e-Shop,Home and kitchen,Academic
80166749290,273478,21-04-2013,1,2,-4,-655,275.1,-2895.1,TeleShop,Footwear,Women
95456939499,268638,21-04-2013,6,5,1,85,8.925,93.925,Flagship store,Books,DIY
91377906980,273702,21-04-2013,3,5,4,632,265.44,2793.44,TeleShop,Books,Kids
85793248677,268282,21-04-2013,3,1,5,722,379.05,3989.05,MBR,Clothing,Kids
72402739188,270430,21-04-2013,4,4,-2,-1473,309.33,-3255.33,MBR,Bags,Mens
74743582434,271346,21-04-2013,12,6,4,245,102.9,1082.9,MBR,Home and kitchen,Academic
30912079110,272098,20-04-2013,10,5,5,961,504.525,5309.525,e-Shop,Books,Audio and video
42687930755,268823,20-04-2013,6,5,4,1442,605.64,6373.64,Flagship store,Books,DIY
37599709355,273546,20-04-2013,2,6,3,636,200.34,2108.34,MBR,Home and kitchen,Furnishing
29248774492,269604,20-04-2013,4,4,3,489,154.035,1621.035,e-Shop,Bags,Mens
8687927850,274988,20-04-2013,4,3,2,890,186.9,1966.9,MBR,Electronics,Mens
50003290390,275153,20-04-2013,6,5,4,498,209.16,2201.16,Flagship store,Books,DIY
48282873489,275122,20-04-2013,10,5,5,157,82.425,867.425,e-Shop,Books,Audio and video
21868066047,268931,20-04-2013,8,3,5,185,97.125,1022.125,e-Shop,Electronics,Personal Appliances
13784296237,268008,20-04-2013,10,3,2,77,16.17,170.17,TeleShop,Electronics,Audio and video
77946076428,270300,20-04-2013,11,6,1,703,73.815,776.815,MBR,Home and kitchen,Children
85336345235,268313,20-04-2013,1,4,5,838,439.95,4629.95,e-Shop,Bags,Women
91871647862,272621,20-04-2013,11,6,2,1302,273.42,2877.42,TeleShop,Home and kitchen,Children
98084521741,273913,20-04-2013,10,6,2,933,195.93,2061.93,MBR,Home and kitchen,Audio and video
72508557590,269947,20-04-2013,12,5,1,1431,150.255,1581.255,e-Shop,Books,Academic
72402739188,270430,20-04-2013,4,4,2,1473,309.33,3255.33,MBR,Bags,Mens
77100738602,271154,20-04-2013,4,3,4,1194,501.48,5277.48,MBR,Electronics,Mens
96103552278,271011,20-04-2013,3,2,2,882,185.22,1949.22,e-Shop,Footwear,Kids
97729710425,269363,20-04-2013,11,6,5,1324,695.1,7315.1,TeleShop,Home and kitchen,Children
48693264645,270446,19-04-2013,6,5,5,873,458.325,4823.325,TeleShop,Books,DIY
63061823224,273220,19-04-2013,1,1,1,1241,130.305,1371.305,e-Shop,Clothing,Women
47317752124,272189,19-04-2013,4,1,3,411,129.465,1362.465,MBR,Clothing,Mens
10241569536,270212,19-04-2013,4,2,1,297,31.185,328.185,e-Shop,Footwear,Mens
31829349827,274707,19-04-2013,6,5,1,1085,113.925,1198.925,Flagship store,Books,DIY
35949435366,271582,19-04-2013,7,5,5,850,446.25,4696.25,e-Shop,Books,Fiction
60459508671,273354,19-04-2013,8,3,2,520,109.2,1149.2,Flagship store,Electronics,Personal Appliances
57539797485,273618,19-04-2013,3,5,-2,-1107,232.47,-2446.47,Flagship store,Books,Kids
33598008403,271225,19-04-2013,9,3,3,1109,349.335,3676.335,TeleShop,Electronics,Cameras
56871579639,270693,19-04-2013,4,2,4,487,204.54,2152.54,e-Shop,Footwear,Mens
75666474690,270561,19-04-2013,11,6,2,477,100.17,1054.17,MBR,Home and kitchen,Children
86141159214,272009,19-04-2013,12,5,2,1408,295.68,3111.68,TeleShop,Books,Academic
87576111636,271737,19-04-2013,12,5,2,862,181.02,1905.02,TeleShop,Books,Academic
98631113719,274618,19-04-2013,3,1,2,721,151.41,1593.41,e-Shop,Clothing,Kids
80166749290,273478,19-04-2013,1,2,4,655,275.1,2895.1,TeleShop,Footwear,Women
79434331511,269268,19-04-2013,12,6,1,1149,120.645,1269.645,e-Shop,Home and kitchen,Academic
96036388297,274948,19-04-2013,9,3,5,983,516.075,5431.075,e-Shop,Electronics,Cameras
77902293095,274047,19-04-2013,7,5,3,271,85.365,898.365,e-Shop,Books,Fiction
26670411668,274541,18-04-2013,1,4,1,1372,144.06,1516.06,e-Shop,Bags,Women
16579805163,269739,18-04-2013,12,6,-2,-1041,218.61,-2300.61,e-Shop,Home and kitchen,Academic
2643807784,269478,18-04-2013,11,5,3,173,54.495,573.495,e-Shop,Books,Children
5352183461,273960,18-04-2013,4,2,1,512,53.76,565.76,TeleShop,Footwear,Mens
48403056800,274134,18-04-2013,8,3,1,169,17.745,186.745,e-Shop,Electronics,Personal Appliances
10533051914,271353,18-04-2013,3,5,5,304,159.6,1679.6,Flagship store,Books,Kids
35855973724,271717,18-04-2013,12,6,4,1409,591.78,6227.78,Flagship store,Home and kitchen,Academic
5928346670,270920,18-04-2013,2,6,4,223,93.66,985.66,Flagship store,Home and kitchen,Furnishing
59504222050,270539,18-04-2013,9,3,2,133,27.93,293.93,e-Shop,Electronics,Cameras
17319289580,270282,18-04-2013,1,4,2,962,202.02,2126.02,e-Shop,Bags,Women
21633483765,272327,18-04-2013,4,2,2,165,34.65,364.65,MBR,Footwear,Mens
60542967939,268644,18-04-2013,3,5,3,765,240.975,2535.975,e-Shop,Books,Kids
1745886641,268198,18-04-2013,10,6,1,1148,120.54,1268.54,Flagship store,Home and kitchen,Audio and video
33873350045,268779,18-04-2013,1,4,1,750,78.75,828.75,Flagship store,Bags,Women
68203517228,273564,18-04-2013,3,2,1,1071,112.455,1183.455,e-Shop,Footwear,Kids
82035246904,273127,18-04-2013,7,5,1,1380,144.9,1524.9,e-Shop,Books,Fiction
78789903734,269083,18-04-2013,4,4,4,503,211.26,2223.26,e-Shop,Bags,Mens
34751971156,267640,17-04-2013,4,4,4,1343,564.06,5936.06,TeleShop,Bags,Mens
41646126898,269172,17-04-2013,7,5,1,1354,142.17,1496.17,e-Shop,Books,Fiction
10026649040,267429,17-04-2013,6,5,3,1454,458.01,4820.01,MBR,Books,DIY
15669926111,270842,17-04-2013,3,1,4,1242,521.64,5489.64,MBR,Clothing,Kids
34160653294,268011,17-04-2013,2,6,-5,-838,439.95,-4629.95,TeleShop,Home and kitchen,Furnishing
7518070965,272264,17-04-2013,12,6,3,262,82.53,868.53,Flagship store,Home and kitchen,Academic
20964282934,274309,17-04-2013,12,5,-1,-877,92.085,-969.085,e-Shop,Books,Academic
46945290683,273606,17-04-2013,5,3,1,824,86.52,910.52,TeleShop,Electronics,Computers
28052836213,275025,17-04-2013,4,1,5,971,509.775,5364.775,MBR,Clothing,Mens
16973994951,273248,17-04-2013,11,6,3,745,234.675,2469.675,TeleShop,Home and kitchen,Children
44299650700,268734,17-04-2013,8,3,5,1073,563.325,5928.325,MBR,Electronics,Personal Appliances
72528197633,270980,17-04-2013,11,5,-4,-590,247.8,-2607.8,e-Shop,Books,Children
63792426766,273358,17-04-2013,4,2,4,674,283.08,2979.08,TeleShop,Footwear,Mens
74650804510,267611,17-04-2013,12,6,5,425,223.125,2348.125,e-Shop,Home and kitchen,Academic
86254354604,272696,17-04-2013,5,3,3,1169,368.235,3875.235,Flagship store,Electronics,Computers
64670468980,273397,17-04-2013,3,1,1,1301,136.605,1437.605,MBR,Clothing,Kids
88083171847,272593,17-04-2013,7,5,4,1377,578.34,6086.34,Flagship store,Books,Fiction
69129110187,268266,17-04-2013,12,6,4,126,52.92,556.92,e-Shop,Home and kitchen,Academic
75693409318,267585,17-04-2013,4,1,2,408,85.68,901.68,e-Shop,Clothing,Mens
41899377322,274956,16-04-2013,5,3,3,421,132.615,1395.615,e-Shop,Electronics,Computers
25785034433,270520,16-04-2013,1,4,2,74,15.54,163.54,Flagship store,Bags,Women
60193972949,272252,16-04-2013,10,3,4,733,307.86,3239.86,e-Shop,Electronics,Audio and video
29470038916,275023,16-04-2013,9,3,2,1156,242.76,2554.76,e-Shop,Electronics,Cameras
16297733673,267897,16-04-2013,2,6,2,240,50.4,530.4,Flagship store,Home and kitchen,Furnishing
3760220408,272652,16-04-2013,3,1,4,190,79.8,839.8,TeleShop,Clothing,Kids
16719721788,268379,16-04-2013,4,3,2,1149,241.29,2539.29,MBR,Electronics,Mens
10283174041,274835,16-04-2013,3,1,3,432,136.08,1432.08,e-Shop,Clothing,Kids
45956334534,272536,16-04-2013,4,2,1,179,18.795,197.795,e-Shop,Footwear,Mens
34160653294,268011,16-04-2013,2,6,5,838,439.95,4629.95,TeleShop,Home and kitchen,Furnishing
49074653410,266923,16-04-2013,8,3,3,156,49.14,517.14,MBR,Electronics,Personal Appliances
21765275719,266974,16-04-2013,12,5,4,1174,493.08,5189.08,e-Shop,Books,Academic
3838341670,271357,16-04-2013,2,6,3,1043,328.545,3457.545,MBR,Home and kitchen,Furnishing
62559933493,271685,16-04-2013,3,5,1,1125,118.125,1243.125,e-Shop,Books,Kids
73971787320,274591,16-04-2013,4,2,2,588,123.48,1299.48,Flagship store,Footwear,Mens
84686983753,274702,16-04-2013,10,5,2,926,194.46,2046.46,MBR,Books,Audio and video
73805952569,271317,16-04-2013,10,3,3,931,293.265,3086.265,MBR,Electronics,Audio and video
71476383191,270581,16-04-2013,10,5,1,658,69.09,727.09,MBR,Books,Audio and video
79091712939,267192,16-04-2013,11,6,5,86,45.15,475.15,e-Shop,Home and kitchen,Children
74460262270,266910,16-04-2013,5,3,2,1461,306.81,3228.81,Flagship store,Electronics,Computers
11613234924,273095,15-04-2013,12,6,1,761,79.905,840.905,TeleShop,Home and kitchen,Academic
48240912586,270500,15-04-2013,8,3,3,275,86.625,911.625,MBR,Electronics,Personal Appliances
37901057518,271411,15-04-2013,3,5,5,642,337.05,3547.05,MBR,Books,Kids
19593543266,269158,15-04-2013,10,3,2,734,154.14,1622.14,Flagship store,Electronics,Audio and video
60079969102,270914,15-04-2013,4,3,3,363,114.345,1203.345,Flagship store,Electronics,Mens
2486652175,271099,15-04-2013,1,4,4,580,243.6,2563.6,MBR,Bags,Women
20964282934,274309,15-04-2013,12,5,1,877,92.085,969.085,e-Shop,Books,Academic
58778266882,269403,15-04-2013,4,4,5,806,423.15,4453.15,TeleShop,Bags,Mens
25750265573,273307,15-04-2013,4,1,4,918,385.56,4057.56,TeleShop,Clothing,Mens
25728563951,267049,15-04-2013,9,3,1,614,64.47,678.47,Flagship store,Electronics,Cameras
19555985380,267748,15-04-2013,3,1,4,1136,477.12,5021.12,e-Shop,Clothing,Kids
57371319896,271245,15-04-2013,12,5,2,1245,261.45,2751.45,TeleShop,Books,Academic
62161179865,267890,15-04-2013,12,6,2,1330,279.3,2939.3,TeleShop,Home and kitchen,Academic
46542233363,268506,15-04-2013,4,4,1,530,55.65,585.65,TeleShop,Bags,Mens
2982524232,271382,15-04-2013,3,2,4,467,196.14,2064.14,TeleShop,Footwear,Kids
1649868265,272847,15-04-2013,10,3,1,676,70.98,746.98,MBR,Electronics,Audio and video
84128238198,269451,15-04-2013,10,6,4,742,311.64,3279.64,MBR,Home and kitchen,Audio and video
86233801139,272342,15-04-2013,4,2,2,512,107.52,1131.52,e-Shop,Footwear,Mens
67179196210,273693,15-04-2013,9,3,4,1385,581.7,6121.7,Flagship store,Electronics,Cameras
95242008315,275035,15-04-2013,4,2,1,842,88.41,930.41,e-Shop,Footwear,Mens
68108029025,271672,15-04-2013,9,3,5,94,49.35,519.35,TeleShop,Electronics,Cameras
87176801609,275002,15-04-2013,12,6,3,166,52.29,550.29,TeleShop,Home and kitchen,Academic
81467603099,268464,15-04-2013,12,5,1,900,94.5,994.5,e-Shop,Books,Academic
89627023382,270491,15-04-2013,4,1,5,787,413.175,4348.175,e-Shop,Clothing,Mens
77640994802,274646,15-04-2013,3,1,1,1404,147.42,1551.42,e-Shop,Clothing,Kids
41426497582,273207,14-04-2013,10,5,1,232,24.36,256.36,TeleShop,Books,Audio and video
53232221780,273225,14-04-2013,10,5,2,169,35.49,373.49,Flagship store,Books,Audio and video
60007679836,274653,14-04-2013,7,5,2,431,90.51,952.51,MBR,Books,Fiction
32565630769,272663,14-04-2013,9,3,2,460,96.6,1016.6,TeleShop,Electronics,Cameras
8843281964,269481,14-04-2013,5,3,1,166,17.43,183.43,MBR,Electronics,Computers
35471264649,275241,14-04-2013,4,3,5,1215,637.875,6712.875,Flagship store,Electronics,Mens
57539797485,273618,14-04-2013,3,5,2,1107,232.47,2446.47,Flagship store,Books,Kids
28870230996,267734,14-04-2013,8,3,4,815,342.3,3602.3,e-Shop,Electronics,Personal Appliances
3351101597,273023,14-04-2013,5,3,4,1098,461.16,4853.16,TeleShop,Electronics,Computers
64576551404,267547,14-04-2013,3,5,3,393,123.795,1302.795,e-Shop,Books,Kids
72528197633,270980,14-04-2013,11,5,4,590,247.8,2607.8,e-Shop,Books,Children
94408136672,269390,14-04-2013,3,5,4,1019,427.98,4503.98,TeleShop,Books,Kids
76277518981,271971,14-04-2013,6,5,5,667,350.175,3685.175,TeleShop,Books,DIY
32431559070,270917,13-04-2013,4,3,4,623,261.66,2753.66,TeleShop,Electronics,Mens
43119022120,274757,13-04-2013,9,3,5,1078,565.95,5955.95,e-Shop,Electronics,Cameras
15386473197,273612,13-04-2013,11,6,5,1496,785.4,8265.4,TeleShop,Home and kitchen,Children
49283353213,267408,13-04-2013,4,4,2,787,165.27,1739.27,Flagship store,Bags,Mens
44027985600,266844,13-04-2013,10,5,2,973,204.33,2150.33,e-Shop,Books,Audio and video
44066523549,272767,13-04-2013,10,3,1,553,58.065,611.065,Flagship store,Electronics,Audio and video
26143700115,273296,13-04-2013,3,5,5,208,109.2,1149.2,e-Shop,Books,Kids
60934795699,272238,13-04-2013,1,2,5,1171,614.775,6469.775,TeleShop,Footwear,Women
68087117712,273179,13-04-2013,4,2,4,428,179.76,1891.76,Flagship store,Footwear,Mens
93241168894,267634,13-04-2013,3,2,4,318,133.56,1405.56,e-Shop,Footwear,Kids
99160600980,274923,13-04-2013,5,3,4,755,317.1,3337.1,e-Shop,Electronics,Computers
39563245244,275206,12/4/2013,6,5,3,527,166.005,1747.005,TeleShop,Books,DIY
52434411709,267032,12/4/2013,4,4,4,857,359.94,3787.94,MBR,Bags,Mens
23483852716,271719,12/4/2013,3,5,1,1391,146.055,1537.055,MBR,Books,Kids
49252718666,274927,12/4/2013,10,6,4,1239,520.38,5476.38,TeleShop,Home and kitchen,Audio and video
17837269455,275224,12/4/2013,12,6,2,652,136.92,1440.92,e-Shop,Home and kitchen,Academic
465032738,267286,12/4/2013,4,3,4,762,320.04,3368.04,MBR,Electronics,Mens
50169250414,271699,12/4/2013,10,3,-1,-250,26.25,-276.25,e-Shop,Electronics,Audio and video
88812208567,274556,12/4/2013,2,6,5,1253,657.825,6922.825,e-Shop,Home and kitchen,Furnishing
76291474397,269266,12/4/2013,12,5,-2,-114,23.94,-251.94,Flagship store,Books,Academic
84451976804,269234,12/4/2013,6,5,5,1360,714,7514,MBR,Books,DIY
70146500732,268983,12/4/2013,1,1,5,589,309.225,3254.225,MBR,Clothing,Women
79977902094,268514,12/4/2013,3,1,3,1285,404.775,4259.775,TeleShop,Clothing,Kids
81532544597,269520,12/4/2013,5,3,2,615,129.15,1359.15,e-Shop,Electronics,Computers
42064312982,271144,11/4/2013,1,1,1,584,61.32,645.32,MBR,Clothing,Women
5687886359,273574,11/4/2013,7,5,1,553,58.065,611.065,MBR,Books,Fiction
556211063,268438,11/4/2013,11,6,1,337,35.385,372.385,e-Shop,Home and kitchen,Children
42034997689,268908,11/4/2013,2,6,1,494,51.87,545.87,e-Shop,Home and kitchen,Furnishing
452676785,272871,11/4/2013,12,5,1,251,26.355,277.355,Flagship store,Books,Academic
7498249820,272775,11/4/2013,10,5,2,486,102.06,1074.06,Flagship store,Books,Audio and video
11160332733,267346,11/4/2013,10,3,5,297,155.925,1640.925,TeleShop,Electronics,Audio and video
19363326722,271375,11/4/2013,1,2,5,504,264.6,2784.6,Flagship store,Footwear,Women
89428077601,268138,11/4/2013,3,2,2,1122,235.62,2479.62,e-Shop,Footwear,Kids
89427579336,274853,11/4/2013,11,5,4,645,270.9,2850.9,TeleShop,Books,Children
65966942677,267931,11/4/2013,10,6,2,472,99.12,1043.12,e-Shop,Home and kitchen,Audio and video
93283151072,272740,11/4/2013,4,3,2,1281,269.01,2831.01,e-Shop,Electronics,Mens
13993625474,270350,10/4/2013,4,4,2,423,88.83,934.83,MBR,Bags,Mens
10224598815,275068,10/4/2013,12,5,4,1364,572.88,6028.88,TeleShop,Books,Academic
24475486509,266953,10/4/2013,5,3,4,1256,527.52,5551.52,MBR,Electronics,Computers
39009563956,268589,10/4/2013,10,6,5,1221,641.025,6746.025,Flagship store,Home and kitchen,Audio and video
36537024439,271682,10/4/2013,4,3,4,989,415.38,4371.38,MBR,Electronics,Mens
6168336755,269916,10/4/2013,3,5,4,1280,537.6,5657.6,TeleShop,Books,Kids
15797624493,270562,10/4/2013,3,1,3,1440,453.6,4773.6,e-Shop,Clothing,Kids
37500259394,267734,10/4/2013,5,3,-2,-1019,213.99,-2251.99,Flagship store,Electronics,Computers
39966082928,268062,10/4/2013,4,2,2,86,18.06,190.06,e-Shop,Footwear,Mens
42748298975,269382,10/4/2013,12,6,4,625,262.5,2762.5,TeleShop,Home and kitchen,Academic
42762681182,270985,10/4/2013,10,3,1,1390,145.95,1535.95,TeleShop,Electronics,Audio and video
14023351700,270944,10/4/2013,11,5,3,312,98.28,1034.28,TeleShop,Books,Children
58887753962,272040,10/4/2013,4,3,5,1380,724.5,7624.5,TeleShop,Electronics,Mens
82703220030,273900,10/4/2013,12,6,-5,-231,121.275,-1276.275,e-Shop,Home and kitchen,Academic
93163861079,266895,10/4/2013,6,5,4,964,404.88,4260.88,Flagship store,Books,DIY
80419584487,269253,10/4/2013,3,1,3,792,249.48,2625.48,e-Shop,Clothing,Kids
76842648704,273679,10/4/2013,12,6,5,729,382.725,4027.725,e-Shop,Home and kitchen,Academic
97758109708,271850,10/4/2013,10,6,4,1144,480.48,5056.48,Flagship store,Home and kitchen,Audio and video
91726632813,271701,10/4/2013,2,6,5,896,470.4,4950.4,TeleShop,Home and kitchen,Furnishing
89142625409,273562,10/4/2013,12,6,2,1311,275.31,2897.31,MBR,Home and kitchen,Academic
67105554070,275018,10/4/2013,12,5,4,1121,470.82,4954.82,e-Shop,Books,Academic
69743674497,268350,10/4/2013,8,3,5,738,387.45,4077.45,e-Shop,Electronics,Personal Appliances
72322764288,269313,10/4/2013,3,1,5,418,219.45,2309.45,e-Shop,Clothing,Kids
65440262714,268240,10/4/2013,1,2,3,385,121.275,1276.275,MBR,Footwear,Women
96636217169,272982,10/4/2013,4,4,-2,-209,43.89,-461.89,TeleShop,Bags,Mens
89824749999,271942,10/4/2013,7,5,2,1444,303.24,3191.24,e-Shop,Books,Fiction
26892400525,269788,9/4/2013,12,6,1,710,74.55,784.55,TeleShop,Home and kitchen,Academic
35157700323,272378,9/4/2013,6,5,5,1055,553.875,5828.875,e-Shop,Books,DIY
28103693731,269006,9/4/2013,4,3,2,985,206.85,2176.85,MBR,Electronics,Mens
49930849767,273693,9/4/2013,5,3,1,1053,110.565,1163.565,e-Shop,Electronics,Computers
58497395660,272414,9/4/2013,3,2,1,1013,106.365,1119.365,e-Shop,Footwear,Kids
29322775688,270772,9/4/2013,4,2,3,989,311.535,3278.535,TeleShop,Footwear,Mens
52469335288,274577,9/4/2013,11,5,2,1069,224.49,2362.49,Flagship store,Books,Children
16579805163,269739,9/4/2013,12,6,2,1041,218.61,2300.61,e-Shop,Home and kitchen,Academic
17351525512,270601,9/4/2013,3,2,3,158,49.77,523.77,e-Shop,Footwear,Kids
15352984917,269884,9/4/2013,8,3,-1,-783,82.215,-865.215,Flagship store,Electronics,Personal Appliances
56396498455,274403,9/4/2013,6,5,2,919,192.99,2030.99,e-Shop,Books,DIY
59724011550,272048,9/4/2013,1,4,1,504,52.92,556.92,e-Shop,Bags,Women
89120594677,273916,9/4/2013,6,5,4,653,274.26,2886.26,Flagship store,Books,DIY
79168781773,269257,9/4/2013,4,3,2,658,138.18,1454.18,e-Shop,Electronics,Mens
73298877509,269798,9/4/2013,3,2,1,1042,109.41,1151.41,e-Shop,Footwear,Kids
89313558728,268389,9/4/2013,11,6,2,169,35.49,373.49,Flagship store,Home and kitchen,Children
97719684399,270753,9/4/2013,7,5,1,1368,143.64,1511.64,Flagship store,Books,Fiction
83989589135,269184,9/4/2013,11,6,3,1320,415.8,4375.8,e-Shop,Home and kitchen,Children
92562432977,269573,9/4/2013,1,2,4,685,287.7,3027.7,e-Shop,Footwear,Women
97064341978,269526,9/4/2013,1,2,2,1096,230.16,2422.16,Flagship store,Footwear,Women
68994648826,272520,9/4/2013,8,3,-5,-123,64.575,-679.575,e-Shop,Electronics,Personal Appliances
78649996727,270131,9/4/2013,1,2,4,914,383.88,4039.88,Flagship store,Footwear,Women
61200677459,273861,8/4/2013,3,2,3,494,155.61,1637.61,TeleShop,Footwear,Kids
25395803961,269650,8/4/2013,10,6,5,1296,680.4,7160.4,e-Shop,Home and kitchen,Audio and video
10552452528,273980,8/4/2013,3,1,5,1166,612.15,6442.15,e-Shop,Clothing,Kids
12183729984,271995,8/4/2013,1,2,2,1475,309.75,3259.75,e-Shop,Footwear,Women
15509536025,270071,8/4/2013,1,4,3,1116,351.54,3699.54,MBR,Bags,Women
34795062378,273708,8/4/2013,3,2,-4,-162,68.04,-716.04,e-Shop,Footwear,Kids
10682441825,269987,8/4/2013,1,1,2,445,93.45,983.45,e-Shop,Clothing,Women
62556440212,268842,8/4/2013,11,6,5,82,43.05,453.05,e-Shop,Home and kitchen,Children
44130178957,268365,8/4/2013,12,6,5,933,489.825,5154.825,e-Shop,Home and kitchen,Academic
4796172999,273647,8/4/2013,3,2,-4,-1219,511.98,-5387.98,Flagship store,Footwear,Kids
8240541158,268288,8/4/2013,1,4,2,1028,215.88,2271.88,TeleShop,Bags,Women
10625124726,267162,8/4/2013,6,5,2,1471,308.91,3250.91,e-Shop,Books,DIY
23463805031,267851,8/4/2013,12,6,3,88,27.72,291.72,TeleShop,Home and kitchen,Academic
6539826915,274707,8/4/2013,6,5,3,149,46.935,493.935,Flagship store,Books,DIY
64276885615,267296,8/4/2013,6,5,3,819,257.985,2714.985,MBR,Books,DIY
79507616107,273977,8/4/2013,7,5,2,1459,306.39,3224.39,e-Shop,Books,Fiction
76929396378,269537,8/4/2013,4,3,5,1440,756,7956,e-Shop,Electronics,Mens
68994648826,272520,8/4/2013,8,3,5,123,64.575,679.575,e-Shop,Electronics,Personal Appliances
79127496046,274481,8/4/2013,1,1,2,1365,286.65,3016.65,Flagship store,Clothing,Women
93767602137,269950,8/4/2013,1,1,3,740,233.1,2453.1,TeleShop,Clothing,Women
80807602898,266854,8/4/2013,11,5,2,1376,288.96,3040.96,e-Shop,Books,Children
76291474397,269266,8/4/2013,12,5,2,114,23.94,251.94,Flagship store,Books,Academic
96387275735,269331,8/4/2013,12,5,4,1244,522.48,5498.48,e-Shop,Books,Academic
84450624699,272924,8/4/2013,12,5,5,1418,744.45,7834.45,e-Shop,Books,Academic
4796172999,273647,7/4/2013,3,2,4,1219,511.98,5387.98,Flagship store,Footwear,Kids
53163897551,269006,7/4/2013,4,2,5,683,358.575,3773.575,Flagship store,Footwear,Mens
49396815632,269617,7/4/2013,3,2,1,73,7.665,80.665,TeleShop,Footwear,Kids
34795062378,273708,7/4/2013,3,2,4,162,68.04,716.04,e-Shop,Footwear,Kids
43349736291,268858,7/4/2013,4,3,2,963,202.23,2128.23,Flagship store,Electronics,Mens
25662215395,268620,7/4/2013,2,6,5,703,369.075,3884.075,e-Shop,Home and kitchen,Furnishing
27381846325,268169,7/4/2013,4,4,2,585,122.85,1292.85,Flagship store,Bags,Mens
1315583323,268033,7/4/2013,3,2,5,594,311.85,3281.85,TeleShop,Footwear,Kids
18666557088,269010,7/4/2013,4,2,-5,-1477,775.425,-8160.425,e-Shop,Footwear,Mens
45616875881,274475,7/4/2013,10,6,5,357,187.425,1972.425,e-Shop,Home and kitchen,Audio and video
41787483979,267049,7/4/2013,10,5,2,1145,240.45,2530.45,Flagship store,Books,Audio and video
30954923904,267637,7/4/2013,9,3,-5,-282,148.05,-1558.05,Flagship store,Electronics,Cameras
39847296232,274864,7/4/2013,4,1,2,291,61.11,643.11,TeleShop,Clothing,Mens
18273403946,273965,7/4/2013,2,6,2,95,19.95,209.95,e-Shop,Home and kitchen,Furnishing
25993996428,267337,7/4/2013,4,1,1,471,49.455,520.455,MBR,Clothing,Mens
79794510993,270326,7/4/2013,11,5,4,713,299.46,3151.46,MBR,Books,Children
99109521345,272607,7/4/2013,11,6,1,1460,153.3,1613.3,e-Shop,Home and kitchen,Children
88541299863,271688,7/4/2013,3,5,2,687,144.27,1518.27,e-Shop,Books,Kids
75207962984,273233,7/4/2013,10,5,5,1002,526.05,5536.05,TeleShop,Books,Audio and video
92777363055,273103,7/4/2013,4,1,2,1404,294.84,3102.84,TeleShop,Clothing,Mens
22807950646,273595,6/4/2013,8,3,2,1173,246.33,2592.33,MBR,Electronics,Personal Appliances
9028492817,267180,6/4/2013,11,5,1,944,99.12,1043.12,e-Shop,Books,Children
25288864560,273271,6/4/2013,9,3,1,1002,105.21,1107.21,TeleShop,Electronics,Cameras
19496570433,272675,6/4/2013,11,6,2,128,26.88,282.88,MBR,Home and kitchen,Children
44705667398,273633,6/4/2013,9,3,1,511,53.655,564.655,e-Shop,Electronics,Cameras
37363389744,272775,6/4/2013,11,6,1,635,66.675,701.675,e-Shop,Home and kitchen,Children
21336313261,271512,6/4/2013,4,4,-5,-1183,621.075,-6536.075,e-Shop,Bags,Mens
44388796663,267673,6/4/2013,6,5,4,818,343.56,3615.56,Flagship store,Books,DIY
21095805843,273555,6/4/2013,1,2,4,526,220.92,2324.92,TeleShop,Footwear,Women
736344248,268706,6/4/2013,4,1,-4,-1317,553.14,-5821.14,Flagship store,Clothing,Mens
40404754583,267280,6/4/2013,12,6,3,1184,372.96,3924.96,Flagship store,Home and kitchen,Academic
59399075110,273899,6/4/2013,6,5,2,680,142.8,1502.8,TeleShop,Books,DIY
81197606813,271214,6/4/2013,4,1,1,78,8.19,86.19,TeleShop,Clothing,Mens
65957079650,271619,6/4/2013,7,5,4,160,67.2,707.2,TeleShop,Books,Fiction
88942349798,271877,6/4/2013,8,3,4,232,97.44,1025.44,e-Shop,Electronics,Personal Appliances
99493512793,274236,6/4/2013,7,5,2,155,32.55,342.55,Flagship store,Books,Fiction
63418751402,268148,6/4/2013,11,5,1,280,29.4,309.4,MBR,Books,Children
84888606265,274456,6/4/2013,4,1,1,493,51.765,544.765,TeleShop,Clothing,Mens
80421157468,271808,6/4/2013,4,2,1,214,22.47,236.47,TeleShop,Footwear,Mens
92908164962,267517,6/4/2013,2,6,-5,-849,445.725,-4690.725,TeleShop,Home and kitchen,Furnishing
52435905629,271559,5/4/2013,4,1,4,1414,593.88,6249.88,e-Shop,Clothing,Mens
18997866138,272561,5/4/2013,4,3,1,591,62.055,653.055,e-Shop,Electronics,Mens
22051125105,270561,5/4/2013,4,4,4,1308,549.36,5781.36,e-Shop,Bags,Mens
23702799880,270303,5/4/2013,11,5,2,986,207.06,2179.06,TeleShop,Books,Children
47683781853,274153,5/4/2013,4,3,5,652,342.3,3602.3,Flagship store,Electronics,Mens
18164904382,269254,5/4/2013,2,6,2,1143,240.03,2526.03,e-Shop,Home and kitchen,Furnishing
45692295367,271145,5/4/2013,3,1,5,922,484.05,5094.05,Flagship store,Clothing,Kids
39468082029,272252,5/4/2013,6,5,-3,-395,124.425,-1309.425,e-Shop,Books,DIY
63133897222,268582,5/4/2013,10,6,2,510,107.1,1127.1,e-Shop,Home and kitchen,Audio and video
8980927141,267801,5/4/2013,10,3,4,545,228.9,2408.9,Flagship store,Electronics,Audio and video
18343484813,268715,5/4/2013,11,6,4,1269,532.98,5608.98,e-Shop,Home and kitchen,Children
70164739377,271620,5/4/2013,2,6,3,982,309.33,3255.33,e-Shop,Home and kitchen,Furnishing
73822234340,269104,5/4/2013,4,2,-4,-1146,481.32,-5065.32,Flagship store,Footwear,Mens
68224344618,268548,5/4/2013,10,5,2,515,108.15,1138.15,Flagship store,Books,Audio and video
98673611496,274743,5/4/2013,10,3,4,770,323.4,3403.4,TeleShop,Electronics,Audio and video
97538989899,269279,5/4/2013,11,5,5,674,353.85,3723.85,MBR,Books,Children
96667793628,273543,5/4/2013,1,1,3,1355,426.825,4491.825,e-Shop,Clothing,Women
98096058779,271243,5/4/2013,10,3,5,817,428.925,4513.925,e-Shop,Electronics,Audio and video
77097836360,270131,5/4/2013,8,3,3,1412,444.78,4680.78,e-Shop,Electronics,Personal Appliances
90267692559,274090,5/4/2013,4,4,3,598,188.37,1982.37,TeleShop,Bags,Mens
68429183600,270466,5/4/2013,6,5,-3,-1145,360.675,-3795.675,e-Shop,Books,DIY
69011979220,267690,5/4/2013,3,1,5,343,180.075,1895.075,e-Shop,Clothing,Kids
73099061982,272842,5/4/2013,6,5,5,600,315,3315,MBR,Books,DIY
39468082029,272252,4/4/2013,6,5,3,395,124.425,1309.425,e-Shop,Books,DIY
17999191097,269471,4/4/2013,1,4,-4,-360,151.2,-1591.2,TeleShop,Bags,Women
18666557088,269010,4/4/2013,4,2,5,1477,775.425,8160.425,e-Shop,Footwear,Mens
43072887003,275154,4/4/2013,1,2,3,461,145.215,1528.215,e-Shop,Footwear,Women
10578413643,269142,4/4/2013,10,6,3,508,160.02,1684.02,e-Shop,Home and kitchen,Audio and video
18511265351,274153,4/4/2013,11,6,1,281,29.505,310.505,MBR,Home and kitchen,Children
22835960540,272341,4/4/2013,8,3,4,1120,470.4,4950.4,e-Shop,Electronics,Personal Appliances
23975407593,270203,4/4/2013,1,1,3,377,118.755,1249.755,e-Shop,Clothing,Women
2870562674,271862,4/4/2013,5,3,5,1042,547.05,5757.05,TeleShop,Electronics,Computers
23241662042,269417,4/4/2013,5,3,1,366,38.43,404.43,TeleShop,Electronics,Computers
27917897660,273708,4/4/2013,4,3,1,843,88.515,931.515,Flagship store,Electronics,Mens
52910303771,273478,4/4/2013,8,3,4,803,337.26,3549.26,e-Shop,Electronics,Personal Appliances
36394806852,273719,4/4/2013,10,3,3,863,271.845,2860.845,Flagship store,Electronics,Audio and video
51318985914,274568,4/4/2013,12,5,3,641,201.915,2124.915,MBR,Books,Academic
50169250414,271699,4/4/2013,10,3,1,250,26.25,276.25,e-Shop,Electronics,Audio and video
24936674781,274594,4/4/2013,1,2,5,93,48.825,513.825,MBR,Footwear,Women
51483801540,268069,4/4/2013,6,5,2,182,38.22,402.22,Flagship store,Books,DIY
14854013171,272919,4/4/2013,1,2,2,1102,231.42,2435.42,Flagship store,Footwear,Women
97003821576,267475,4/4/2013,6,5,3,1356,427.14,4495.14,e-Shop,Books,DIY
99143926544,267661,4/4/2013,10,3,1,349,36.645,385.645,Flagship store,Electronics,Audio and video
72548019897,274548,4/4/2013,1,4,3,1173,369.495,3888.495,Flagship store,Bags,Women
71857372279,275016,4/4/2013,6,5,5,1017,533.925,5618.925,MBR,Books,DIY
68429183600,270466,4/4/2013,6,5,3,1145,360.675,3795.675,e-Shop,Books,DIY
81269741914,267907,4/4/2013,11,5,-5,-1373,720.825,-7585.825,e-Shop,Books,Children
63743964508,269375,4/4/2013,4,4,5,194,101.85,1071.85,Flagship store,Bags,Mens
87018256493,274809,4/4/2013,10,3,5,1393,731.325,7696.325,e-Shop,Electronics,Audio and video
88680323364,268011,4/4/2013,10,3,5,1054,553.35,5823.35,Flagship store,Electronics,Audio and video
79379877406,267356,4/4/2013,4,4,4,425,178.5,1878.5,Flagship store,Bags,Mens
51163937553,271488,3/4/2013,7,5,3,314,98.91,1040.91,e-Shop,Books,Fiction
22295890061,267667,3/4/2013,12,6,1,677,71.085,748.085,e-Shop,Home and kitchen,Academic
12473155192,271719,3/4/2013,10,6,-1,-780,81.9,-861.9,e-Shop,Home and kitchen,Audio and video
48746732515,269119,3/4/2013,3,1,2,1261,264.81,2786.81,Flagship store,Clothing,Kids
58097159424,272359,3/4/2013,10,6,2,913,191.73,2017.73,TeleShop,Home and kitchen,Audio and video
44130941368,271221,3/4/2013,5,3,3,1413,445.095,4684.095,Flagship store,Electronics,Computers
24113900219,275265,3/4/2013,2,6,3,719,226.485,2383.485,Flagship store,Home and kitchen,Furnishing
52354385078,274476,3/4/2013,11,5,1,151,15.855,166.855,e-Shop,Books,Children
10719809516,270172,3/4/2013,1,4,2,651,136.71,1438.71,e-Shop,Bags,Women
2808387161,271150,3/4/2013,12,6,1,945,99.225,1044.225,MBR,Home and kitchen,Academic
47916247207,274837,3/4/2013,10,5,-1,-246,25.83,-271.83,e-Shop,Books,Audio and video
83404005763,272038,3/4/2013,9,3,4,494,207.48,2183.48,TeleShop,Electronics,Cameras
82923773065,268521,3/4/2013,10,6,1,669,70.245,739.245,Flagship store,Home and kitchen,Audio and video
65968789259,271832,3/4/2013,8,3,4,1020,428.4,4508.4,e-Shop,Electronics,Personal Appliances
64374072668,274073,3/4/2013,4,3,1,1114,116.97,1230.97,e-Shop,Electronics,Mens
98611003566,271395,3/4/2013,11,6,3,947,298.305,3139.305,Flagship store,Home and kitchen,Children
66282915853,269861,3/4/2013,10,3,3,1414,445.41,4687.41,MBR,Electronics,Audio and video
96636217169,272982,3/4/2013,4,4,2,209,43.89,461.89,TeleShop,Bags,Mens
50814709877,268860,2/4/2013,2,6,-4,-145,60.9,-640.9,e-Shop,Home and kitchen,Furnishing
15352984917,269884,2/4/2013,8,3,-1,-783,82.215,-865.215,Flagship store,Electronics,Personal Appliances
61500454635,268672,2/4/2013,4,2,-3,-660,207.9,-2187.9,TeleShop,Footwear,Mens
55709187704,268387,2/4/2013,12,5,3,351,110.565,1163.565,e-Shop,Books,Academic
18248249548,272618,2/4/2013,3,2,1,114,11.97,125.97,TeleShop,Footwear,Kids
15383591328,275141,2/4/2013,9,3,1,1097,115.185,1212.185,TeleShop,Electronics,Cameras
12473155192,271719,2/4/2013,10,6,1,780,81.9,861.9,e-Shop,Home and kitchen,Audio and video
43990550500,270374,2/4/2013,5,3,5,148,77.7,817.7,e-Shop,Electronics,Computers
12425822794,274854,2/4/2013,8,3,3,900,283.5,2983.5,Flagship store,Electronics,Personal Appliances
13752283163,271153,2/4/2013,10,5,1,1400,147,1547,e-Shop,Books,Audio and video
4298523797,270754,2/4/2013,8,3,3,1162,366.03,3852.03,TeleShop,Electronics,Personal Appliances
37223435003,270453,2/4/2013,1,4,3,652,205.38,2161.38,MBR,Bags,Women
36083030692,270565,2/4/2013,7,5,5,142,74.55,784.55,Flagship store,Books,Fiction
24904155825,267805,2/4/2013,1,4,5,686,360.15,3790.15,Flagship store,Bags,Women
42962938899,268593,2/4/2013,12,6,3,263,82.845,871.845,MBR,Home and kitchen,Academic
93595198400,273760,2/4/2013,11,6,3,167,52.605,553.605,e-Shop,Home and kitchen,Children
91234807101,266858,2/4/2013,10,6,5,1042,547.05,5757.05,e-Shop,Home and kitchen,Audio and video
72627117427,272094,2/4/2013,10,6,4,685,287.7,3027.7,Flagship store,Home and kitchen,Audio and video
72571970518,273218,2/4/2013,1,2,5,194,101.85,1071.85,e-Shop,Footwear,Women
73822234340,269104,2/4/2013,4,2,4,1146,481.32,5065.32,Flagship store,Footwear,Mens
74944544955,269403,2/4/2013,3,1,1,826,86.73,912.73,e-Shop,Clothing,Kids
94404594420,269002,2/4/2013,5,3,1,350,36.75,386.75,MBR,Electronics,Computers
30636748075,268538,1/4/2013,4,2,1,595,62.475,657.475,MBR,Footwear,Mens
22674579021,273915,1/4/2013,7,5,-2,-637,133.77,-1407.77,TeleShop,Books,Fiction
37202415515,268131,1/4/2013,1,1,1,856,89.88,945.88,MBR,Clothing,Women
384322819,271568,1/4/2013,11,5,4,1046,439.32,4623.32,TeleShop,Books,Children
37500259394,267734,1/4/2013,5,3,2,1019,213.99,2251.99,Flagship store,Electronics,Computers
6690078492,268292,1/4/2013,1,2,-2,-187,39.27,-413.27,Flagship store,Footwear,Women
61635650451,275246,1/4/2013,3,5,1,1289,135.345,1424.345,Flagship store,Books,Kids
12438739010,267447,1/4/2013,2,6,5,873,458.325,4823.325,e-Shop,Home and kitchen,Furnishing
5372344694,269691,1/4/2013,1,4,3,804,253.26,2665.26,e-Shop,Bags,Women
61935742529,269646,1/4/2013,8,3,1,1221,128.205,1349.205,Flagship store,Electronics,Personal Appliances
60685487305,274589,1/4/2013,11,6,2,464,97.44,1025.44,Flagship store,Home and kitchen,Children
9299564251,269636,1/4/2013,7,5,5,613,321.825,3386.825,MBR,Books,Fiction
15352984917,269884,1/4/2013,8,3,1,783,82.215,865.215,Flagship store,Electronics,Personal Appliances
51789324318,273686,1/4/2013,12,6,5,114,59.85,629.85,e-Shop,Home and kitchen,Academic
47348310313,272386,1/4/2013,10,3,4,1051,441.42,4645.42,e-Shop,Electronics,Audio and video
3812315425,270718,1/4/2013,7,5,1,997,104.685,1101.685,e-Shop,Books,Fiction
35786439169,272648,1/4/2013,12,6,5,849,445.725,4690.725,MBR,Home and kitchen,Academic
74271339842,274881,1/4/2013,12,5,1,745,78.225,823.225,e-Shop,Books,Academic
99808537782,273659,1/4/2013,2,6,5,856,449.4,4729.4,TeleShop,Home and kitchen,Furnishing
74962833376,268640,1/4/2013,8,3,2,1445,303.45,3193.45,Flagship store,Electronics,Personal Appliances
65383153391,268399,1/4/2013,4,2,4,1318,553.56,5825.56,e-Shop,Footwear,Mens
88010808173,274420,1/4/2013,3,1,2,951,199.71,2101.71,e-Shop,Clothing,Kids
90151988764,274484,1/4/2013,11,6,1,195,20.475,215.475,MBR,Home and kitchen,Children
75711964115,270581,1/4/2013,10,6,4,1427,599.34,6307.34,e-Shop,Home and kitchen,Audio and video
70204799428,272766,1/4/2013,11,5,3,423,133.245,1402.245,TeleShop,Books,Children
64682279772,270809,1/4/2013,10,3,4,1053,442.26,4654.26,e-Shop,Electronics,Audio and video
86763471277,268274,1/4/2013,11,6,5,72,37.8,397.8,Flagship store,Home and kitchen,Children
92908164962,267517,1/4/2013,2,6,5,849,445.725,4690.725,TeleShop,Home and kitchen,Furnishing
85006451537,270053,1/4/2013,12,6,1,617,64.785,681.785,TeleShop,Home and kitchen,Academic
28463518871,269559,31-03-2013,10,3,3,446,140.49,1478.49,MBR,Electronics,Audio and video
57159189042,267143,31-03-2013,10,6,5,1219,639.975,6734.975,Flagship store,Home and kitchen,Audio and video
10812502867,273151,31-03-2013,4,4,5,581,305.025,3210.025,TeleShop,Bags,Mens
443968265,271777,31-03-2013,5,3,3,1283,404.145,4253.145,Flagship store,Electronics,Computers
38001975106,274638,31-03-2013,4,1,5,1000,525,5525,TeleShop,Clothing,Mens
17867476335,267173,31-03-2013,3,5,5,272,142.8,1502.8,Flagship store,Books,Kids
20516722773,270889,31-03-2013,4,1,1,1161,121.905,1282.905,TeleShop,Clothing,Mens
21336313261,271512,31-03-2013,4,4,5,1183,621.075,6536.075,e-Shop,Bags,Mens
44089461405,273264,31-03-2013,1,1,5,1029,540.225,5685.225,e-Shop,Clothing,Women
47916247207,274837,31-03-2013,10,5,1,246,25.83,271.83,e-Shop,Books,Audio and video
35762064564,270573,31-03-2013,2,6,1,1392,146.16,1538.16,e-Shop,Home and kitchen,Furnishing
73964576476,269883,31-03-2013,6,5,3,280,88.2,928.2,e-Shop,Books,DIY
94551174560,267504,31-03-2013,1,4,4,914,383.88,4039.88,TeleShop,Bags,Women
82703220030,273900,31-03-2013,12,6,5,231,121.275,1276.275,e-Shop,Home and kitchen,Academic
73169005331,274432,31-03-2013,9,3,4,1025,430.5,4530.5,MBR,Electronics,Cameras
84985930549,271814,31-03-2013,1,1,4,885,371.7,3911.7,e-Shop,Clothing,Women
67858620539,269184,31-03-2013,6,5,3,165,51.975,546.975,Flagship store,Books,DIY
65867401816,268159,31-03-2013,11,5,5,214,112.35,1182.35,MBR,Books,Children
33553588802,271323,30-03-2013,1,2,5,506,265.65,2795.65,Flagship store,Footwear,Women
30954923904,267637,30-03-2013,9,3,5,282,148.05,1558.05,Flagship store,Electronics,Cameras
28636004600,267406,30-03-2013,1,1,5,243,127.575,1342.575,MBR,Clothing,Women
19693241186,270692,30-03-2013,4,3,4,749,314.58,3310.58,e-Shop,Electronics,Mens
28909956918,268991,30-03-2013,11,6,3,169,53.235,560.235,e-Shop,Home and kitchen,Children
22603337745,272242,30-03-2013,1,1,3,1043,328.545,3457.545,e-Shop,Clothing,Women
31481762193,268411,30-03-2013,1,2,2,201,42.21,444.21,TeleShop,Footwear,Women
97346624456,275081,30-03-2013,10,5,3,817,257.355,2708.355,MBR,Books,Audio and video
98456505332,271514,30-03-2013,12,5,-1,-335,35.175,-370.175,e-Shop,Books,Academic
83576777405,269511,30-03-2013,11,5,5,370,194.25,2044.25,MBR,Books,Children
68600785847,268997,30-03-2013,4,1,4,1336,561.12,5905.12,e-Shop,Clothing,Mens
87754053788,271834,30-03-2013,1,1,4,741,311.22,3275.22,TeleShop,Clothing,Women
95463302804,273695,30-03-2013,8,3,3,893,281.295,2960.295,e-Shop,Electronics,Personal Appliances
99278726236,275206,30-03-2013,4,4,2,795,166.95,1756.95,Flagship store,Bags,Mens
73586284020,268942,30-03-2013,5,3,5,950,498.75,5248.75,e-Shop,Electronics,Computers
63962850825,274224,30-03-2013,2,6,4,1432,601.44,6329.44,MBR,Home and kitchen,Furnishing
69979167432,269913,30-03-2013,4,1,1,369,38.745,407.745,e-Shop,Clothing,Mens
99676640618,274221,30-03-2013,3,1,2,496,104.16,1096.16,TeleShop,Clothing,Kids
94086690903,271465,30-03-2013,3,5,4,212,89.04,937.04,MBR,Books,Kids
11770647035,273255,29-03-2013,8,3,5,240,126,1326,e-Shop,Electronics,Personal Appliances
43172643386,271836,29-03-2013,12,5,2,866,181.86,1913.86,TeleShop,Books,Academic
50814709877,268860,29-03-2013,2,6,4,145,60.9,640.9,e-Shop,Home and kitchen,Furnishing
50016325512,273038,29-03-2013,10,6,4,1467,616.14,6484.14,Flagship store,Home and kitchen,Audio and video
51891302839,267452,29-03-2013,12,5,3,842,265.23,2791.23,MBR,Books,Academic
12641704977,269529,29-03-2013,1,2,5,907,476.175,5011.175,e-Shop,Footwear,Women
30318766470,268694,29-03-2013,8,3,3,1312,413.28,4349.28,MBR,Electronics,Personal Appliances
97006588108,272341,29-03-2013,4,4,3,197,62.055,653.055,Flagship store,Bags,Mens
81269741914,267907,29-03-2013,11,5,5,1373,720.825,7585.825,e-Shop,Books,Children
70604580354,268510,29-03-2013,3,1,1,272,28.56,300.56,TeleShop,Clothing,Kids
88119971455,272738,29-03-2013,1,1,-4,-1226,514.92,-5418.92,TeleShop,Clothing,Women
90018705579,271144,29-03-2013,11,5,4,948,398.16,4190.16,e-Shop,Books,Children
67944016762,266816,29-03-2013,8,3,1,1377,144.585,1521.585,TeleShop,Electronics,Personal Appliances
41197703710,268202,28-03-2013,10,3,1,551,57.855,608.855,MBR,Electronics,Audio and video
36819865771,273775,28-03-2013,11,6,3,318,100.17,1054.17,e-Shop,Home and kitchen,Children
3855029167,274616,28-03-2013,3,1,1,1090,114.45,1204.45,e-Shop,Clothing,Kids
12845131567,271975,28-03-2013,2,6,4,1383,580.86,6112.86,Flagship store,Home and kitchen,Furnishing
31342373483,268360,28-03-2013,8,3,4,208,87.36,919.36,MBR,Electronics,Personal Appliances
34008363909,268169,28-03-2013,5,3,1,513,53.865,566.865,MBR,Electronics,Computers
43549085521,266822,28-03-2013,12,5,-4,-615,258.3,-2718.3,e-Shop,Books,Academic
21689126708,272431,28-03-2013,12,6,1,140,14.7,154.7,e-Shop,Home and kitchen,Academic
17999191097,269471,28-03-2013,1,4,4,360,151.2,1591.2,TeleShop,Bags,Women
730161507,272080,28-03-2013,12,5,3,243,76.545,805.545,MBR,Books,Academic
2786700220,272803,28-03-2013,4,1,3,494,155.61,1637.61,e-Shop,Clothing,Mens
36101190286,269134,28-03-2013,4,1,3,640,201.6,2121.6,TeleShop,Clothing,Mens
2496521643,268364,28-03-2013,5,3,5,967,507.675,5342.675,TeleShop,Electronics,Computers
20369518209,273791,28-03-2013,3,2,3,402,126.63,1332.63,e-Shop,Footwear,Kids
4966591856,273492,28-03-2013,4,2,4,1369,574.98,6050.98,MBR,Footwear,Mens
6890013998,275233,28-03-2013,12,6,4,241,101.22,1065.22,e-Shop,Home and kitchen,Academic
87154899485,271304,28-03-2013,4,2,4,1401,588.42,6192.42,TeleShop,Footwear,Mens
69702986795,271283,28-03-2013,4,4,3,1379,434.385,4571.385,TeleShop,Bags,Mens
73610779019,269145,28-03-2013,10,3,3,1430,450.45,4740.45,Flagship store,Electronics,Audio and video
88119971455,272738,28-03-2013,1,1,4,1226,514.92,5418.92,TeleShop,Clothing,Women
70702987118,269539,28-03-2013,7,5,-5,-1327,696.675,-7331.675,MBR,Books,Fiction
736344248,268706,27-03-2013,4,1,4,1317,553.14,5821.14,Flagship store,Clothing,Mens
26264839788,268624,27-03-2013,1,1,2,710,149.1,1569.1,e-Shop,Clothing,Women
38234512428,270539,27-03-2013,3,1,1,1001,105.105,1106.105,e-Shop,Clothing,Kids
29338317948,273053,27-03-2013,8,3,3,460,144.9,1524.9,MBR,Electronics,Personal Appliances
42848688361,271577,27-03-2013,12,6,1,324,34.02,358.02,e-Shop,Home and kitchen,Academic
3842539747,274459,27-03-2013,6,5,5,1234,647.85,6817.85,MBR,Books,DIY
14798067166,273014,27-03-2013,2,6,-3,-905,285.075,-3000.075,e-Shop,Home and kitchen,Furnishing
30446639935,270384,27-03-2013,11,5,1,151,15.855,166.855,TeleShop,Books,Children
7949936979,273882,27-03-2013,12,5,1,612,64.26,676.26,MBR,Books,Academic
51872275596,269574,27-03-2013,3,1,1,357,37.485,394.485,Flagship store,Clothing,Kids
39483608825,274770,27-03-2013,10,6,5,512,268.8,2828.8,TeleShop,Home and kitchen,Audio and video
54788352859,274875,27-03-2013,12,6,5,1308,686.7,7226.7,e-Shop,Home and kitchen,Academic
36991178172,270240,27-03-2013,1,1,3,1349,424.935,4471.935,Flagship store,Clothing,Women
68111583145,269982,27-03-2013,10,5,4,920,386.4,4066.4,TeleShop,Books,Audio and video
76092584867,267604,27-03-2013,1,2,5,149,78.225,823.225,Flagship store,Footwear,Women
97716256434,271760,27-03-2013,10,6,4,885,371.7,3911.7,MBR,Home and kitchen,Audio and video
89984236397,269054,27-03-2013,12,5,3,857,269.955,2840.955,Flagship store,Books,Academic
75057290076,268461,27-03-2013,7,5,4,1007,422.94,4450.94,Flagship store,Books,Fiction
64094239825,269195,27-03-2013,3,1,5,967,507.675,5342.675,TeleShop,Clothing,Kids
77360393504,271916,27-03-2013,8,3,4,129,54.18,570.18,e-Shop,Electronics,Personal Appliances
92628444622,274471,27-03-2013,10,3,3,1460,459.9,4839.9,MBR,Electronics,Audio and video
20109405877,269991,26-03-2013,4,2,2,1354,284.34,2992.34,e-Shop,Footwear,Mens
17071454870,267411,26-03-2013,8,3,3,542,170.73,1796.73,TeleShop,Electronics,Personal Appliances
7867717950,274535,26-03-2013,10,6,2,603,126.63,1332.63,e-Shop,Home and kitchen,Audio and video
22183404157,269241,26-03-2013,9,3,1,1425,149.625,1574.625,Flagship store,Electronics,Cameras
53302685377,275123,26-03-2013,3,5,3,896,282.24,2970.24,e-Shop,Books,Kids
1531538858,273051,26-03-2013,8,3,-4,-1052,441.84,-4649.84,Flagship store,Electronics,Personal Appliances
38057493140,273927,26-03-2013,10,5,1,1399,146.895,1545.895,MBR,Books,Audio and video
48814760148,268077,26-03-2013,3,1,2,527,110.67,1164.67,e-Shop,Clothing,Kids
18647938468,268481,26-03-2013,10,3,3,899,283.185,2980.185,e-Shop,Electronics,Audio and video
61500454635,268672,26-03-2013,4,2,3,660,207.9,2187.9,TeleShop,Footwear,Mens
17524250201,275089,26-03-2013,7,5,3,927,292.005,3073.005,MBR,Books,Fiction
20117097658,270039,26-03-2013,1,4,2,1486,312.06,3284.06,e-Shop,Bags,Women
82983624237,275002,26-03-2013,11,6,4,558,234.36,2466.36,Flagship store,Home and kitchen,Children
93873054470,271580,26-03-2013,1,1,4,932,391.44,4119.44,e-Shop,Clothing,Women
99834796531,273823,26-03-2013,11,5,5,940,493.5,5193.5,MBR,Books,Children
71186342019,267768,26-03-2013,3,5,3,123,38.745,407.745,e-Shop,Books,Kids
77779848289,267147,26-03-2013,4,1,3,100,31.5,331.5,e-Shop,Clothing,Mens
72650164465,272639,26-03-2013,4,1,1,1170,122.85,1292.85,e-Shop,Clothing,Mens
37810763119,268260,25-03-2013,6,5,1,343,36.015,379.015,MBR,Books,DIY
22675443015,269988,25-03-2013,9,3,3,902,284.13,2990.13,e-Shop,Electronics,Cameras
49340676298,266867,25-03-2013,7,5,4,1356,569.52,5993.52,Flagship store,Books,Fiction
40602355617,271139,25-03-2013,8,3,3,894,281.61,2963.61,TeleShop,Electronics,Personal Appliances
33384276073,272328,25-03-2013,11,5,4,598,251.16,2643.16,e-Shop,Books,Children
62538503319,269844,25-03-2013,1,1,1,1192,125.16,1317.16,e-Shop,Clothing,Women
59228215621,269365,25-03-2013,12,6,1,606,63.63,669.63,e-Shop,Home and kitchen,Academic
6690078492,268292,25-03-2013,1,2,2,187,39.27,413.27,Flagship store,Footwear,Women
59912163501,273030,25-03-2013,12,6,4,948,398.16,4190.16,e-Shop,Home and kitchen,Academic
51336149029,269673,25-03-2013,10,6,1,318,33.39,351.39,Flagship store,Home and kitchen,Audio and video
23962966162,269018,25-03-2013,7,5,4,1407,590.94,6218.94,Flagship store,Books,Fiction
57392120434,273515,25-03-2013,4,2,5,643,337.575,3552.575,e-Shop,Footwear,Mens
59639840127,269551,25-03-2013,1,1,3,1104,347.76,3659.76,MBR,Clothing,Women
80630296515,275222,25-03-2013,1,4,5,470,246.75,2596.75,e-Shop,Bags,Women
66041858627,273543,25-03-2013,7,5,-5,-131,68.775,-723.775,e-Shop,Books,Fiction
86474806534,271735,25-03-2013,9,3,1,1299,136.395,1435.395,MBR,Electronics,Cameras
11509159809,271210,24-03-2013,10,3,3,422,132.93,1398.93,Flagship store,Electronics,Audio and video
36430155975,268024,24-03-2013,9,3,5,1395,732.375,7707.375,TeleShop,Electronics,Cameras
52285243016,275040,24-03-2013,8,3,5,872,457.8,4817.8,e-Shop,Electronics,Personal Appliances
15435341860,267995,24-03-2013,12,5,-5,-1423,747.075,-7862.075,TeleShop,Books,Academic
13676535747,272005,24-03-2013,12,6,-5,-738,387.45,-4077.45,e-Shop,Home and kitchen,Academic
43549085521,266822,24-03-2013,12,5,4,615,258.3,2718.3,e-Shop,Books,Academic
27212561824,272790,24-03-2013,12,6,-4,-327,137.34,-1445.34,e-Shop,Home and kitchen,Academic
37847951192,270374,24-03-2013,6,5,5,811,425.775,4480.775,MBR,Books,DIY
20886469985,270578,24-03-2013,5,3,2,203,42.63,448.63,Flagship store,Electronics,Computers
38410403443,272192,24-03-2013,1,2,4,621,260.82,2744.82,e-Shop,Footwear,Women
9572645571,272168,24-03-2013,8,3,5,588,308.7,3248.7,Flagship store,Electronics,Personal Appliances
1554217041,273503,24-03-2013,3,1,1,1402,147.21,1549.21,e-Shop,Clothing,Kids
91685718173,270963,24-03-2013,9,3,1,120,12.6,132.6,e-Shop,Electronics,Cameras
88103826123,268490,24-03-2013,3,1,-5,-804,422.1,-4442.1,TeleShop,Clothing,Kids
76425614087,270164,24-03-2013,10,3,2,755,158.55,1668.55,e-Shop,Electronics,Audio and video
80736937792,267499,24-03-2013,4,2,1,1242,130.41,1372.41,e-Shop,Footwear,Mens
83455740023,273081,24-03-2013,9,3,1,1072,112.56,1184.56,TeleShop,Electronics,Cameras
36308184837,267328,23-03-2013,3,1,3,128,40.32,424.32,e-Shop,Clothing,Kids
27764918371,269043,23-03-2013,3,5,2,177,37.17,391.17,MBR,Books,Kids
61396537613,272996,23-03-2013,3,2,1,800,84,884,TeleShop,Footwear,Kids
32349936281,274211,23-03-2013,11,6,4,1421,596.82,6280.82,e-Shop,Home and kitchen,Children
55207960871,267801,23-03-2013,4,1,4,131,55.02,579.02,e-Shop,Clothing,Mens
31460456957,274395,23-03-2013,10,3,4,660,277.2,2917.2,TeleShop,Electronics,Audio and video
19594252078,269645,23-03-2013,10,5,-3,-1344,423.36,-4455.36,MBR,Books,Audio and video
19695653288,272242,23-03-2013,2,6,5,1446,759.15,7989.15,TeleShop,Home and kitchen,Furnishing
13140723817,269864,23-03-2013,1,1,1,786,82.53,868.53,e-Shop,Clothing,Women
13763594442,273705,23-03-2013,3,1,5,1375,721.875,7596.875,e-Shop,Clothing,Kids
54100679171,274366,23-03-2013,1,2,2,1166,244.86,2576.86,Flagship store,Footwear,Women
44908882609,271988,23-03-2013,8,3,2,1071,224.91,2366.91,e-Shop,Electronics,Personal Appliances
23709469442,273714,23-03-2013,5,3,1,953,100.065,1053.065,MBR,Electronics,Computers
7086023213,271348,23-03-2013,3,1,2,341,71.61,753.61,e-Shop,Clothing,Kids
10076543719,266919,23-03-2013,11,6,5,593,311.325,3276.325,TeleShop,Home and kitchen,Children
42196790813,273363,23-03-2013,1,2,3,809,254.835,2681.835,TeleShop,Footwear,Women
22041430618,275149,23-03-2013,6,5,3,869,273.735,2880.735,e-Shop,Books,DIY
36058220341,268617,23-03-2013,3,1,1,1239,130.095,1369.095,e-Shop,Clothing,Kids
18266763140,273760,23-03-2013,11,5,4,1381,580.02,6104.02,e-Shop,Books,Children
33599020884,274649,23-03-2013,4,4,-1,-1306,137.13,-1443.13,Flagship store,Bags,Mens
66396298593,272638,23-03-2013,5,3,3,938,295.47,3109.47,Flagship store,Electronics,Computers
94307540847,267938,23-03-2013,3,5,-4,-909,381.78,-4017.78,TeleShop,Books,Kids
66866241351,272879,23-03-2013,11,5,2,820,172.2,1812.2,e-Shop,Books,Children
94956713072,271944,23-03-2013,4,2,5,1500,787.5,8287.5,e-Shop,Footwear,Mens
93284096358,271657,23-03-2013,9,3,3,1105,348.075,3663.075,Flagship store,Electronics,Cameras
73074977482,271567,23-03-2013,9,3,5,1127,591.675,6226.675,e-Shop,Electronics,Cameras
98456505332,271514,23-03-2013,12,5,1,335,35.175,370.175,e-Shop,Books,Academic
68136709034,275088,23-03-2013,4,2,3,1442,454.23,4780.23,MBR,Footwear,Mens
22674579021,273915,22-03-2013,7,5,2,637,133.77,1407.77,TeleShop,Books,Fiction
3342781888,273395,22-03-2013,3,1,3,278,87.57,921.57,Flagship store,Clothing,Kids
30080828406,270148,22-03-2013,3,5,2,164,34.44,362.44,TeleShop,Books,Kids
899950155,271078,22-03-2013,9,3,5,1147,602.175,6337.175,Flagship store,Electronics,Cameras
13511219572,269101,22-03-2013,10,5,5,1498,786.45,8276.45,MBR,Books,Audio and video
6008704445,271363,22-03-2013,4,2,2,618,129.78,1365.78,Flagship store,Footwear,Mens
18489183515,269245,22-03-2013,7,5,3,308,97.02,1021.02,e-Shop,Books,Fiction
5460055053,271749,22-03-2013,11,6,-4,-748,314.16,-3306.16,e-Shop,Home and kitchen,Children
24302389102,270770,22-03-2013,4,4,-1,-1122,117.81,-1239.81,e-Shop,Bags,Mens
3295483875,272050,22-03-2013,3,1,-3,-1282,403.83,-4249.83,e-Shop,Clothing,Kids
49919154050,270387,22-03-2013,3,1,-4,-800,336,-3536,e-Shop,Clothing,Kids
43601239827,268952,22-03-2013,10,5,4,873,366.66,3858.66,e-Shop,Books,Audio and video
71638554045,270441,22-03-2013,6,5,3,1277,402.255,4233.255,TeleShop,Books,DIY
63345965315,269036,22-03-2013,11,5,1,409,42.945,451.945,e-Shop,Books,Children
78720059098,270693,22-03-2013,12,6,1,1146,120.33,1266.33,e-Shop,Home and kitchen,Academic
87158579709,268177,22-03-2013,10,6,4,721,302.82,3186.82,TeleShop,Home and kitchen,Audio and video
81383763106,270571,22-03-2013,3,2,5,606,318.15,3348.15,e-Shop,Footwear,Kids
82687336667,266945,22-03-2013,4,3,3,394,124.11,1306.11,e-Shop,Electronics,Mens
79836039885,270582,22-03-2013,7,5,2,154,32.34,340.34,e-Shop,Books,Fiction
84025679584,269373,22-03-2013,3,1,1,1019,106.995,1125.995,Flagship store,Clothing,Kids
39809394454,273257,21-03-2013,1,1,5,1153,605.325,6370.325,e-Shop,Clothing,Women
46694904625,274359,21-03-2013,3,1,2,611,128.31,1350.31,e-Shop,Clothing,Kids
15435341860,267995,21-03-2013,12,5,5,1423,747.075,7862.075,TeleShop,Books,Academic
14798067166,273014,21-03-2013,2,6,3,905,285.075,3000.075,e-Shop,Home and kitchen,Furnishing
60140748807,270463,21-03-2013,3,2,-2,-401,84.21,-886.21,MBR,Footwear,Kids
19385509416,273703,21-03-2013,4,2,3,171,53.865,566.865,MBR,Footwear,Mens
10847826341,268875,21-03-2013,4,4,4,369,154.98,1630.98,TeleShop,Bags,Mens
41998190363,272833,21-03-2013,4,1,4,168,70.56,742.56,Flagship store,Clothing,Mens
6529373824,273410,21-03-2013,10,6,5,769,403.725,4248.725,Flagship store,Home and kitchen,Audio and video
4636564530,267698,21-03-2013,7,5,-1,-102,10.71,-112.71,MBR,Books,Fiction
47836783085,272341,21-03-2013,4,4,3,235,74.025,779.025,TeleShop,Bags,Mens
20165579555,267148,21-03-2013,9,3,2,787,165.27,1739.27,e-Shop,Electronics,Cameras
98649406026,266819,21-03-2013,4,4,3,1137,358.155,3769.155,e-Shop,Bags,Mens
75977851880,274926,21-03-2013,1,1,3,976,307.44,3235.44,e-Shop,Clothing,Women
85810990940,271690,21-03-2013,4,1,1,611,64.155,675.155,MBR,Clothing,Mens
72315713887,267740,21-03-2013,1,4,1,661,69.405,730.405,MBR,Bags,Women
71477640048,274303,21-03-2013,2,6,3,168,52.92,556.92,e-Shop,Home and kitchen,Furnishing
66895894381,267690,21-03-2013,6,5,2,1102,231.42,2435.42,e-Shop,Books,DIY
98841404520,273084,21-03-2013,6,5,5,462,242.55,2552.55,Flagship store,Books,DIY
32489654262,271204,20-03-2013,11,6,5,1197,628.425,6613.425,Flagship store,Home and kitchen,Children
1531538858,273051,20-03-2013,8,3,4,1052,441.84,4649.84,Flagship store,Electronics,Personal Appliances
51385998231,268279,20-03-2013,11,5,2,1428,299.88,3155.88,e-Shop,Books,Children
17933084244,271046,20-03-2013,2,6,5,117,61.425,646.425,e-Shop,Home and kitchen,Furnishing
51931582910,268329,20-03-2013,4,1,2,671,140.91,1482.91,e-Shop,Clothing,Mens
34158242590,268677,20-03-2013,3,5,2,745,156.45,1646.45,Flagship store,Books,Kids
23914061502,272752,20-03-2013,1,2,1,869,91.245,960.245,Flagship store,Footwear,Women
21573215776,269645,20-03-2013,10,6,4,423,177.66,1869.66,e-Shop,Home and kitchen,Audio and video
55955314599,271626,20-03-2013,11,6,5,1039,545.475,5740.475,TeleShop,Home and kitchen,Children
27212561824,272790,20-03-2013,12,6,4,327,137.34,1445.34,e-Shop,Home and kitchen,Academic
5460055053,271749,20-03-2013,11,6,4,748,314.16,3306.16,e-Shop,Home and kitchen,Children
628715978,267588,20-03-2013,3,1,2,102,21.42,225.42,TeleShop,Clothing,Kids
32505767697,275023,20-03-2013,11,6,-1,-520,54.6,-574.6,TeleShop,Home and kitchen,Children
55606488633,272339,20-03-2013,12,6,5,1070,561.75,5911.75,e-Shop,Home and kitchen,Academic
32699515183,269776,20-03-2013,10,6,4,160,67.2,707.2,Flagship store,Home and kitchen,Audio and video
472353347,273463,20-03-2013,1,1,3,1475,464.625,4889.625,e-Shop,Clothing,Women
55619305948,273171,20-03-2013,5,3,2,698,146.58,1542.58,Flagship store,Electronics,Computers
77870673488,271108,20-03-2013,4,1,4,241,101.22,1065.22,e-Shop,Clothing,Mens
94307540847,267938,20-03-2013,3,5,4,909,381.78,4017.78,TeleShop,Books,Kids
69480566994,273414,20-03-2013,10,6,-1,-928,97.44,-1025.44,e-Shop,Home and kitchen,Audio and video
84978883989,269076,20-03-2013,3,5,1,977,102.585,1079.585,Flagship store,Books,Kids
69480531202,269240,20-03-2013,11,5,3,1357,427.455,4498.455,Flagship store,Books,Children
86185241040,270306,20-03-2013,1,4,2,911,191.31,2013.31,e-Shop,Bags,Women
82818504552,271448,20-03-2013,4,4,2,1179,247.59,2605.59,e-Shop,Bags,Mens
65986579836,274261,20-03-2013,12,5,3,106,33.39,351.39,e-Shop,Books,Academic
55629905677,267034,19-03-2013,11,6,5,1253,657.825,6922.825,TeleShop,Home and kitchen,Children
24098572672,274023,19-03-2013,3,2,4,1039,436.38,4592.38,Flagship store,Footwear,Kids
44898109877,272518,19-03-2013,1,4,2,1011,212.31,2234.31,Flagship store,Bags,Women
24739378039,273337,19-03-2013,11,5,3,728,229.32,2413.32,Flagship store,Books,Children
56601906905,270653,19-03-2013,7,5,1,795,83.475,878.475,e-Shop,Books,Fiction
42998618561,267233,19-03-2013,10,3,5,370,194.25,2044.25,MBR,Electronics,Audio and video
4511129330,268211,19-03-2013,1,4,4,1252,525.84,5533.84,TeleShop,Bags,Women
60287272743,270080,19-03-2013,11,5,2,537,112.77,1186.77,e-Shop,Books,Children
51311482123,273058,19-03-2013,12,6,3,414,130.41,1372.41,e-Shop,Home and kitchen,Academic
7266000053,272456,19-03-2013,4,1,4,94,39.48,415.48,MBR,Clothing,Mens
36243547063,268371,19-03-2013,1,4,1,373,39.165,412.165,MBR,Bags,Women
52778859769,271589,19-03-2013,6,5,3,1092,343.98,3619.98,Flagship store,Books,DIY
47998878836,274549,19-03-2013,4,4,3,371,116.865,1229.865,e-Shop,Bags,Mens
21477130695,268589,19-03-2013,10,3,1,815,85.575,900.575,MBR,Electronics,Audio and video
88103826123,268490,19-03-2013,3,1,5,804,422.1,4442.1,TeleShop,Clothing,Kids
65652143998,272322,19-03-2013,5,3,2,1142,239.82,2523.82,Flagship store,Electronics,Computers
74318710496,270780,19-03-2013,4,3,-4,-1063,446.46,-4698.46,e-Shop,Electronics,Mens
90984433880,267905,19-03-2013,11,6,1,774,81.27,855.27,Flagship store,Home and kitchen,Children
74459005673,271770,19-03-2013,10,5,3,1268,399.42,4203.42,MBR,Books,Audio and video
64499673121,274876,19-03-2013,4,2,5,153,80.325,845.325,e-Shop,Footwear,Mens
70301027887,271873,19-03-2013,11,5,1,330,34.65,364.65,MBR,Books,Children
64802137719,269042,19-03-2013,11,6,2,1000,210,2210,TeleShop,Home and kitchen,Children
63864958810,273214,19-03-2013,12,5,4,1025,430.5,4530.5,e-Shop,Books,Academic
74725616340,275159,19-03-2013,10,6,2,462,97.02,1021.02,e-Shop,Home and kitchen,Audio and video
66041858627,273543,19-03-2013,7,5,5,131,68.775,723.775,e-Shop,Books,Fiction
28570720299,269639,18-03-2013,1,1,4,1202,504.84,5312.84,e-Shop,Clothing,Women
16825542527,275006,18-03-2013,2,6,2,565,118.65,1248.65,MBR,Home and kitchen,Furnishing
36988740878,269453,18-03-2013,3,5,-1,-1132,118.86,-1250.86,e-Shop,Books,Kids
13676535747,272005,18-03-2013,12,6,5,738,387.45,4077.45,e-Shop,Home and kitchen,Academic
12236277258,270351,18-03-2013,8,3,3,1030,324.45,3414.45,e-Shop,Electronics,Personal Appliances
18442734067,272383,18-03-2013,3,5,5,447,234.675,2469.675,e-Shop,Books,Kids
19472455870,272752,18-03-2013,4,1,2,806,169.26,1781.26,e-Shop,Clothing,Mens
56276237612,269788,18-03-2013,10,6,2,1080,226.8,2386.8,MBR,Home and kitchen,Audio and video
6728763646,268845,18-03-2013,11,5,4,1385,581.7,6121.7,TeleShop,Books,Children
33400653069,268368,18-03-2013,3,2,-4,-1103,463.26,-4875.26,e-Shop,Footwear,Kids
24409630463,270565,18-03-2013,7,5,3,92,28.98,304.98,e-Shop,Books,Fiction
22730634876,273112,18-03-2013,1,1,3,807,254.205,2675.205,TeleShop,Clothing,Women
48202988089,273890,18-03-2013,10,5,3,756,238.14,2506.14,e-Shop,Books,Audio and video
76514485806,273935,18-03-2013,10,6,5,879,461.475,4856.475,e-Shop,Home and kitchen,Audio and video
70702987118,269539,18-03-2013,7,5,5,1327,696.675,7331.675,MBR,Books,Fiction
70030195544,269831,18-03-2013,5,3,-1,-1212,127.26,-1339.26,Flagship store,Electronics,Computers
87419519460,269026,18-03-2013,3,2,1,125,13.125,138.125,TeleShop,Footwear,Kids
88949392446,274310,18-03-2013,10,6,3,1345,423.675,4458.675,Flagship store,Home and kitchen,Audio and video
69038410571,268779,18-03-2013,1,1,4,1244,522.48,5498.48,e-Shop,Clothing,Women
66470379994,267158,18-03-2013,10,3,4,132,55.44,583.44,MBR,Electronics,Audio and video
94786830034,271799,18-03-2013,6,5,1,1407,147.735,1554.735,Flagship store,Books,DIY
63581261052,269079,18-03-2013,2,6,3,206,64.89,682.89,TeleShop,Home and kitchen,Furnishing
90954125896,269387,18-03-2013,1,1,4,839,352.38,3708.38,MBR,Clothing,Women
92883357205,273914,18-03-2013,3,2,1,1020,107.1,1127.1,TeleShop,Footwear,Kids
58184232888,270742,17-03-2013,11,5,1,1469,154.245,1623.245,MBR,Books,Children
51171942665,271060,17-03-2013,12,5,4,366,153.72,1617.72,Flagship store,Books,Academic
4433869709,269845,17-03-2013,6,5,3,698,219.87,2313.87,e-Shop,Books,DIY
19594252078,269645,17-03-2013,10,5,3,1344,423.36,4455.36,MBR,Books,Audio and video
5271871674,271935,17-03-2013,12,6,-3,-778,245.07,-2579.07,e-Shop,Home and kitchen,Academic
22909627024,274561,17-03-2013,10,6,2,908,190.68,2006.68,e-Shop,Home and kitchen,Audio and video
42952615669,272328,17-03-2013,11,6,1,286,30.03,316.03,e-Shop,Home and kitchen,Children
54873962666,271972,17-03-2013,4,4,-3,-1167,367.605,-3868.605,MBR,Bags,Mens
3452004060,275041,17-03-2013,10,6,5,966,507.15,5337.15,MBR,Home and kitchen,Audio and video
4582684526,269387,17-03-2013,4,4,3,1487,468.405,4929.405,TeleShop,Bags,Mens
20203474491,272416,17-03-2013,7,5,2,433,90.93,956.93,MBR,Books,Fiction
34933677127,269274,17-03-2013,1,2,1,1056,110.88,1166.88,TeleShop,Footwear,Women
59289285590,267497,17-03-2013,1,1,1,1494,156.87,1650.87,Flagship store,Clothing,Women
16497234831,269269,17-03-2013,9,3,5,804,422.1,4442.1,e-Shop,Electronics,Cameras
47860441593,274743,17-03-2013,11,6,1,927,97.335,1024.335,MBR,Home and kitchen,Children
19892806094,273969,17-03-2013,5,3,3,1224,385.56,4057.56,MBR,Electronics,Computers
36350908299,267891,17-03-2013,4,1,3,617,194.355,2045.355,MBR,Clothing,Mens
45169068183,273149,17-03-2013,1,4,1,677,71.085,748.085,e-Shop,Bags,Women
37431842931,271399,17-03-2013,2,6,3,1474,464.31,4886.31,e-Shop,Home and kitchen,Furnishing
5107228128,269528,17-03-2013,3,1,3,577,181.755,1912.755,Flagship store,Clothing,Kids
76680456784,269958,17-03-2013,10,5,-5,-1463,768.075,-8083.075,e-Shop,Books,Audio and video
73780519626,275073,17-03-2013,1,2,3,917,288.855,3039.855,MBR,Footwear,Women
72471718389,268755,17-03-2013,4,4,1,1429,150.045,1579.045,e-Shop,Bags,Mens
82307716891,266942,17-03-2013,2,6,5,814,427.35,4497.35,e-Shop,Home and kitchen,Furnishing
51957120960,267002,16-03-2013,9,3,4,350,147,1547,e-Shop,Electronics,Cameras
13652552115,266814,16-03-2013,12,6,5,1250,656.25,6906.25,MBR,Home and kitchen,Academic
4953554718,272415,16-03-2013,3,5,1,629,66.045,695.045,Flagship store,Books,Kids
3359888057,270476,16-03-2013,10,3,4,361,151.62,1595.62,MBR,Electronics,Audio and video
56468740269,273538,16-03-2013,12,6,2,1154,242.34,2550.34,e-Shop,Home and kitchen,Academic
3295483875,272050,16-03-2013,3,1,3,1282,403.83,4249.83,e-Shop,Clothing,Kids
60467261296,268987,16-03-2013,1,1,1,1218,127.89,1345.89,MBR,Clothing,Women
53560630222,273227,16-03-2013,4,4,2,858,180.18,1896.18,e-Shop,Bags,Mens
6984887426,271810,16-03-2013,9,3,3,1284,404.46,4256.46,TeleShop,Electronics,Cameras
76569099269,271576,16-03-2013,3,2,-2,-1222,256.62,-2700.62,MBR,Footwear,Kids
64731398949,267623,16-03-2013,11,5,5,308,161.7,1701.7,TeleShop,Books,Children
91591492266,271198,16-03-2013,3,5,1,974,102.27,1076.27,Flagship store,Books,Kids
82173629844,267597,16-03-2013,12,6,2,1156,242.76,2554.76,e-Shop,Home and kitchen,Academic
83651712253,268810,16-03-2013,12,6,5,447,234.675,2469.675,TeleShop,Home and kitchen,Academic
91135475508,271014,16-03-2013,2,6,4,1030,432.6,4552.6,MBR,Home and kitchen,Furnishing
96882379393,267490,16-03-2013,3,1,1,497,52.185,549.185,e-Shop,Clothing,Kids
74318710496,270780,16-03-2013,4,3,4,1063,446.46,4698.46,e-Shop,Electronics,Mens
76680456784,269958,16-03-2013,10,5,5,1463,768.075,8083.075,e-Shop,Books,Audio and video
84338194503,269281,16-03-2013,6,5,4,842,353.64,3721.64,e-Shop,Books,DIY
84150646567,270672,16-03-2013,1,2,4,826,346.92,3650.92,e-Shop,Footwear,Women
98914824727,273355,16-03-2013,12,6,5,684,359.1,3779.1,e-Shop,Home and kitchen,Academic
1197119922,274978,15-03-2013,2,6,1,1116,117.18,1233.18,TeleShop,Home and kitchen,Furnishing
55283283716,272402,15-03-2013,9,3,5,647,339.675,3574.675,MBR,Electronics,Cameras
22352191717,270433,15-03-2013,12,5,4,1389,583.38,6139.38,e-Shop,Books,Academic
60287778555,268493,15-03-2013,5,3,3,357,112.455,1183.455,TeleShop,Electronics,Computers
33599020884,274649,15-03-2013,4,4,1,1306,137.13,1443.13,Flagship store,Bags,Mens
40394881388,272009,15-03-2013,1,1,4,1377,578.34,6086.34,TeleShop,Clothing,Women
32505767697,275023,15-03-2013,11,6,-1,-520,54.6,-574.6,TeleShop,Home and kitchen,Children
36988740878,269453,15-03-2013,3,5,1,1132,118.86,1250.86,e-Shop,Books,Kids
11486298901,273263,15-03-2013,10,3,2,1140,239.4,2519.4,e-Shop,Electronics,Audio and video
6959499336,268068,15-03-2013,6,5,1,1172,123.06,1295.06,MBR,Books,DIY
25600285694,269174,15-03-2013,1,4,3,264,83.16,875.16,Flagship store,Bags,Women
40525862466,269236,15-03-2013,3,1,5,238,124.95,1314.95,Flagship store,Clothing,Kids
55868010732,272607,15-03-2013,3,1,1,1381,145.005,1526.005,e-Shop,Clothing,Kids
15966376278,273233,15-03-2013,2,6,2,829,174.09,1832.09,e-Shop,Home and kitchen,Furnishing
3060842590,267875,15-03-2013,4,3,1,88,9.24,97.24,Flagship store,Electronics,Mens
43333687985,271814,15-03-2013,12,5,5,888,466.2,4906.2,Flagship store,Books,Academic
19558725261,273231,15-03-2013,1,1,3,663,208.845,2197.845,Flagship store,Clothing,Women
9677338468,274778,15-03-2013,11,6,3,351,110.565,1163.565,MBR,Home and kitchen,Children
55580590985,273100,15-03-2013,11,5,1,1493,156.765,1649.765,e-Shop,Books,Children
53777916315,270706,15-03-2013,10,3,2,1323,277.83,2923.83,e-Shop,Electronics,Audio and video
27360705598,267891,15-03-2013,10,3,5,457,239.925,2524.925,e-Shop,Electronics,Audio and video
90552348595,273579,15-03-2013,8,3,1,890,93.45,983.45,e-Shop,Electronics,Personal Appliances
76508664342,271112,15-03-2013,4,1,2,809,169.89,1787.89,TeleShop,Clothing,Mens
64117760829,272933,15-03-2013,6,5,1,1007,105.735,1112.735,e-Shop,Books,DIY
77638749541,269051,15-03-2013,3,1,5,180,94.5,994.5,Flagship store,Clothing,Kids
84717104779,267172,15-03-2013,8,3,5,346,181.65,1911.65,e-Shop,Electronics,Personal Appliances
72500537500,270875,15-03-2013,8,3,1,512,53.76,565.76,e-Shop,Electronics,Personal Appliances
86045284242,269440,15-03-2013,1,4,4,643,270.06,2842.06,MBR,Bags,Women
89220566767,274700,15-03-2013,2,6,4,325,136.5,1436.5,e-Shop,Home and kitchen,Furnishing
89319238901,271911,15-03-2013,7,5,3,1437,452.655,4763.655,Flagship store,Books,Fiction
96579315999,272565,15-03-2013,5,3,2,514,107.94,1135.94,MBR,Electronics,Computers
14471695549,267214,14-03-2013,1,2,5,1004,527.1,5547.1,e-Shop,Footwear,Women
41018579732,274180,14-03-2013,6,5,1,782,82.11,864.11,TeleShop,Books,DIY
46182643530,272518,14-03-2013,4,2,3,650,204.75,2154.75,Flagship store,Footwear,Mens
49982032355,266958,14-03-2013,4,4,-5,-559,293.475,-3088.475,MBR,Bags,Mens
6661417400,270699,14-03-2013,4,1,1,158,16.59,174.59,e-Shop,Clothing,Mens
45338949221,267939,14-03-2013,1,4,3,1400,441,4641,MBR,Bags,Women
33546605325,267883,14-03-2013,1,4,2,1120,235.2,2475.2,TeleShop,Bags,Women
10914328613,268122,14-03-2013,5,3,3,880,277.2,2917.2,TeleShop,Electronics,Computers
22657609070,271516,14-03-2013,1,4,4,496,208.32,2192.32,TeleShop,Bags,Women
69176208532,274692,14-03-2013,6,5,5,1215,637.875,6712.875,MBR,Books,DIY
67245086687,275018,14-03-2013,4,2,3,107,33.705,354.705,e-Shop,Footwear,Mens
68163261990,268948,14-03-2013,1,4,-1,-840,88.2,-928.2,e-Shop,Bags,Women
85731637280,272079,14-03-2013,3,5,4,1331,559.02,5883.02,TeleShop,Books,Kids
86747603067,272354,14-03-2013,11,5,5,1360,714,7514,Flagship store,Books,Children
84149024046,271011,14-03-2013,4,4,2,557,116.97,1230.97,MBR,Bags,Mens
64263308084,271389,14-03-2013,7,5,2,411,86.31,908.31,e-Shop,Books,Fiction
85063683691,271414,14-03-2013,2,6,-2,-1451,304.71,-3206.71,Flagship store,Home and kitchen,Furnishing
88936611730,270428,14-03-2013,4,4,2,834,175.14,1843.14,e-Shop,Bags,Mens
69480566994,273414,14-03-2013,10,6,1,928,97.44,1025.44,e-Shop,Home and kitchen,Audio and video
91644231398,273219,14-03-2013,6,5,3,474,149.31,1571.31,e-Shop,Books,DIY
98078221639,274796,14-03-2013,5,3,3,1317,414.855,4365.855,MBR,Electronics,Computers
24302389102,270770,13-03-2013,4,4,1,1122,117.81,1239.81,e-Shop,Bags,Mens
4636564530,267698,13-03-2013,7,5,1,102,10.71,112.71,MBR,Books,Fiction
9290090102,267662,13-03-2013,4,1,2,524,110.04,1158.04,Flagship store,Clothing,Mens
49592361320,274533,13-03-2013,1,2,3,765,240.975,2535.975,TeleShop,Footwear,Women
20775809285,268757,13-03-2013,12,6,-4,-1207,506.94,-5334.94,e-Shop,Home and kitchen,Academic
23786160822,267786,13-03-2013,5,3,-2,-922,193.62,-2037.62,e-Shop,Electronics,Computers
33492913859,270693,13-03-2013,10,5,4,1049,440.58,4636.58,Flagship store,Books,Audio and video
4049471206,268512,13-03-2013,11,5,4,1188,498.96,5250.96,TeleShop,Books,Children
22567454339,272081,13-03-2013,8,3,3,1330,418.95,4408.95,e-Shop,Electronics,Personal Appliances
44807341526,274149,13-03-2013,4,2,5,506,265.65,2795.65,e-Shop,Footwear,Mens
60140748807,270463,13-03-2013,3,2,2,401,84.21,886.21,MBR,Footwear,Kids
62735006471,274948,13-03-2013,5,3,3,357,112.455,1183.455,Flagship store,Electronics,Computers
28433159963,270262,13-03-2013,12,5,2,937,196.77,2070.77,e-Shop,Books,Academic
23055832468,270968,13-03-2013,5,3,5,181,95.025,1000.025,e-Shop,Electronics,Computers
43844911002,271989,13-03-2013,10,6,5,1216,638.4,6718.4,TeleShop,Home and kitchen,Audio and video
20227200255,269513,13-03-2013,4,3,5,146,76.65,806.65,e-Shop,Electronics,Mens
33989073396,268065,13-03-2013,3,5,2,845,177.45,1867.45,TeleShop,Books,Kids
41208440857,266921,13-03-2013,7,5,5,691,362.775,3817.775,Flagship store,Books,Fiction
95815645902,269760,13-03-2013,10,3,4,1356,569.52,5993.52,Flagship store,Electronics,Audio and video
64938520996,270298,13-03-2013,11,6,-5,-932,489.3,-5149.3,e-Shop,Home and kitchen,Children
70030195544,269831,13-03-2013,5,3,1,1212,127.26,1339.26,Flagship store,Electronics,Computers
95683009654,267396,13-03-2013,4,2,3,698,219.87,2313.87,MBR,Footwear,Mens
93239127640,272825,13-03-2013,3,2,2,149,31.29,329.29,e-Shop,Footwear,Kids
79725179974,269524,13-03-2013,4,3,1,1174,123.27,1297.27,e-Shop,Electronics,Mens
64263289810,267272,13-03-2013,10,3,1,967,101.535,1068.535,e-Shop,Electronics,Audio and video
29419257452,268029,12/3/2013,4,2,2,1182,248.22,2612.22,e-Shop,Footwear,Mens
30326323578,272528,12/3/2013,11,5,2,1204,252.84,2660.84,Flagship store,Books,Children
51435146118,267234,12/3/2013,12,5,4,650,273,2873,e-Shop,Books,Academic
50471418588,269692,12/3/2013,10,3,1,91,9.555,100.555,e-Shop,Electronics,Audio and video
11164409723,267382,12/3/2013,9,3,4,1313,551.46,5803.46,e-Shop,Electronics,Cameras
48445230934,269503,12/3/2013,11,6,2,160,33.6,353.6,e-Shop,Home and kitchen,Children
31662590660,270565,12/3/2013,7,5,4,1077,452.34,4760.34,e-Shop,Books,Fiction
40573104964,273603,12/3/2013,12,5,4,1468,616.56,6488.56,Flagship store,Books,Academic
52178944753,270011,12/3/2013,10,5,5,1464,768.6,8088.6,e-Shop,Books,Audio and video
4396108545,266934,12/3/2013,5,3,5,646,339.15,3569.15,e-Shop,Electronics,Computers
62541794917,274649,12/3/2013,3,1,3,1339,421.785,4438.785,TeleShop,Clothing,Kids
54873962666,271972,12/3/2013,4,4,3,1167,367.605,3868.605,MBR,Bags,Mens
26729095375,270693,12/3/2013,3,1,1,812,85.26,897.26,MBR,Clothing,Kids
2090670564,269773,12/3/2013,10,5,2,556,116.76,1228.76,MBR,Books,Audio and video
49919154050,270387,12/3/2013,3,1,4,800,336,3536,e-Shop,Clothing,Kids
88757436792,267328,12/3/2013,5,3,4,1467,616.14,6484.14,e-Shop,Electronics,Computers
90127228447,268102,12/3/2013,11,6,1,1078,113.19,1191.19,e-Shop,Home and kitchen,Children
99534273009,274168,12/3/2013,3,1,2,119,24.99,262.99,TeleShop,Clothing,Kids
78775295433,274534,12/3/2013,4,1,-1,-1261,132.405,-1393.405,Flagship store,Clothing,Mens
81489902391,267618,12/3/2013,6,5,5,1349,708.225,7453.225,e-Shop,Books,DIY
91977510552,272160,12/3/2013,5,3,5,241,126.525,1331.525,Flagship store,Electronics,Computers
71071460121,270924,12/3/2013,1,4,4,1209,507.78,5343.78,MBR,Bags,Women
99058278709,272113,12/3/2013,1,2,4,999,419.58,4415.58,MBR,Footwear,Women
84874640880,273911,12/3/2013,5,3,4,709,297.78,3133.78,e-Shop,Electronics,Computers
99552549986,270658,12/3/2013,3,5,1,688,72.24,760.24,e-Shop,Books,Kids
87454887833,273410,12/3/2013,11,5,4,133,55.86,587.86,TeleShop,Books,Children
9172898292,270810,11/3/2013,7,5,3,1465,461.475,4856.475,Flagship store,Books,Fiction
30334501099,274630,11/3/2013,10,6,4,726,304.92,3208.92,e-Shop,Home and kitchen,Audio and video
11767056782,268479,11/3/2013,5,3,3,1290,406.35,4276.35,MBR,Electronics,Computers
23786160822,267786,11/3/2013,5,3,2,922,193.62,2037.62,e-Shop,Electronics,Computers
55261395192,273905,11/3/2013,10,5,3,588,185.22,1949.22,TeleShop,Books,Audio and video
44208859835,268779,11/3/2013,4,2,1,636,66.78,702.78,TeleShop,Footwear,Mens
49351874716,273481,11/3/2013,5,3,-4,-1441,605.22,-6369.22,TeleShop,Electronics,Computers
29504153374,274194,11/3/2013,3,2,5,772,405.3,4265.3,e-Shop,Footwear,Kids
60502507324,274624,11/3/2013,1,1,2,249,52.29,550.29,e-Shop,Clothing,Women
28619150953,267935,11/3/2013,4,4,2,308,64.68,680.68,e-Shop,Bags,Mens
94305937397,270462,11/3/2013,10,5,4,978,410.76,4322.76,MBR,Books,Audio and video
68163261990,268948,11/3/2013,1,4,-1,-840,88.2,-928.2,e-Shop,Bags,Women
80409349588,268625,11/3/2013,4,3,4,1026,430.92,4534.92,MBR,Electronics,Mens
76483512420,270572,11/3/2013,5,3,1,1182,124.11,1306.11,Flagship store,Electronics,Computers
14050349375,271971,10/3/2013,5,3,1,1367,143.535,1510.535,e-Shop,Electronics,Computers
22169492969,269497,10/3/2013,4,3,-1,-313,32.865,-345.865,e-Shop,Electronics,Mens
38600023891,271768,10/3/2013,2,6,4,908,381.36,4013.36,e-Shop,Home and kitchen,Furnishing
32505767697,275023,10/3/2013,11,6,1,520,54.6,574.6,TeleShop,Home and kitchen,Children
49517475178,267323,10/3/2013,11,6,3,529,166.635,1753.635,Flagship store,Home and kitchen,Children
56089957560,269463,10/3/2013,12,5,2,426,89.46,941.46,e-Shop,Books,Academic
26428588031,274433,10/3/2013,12,5,1,1243,130.515,1373.515,TeleShop,Books,Academic
24188404931,274045,10/3/2013,11,5,1,1365,143.325,1508.325,TeleShop,Books,Children
60135340590,268167,10/3/2013,4,1,5,354,185.85,1955.85,e-Shop,Clothing,Mens
33400653069,268368,10/3/2013,3,2,4,1103,463.26,4875.26,e-Shop,Footwear,Kids
4693640023,268411,10/3/2013,4,4,3,1308,412.02,4336.02,TeleShop,Bags,Mens
40153033400,269340,10/3/2013,8,3,1,281,29.505,310.505,Flagship store,Electronics,Personal Appliances
24713022666,269630,10/3/2013,11,6,1,197,20.685,217.685,e-Shop,Home and kitchen,Children
625516845,273384,10/3/2013,1,1,5,1091,572.775,6027.775,MBR,Clothing,Women
15065087780,272069,10/3/2013,12,5,-4,-298,125.16,-1317.16,Flagship store,Books,Academic
7468561734,267562,10/3/2013,10,5,-3,-308,97.02,-1021.02,TeleShop,Books,Audio and video
16638195774,274572,10/3/2013,1,4,5,960,504,5304,e-Shop,Bags,Women
29566536096,267193,10/3/2013,10,6,4,602,252.84,2660.84,e-Shop,Home and kitchen,Audio and video
23886386288,267750,10/3/2013,12,6,1,1418,148.89,1566.89,TeleShop,Home and kitchen,Academic
81992488566,266966,10/3/2013,4,3,5,1172,615.3,6475.3,e-Shop,Electronics,Mens
76183800421,268305,10/3/2013,4,3,-1,-187,19.635,-206.635,TeleShop,Electronics,Mens
93854394034,274592,10/3/2013,11,6,5,777,407.925,4292.925,TeleShop,Home and kitchen,Children
78775295433,274534,10/3/2013,4,1,-1,-1261,132.405,-1393.405,Flagship store,Clothing,Mens
63410047980,272348,10/3/2013,12,5,1,553,58.065,611.065,Flagship store,Books,Academic
78469061050,274814,10/3/2013,4,2,5,388,203.7,2143.7,e-Shop,Footwear,Mens
11744618530,269799,9/3/2013,1,2,-4,-1229,516.18,-5432.18,MBR,Footwear,Women
49982032355,266958,9/3/2013,4,4,5,559,293.475,3088.475,MBR,Bags,Mens
9428096647,273982,9/3/2013,4,2,5,80,42,442,MBR,Footwear,Mens
9688858698,271969,9/3/2013,8,3,3,769,242.235,2549.235,MBR,Electronics,Personal Appliances
58567462598,271898,9/3/2013,8,3,2,1193,250.53,2636.53,MBR,Electronics,Personal Appliances
5958896864,267335,9/3/2013,12,5,-5,-708,371.7,-3911.7,MBR,Books,Academic
24135724795,269521,9/3/2013,10,5,4,1337,561.54,5909.54,e-Shop,Books,Audio and video
61365877477,268700,9/3/2013,4,2,3,874,275.31,2897.31,Flagship store,Footwear,Mens
49499173996,273682,9/3/2013,7,5,5,682,358.05,3768.05,e-Shop,Books,Fiction
6021188176,270424,9/3/2013,12,6,2,1285,269.85,2839.85,Flagship store,Home and kitchen,Academic
56082136148,268899,9/3/2013,3,5,5,604,317.1,3337.1,e-Shop,Books,Kids
54937078674,270360,9/3/2013,5,3,-3,-841,264.915,-2787.915,Flagship store,Electronics,Computers
28391805166,272761,9/3/2013,9,3,5,281,147.525,1552.525,TeleShop,Electronics,Cameras
6496758893,269544,9/3/2013,1,1,4,950,399,4199,TeleShop,Clothing,Women
35560569829,269008,9/3/2013,7,5,1,1441,151.305,1592.305,e-Shop,Books,Fiction
39622064135,267486,9/3/2013,1,2,4,888,372.96,3924.96,e-Shop,Footwear,Women
49351874716,273481,9/3/2013,5,3,4,1441,605.22,6369.22,TeleShop,Electronics,Computers
91672604292,272855,9/3/2013,3,2,5,812,426.3,4486.3,TeleShop,Footwear,Kids
87772385096,268632,9/3/2013,3,1,2,1447,303.87,3197.87,Flagship store,Clothing,Kids
85950730613,274194,9/3/2013,1,2,4,1082,454.44,4782.44,Flagship store,Footwear,Women
80659500833,271584,9/3/2013,5,3,3,218,68.67,722.67,TeleShop,Electronics,Computers
72826024960,267385,9/3/2013,6,5,4,1246,523.32,5507.32,e-Shop,Books,DIY
91178958470,274068,9/3/2013,12,6,2,85,17.85,187.85,e-Shop,Home and kitchen,Academic
68171637702,270735,9/3/2013,7,5,2,727,152.67,1606.67,Flagship store,Books,Fiction
66014159342,268535,9/3/2013,4,4,3,370,116.55,1226.55,e-Shop,Bags,Mens
68163261990,268948,9/3/2013,1,4,1,840,88.2,928.2,e-Shop,Bags,Women
66119499925,271028,9/3/2013,12,5,4,1493,627.06,6599.06,TeleShop,Books,Academic
82881737036,269471,9/3/2013,11,5,2,475,99.75,1049.75,e-Shop,Books,Children
94516863124,274539,9/3/2013,5,3,1,107,11.235,118.235,TeleShop,Electronics,Computers
76183800421,268305,9/3/2013,4,3,1,187,19.635,206.635,TeleShop,Electronics,Mens
85063683691,271414,9/3/2013,2,6,2,1451,304.71,3206.71,Flagship store,Home and kitchen,Furnishing
68760042976,272659,9/3/2013,12,6,3,999,314.685,3311.685,MBR,Home and kitchen,Academic
49859165056,270555,8/3/2013,10,3,2,530,111.3,1171.3,MBR,Electronics,Audio and video
39985456972,268061,8/3/2013,3,1,2,382,80.22,844.22,Flagship store,Clothing,Kids
19860779492,274060,8/3/2013,3,5,2,594,124.74,1312.74,e-Shop,Books,Kids
48122181625,270168,8/3/2013,8,3,4,424,178.08,1874.08,e-Shop,Electronics,Personal Appliances
5271871674,271935,8/3/2013,12,6,3,778,245.07,2579.07,e-Shop,Home and kitchen,Academic
58819420965,274402,8/3/2013,9,3,-1,-536,56.28,-592.28,TeleShop,Electronics,Cameras
16672972770,267004,8/3/2013,10,6,1,843,88.515,931.515,Flagship store,Home and kitchen,Audio and video
6245424943,268014,8/3/2013,4,1,1,1352,141.96,1493.96,MBR,Clothing,Mens
46469840305,269757,8/3/2013,10,6,1,371,38.955,409.955,e-Shop,Home and kitchen,Audio and video
38574984004,271965,8/3/2013,11,5,3,1149,361.935,3808.935,Flagship store,Books,Children
97243399584,269442,8/3/2013,10,5,1,1470,154.35,1624.35,Flagship store,Books,Audio and video
66792431081,268220,8/3/2013,4,4,1,590,61.95,651.95,TeleShop,Bags,Mens
76569099269,271576,8/3/2013,3,2,2,1222,256.62,2700.62,MBR,Footwear,Kids
68140811017,268884,8/3/2013,8,3,4,1236,519.12,5463.12,e-Shop,Electronics,Personal Appliances
98775876593,270160,8/3/2013,5,3,2,954,200.34,2108.34,TeleShop,Electronics,Computers
80249148547,272502,8/3/2013,11,6,2,128,26.88,282.88,MBR,Home and kitchen,Children
65040417630,270963,8/3/2013,1,2,3,495,155.925,1640.925,e-Shop,Footwear,Women
2903403187,271695,7/3/2013,11,5,3,158,49.77,523.77,e-Shop,Books,Children
38838506962,272924,7/3/2013,12,6,1,1191,125.055,1316.055,TeleShop,Home and kitchen,Academic
4142353270,271111,7/3/2013,1,4,1,479,50.295,529.295,e-Shop,Bags,Women
1167308476,267042,7/3/2013,11,5,-1,-117,12.285,-129.285,TeleShop,Books,Children
59492126168,275214,7/3/2013,7,5,3,226,71.19,749.19,MBR,Books,Fiction
16067922126,270258,7/3/2013,4,1,2,774,162.54,1710.54,e-Shop,Clothing,Mens
9755283161,272676,7/3/2013,1,4,3,971,305.865,3218.865,MBR,Bags,Women
5913929247,271267,7/3/2013,6,5,2,79,16.59,174.59,TeleShop,Books,DIY
44808224955,273264,7/3/2013,1,2,5,900,472.5,4972.5,e-Shop,Footwear,Women
42722308790,274227,7/3/2013,3,1,4,472,198.24,2086.24,Flagship store,Clothing,Kids
37924673755,267217,7/3/2013,11,5,1,1437,150.885,1587.885,e-Shop,Books,Children
70609196640,267169,7/3/2013,8,3,1,722,75.81,797.81,e-Shop,Electronics,Personal Appliances
80127177573,269256,7/3/2013,4,3,3,1056,332.64,3500.64,e-Shop,Electronics,Mens
71782797323,268411,7/3/2013,9,3,3,372,117.18,1233.18,Flagship store,Electronics,Cameras
71195146205,270284,7/3/2013,8,3,5,150,78.75,828.75,Flagship store,Electronics,Personal Appliances
86457981444,272589,7/3/2013,7,5,1,1110,116.55,1226.55,TeleShop,Books,Fiction
64957103926,273194,7/3/2013,12,6,5,994,521.85,5491.85,e-Shop,Home and kitchen,Academic
89769214432,269726,7/3/2013,11,6,3,104,32.76,344.76,e-Shop,Home and kitchen,Children
94626119963,272252,7/3/2013,9,3,5,217,113.925,1198.925,TeleShop,Electronics,Cameras
15084295663,269372,6/3/2013,12,6,3,445,140.175,1475.175,Flagship store,Home and kitchen,Academic
54509904223,272441,6/3/2013,7,5,1,1033,108.465,1141.465,e-Shop,Books,Fiction
15065087780,272069,6/3/2013,12,5,4,298,125.16,1317.16,Flagship store,Books,Academic
47936483197,275000,6/3/2013,10,3,2,1012,212.52,2236.52,e-Shop,Electronics,Audio and video
17159028497,266814,6/3/2013,1,4,1,955,100.275,1055.275,Flagship store,Bags,Women
7468561734,267562,6/3/2013,10,5,3,308,97.02,1021.02,TeleShop,Books,Audio and video
26511480335,271543,6/3/2013,4,3,5,1268,665.7,7005.7,TeleShop,Electronics,Mens
10204473231,273330,6/3/2013,6,5,1,168,17.64,185.64,Flagship store,Books,DIY
26013737899,267180,6/3/2013,4,4,-3,-231,72.765,-765.765,e-Shop,Bags,Mens
39152938037,271020,6/3/2013,10,6,3,446,140.49,1478.49,Flagship store,Home and kitchen,Audio and video
39735913167,272645,6/3/2013,4,3,4,1342,563.64,5931.64,e-Shop,Electronics,Mens
58819420965,274402,6/3/2013,9,3,1,536,56.28,592.28,TeleShop,Electronics,Cameras
944082001,273890,6/3/2013,9,3,4,689,289.38,3045.38,e-Shop,Electronics,Cameras
51491780182,269360,6/3/2013,1,2,3,570,179.55,1889.55,Flagship store,Footwear,Women
36294089039,267613,6/3/2013,11,5,5,1046,549.15,5779.15,MBR,Books,Children
17038703197,271039,6/3/2013,1,1,2,701,147.21,1549.21,Flagship store,Clothing,Women
39912183927,274719,6/3/2013,1,1,3,1491,469.665,4942.665,e-Shop,Clothing,Women
20775809285,268757,6/3/2013,12,6,4,1207,506.94,5334.94,e-Shop,Home and kitchen,Academic
60141848042,270181,6/3/2013,8,3,5,980,514.5,5414.5,e-Shop,Electronics,Personal Appliances
11315931635,267565,6/3/2013,7,5,5,71,37.275,392.275,e-Shop,Books,Fiction
52942251057,267367,6/3/2013,8,3,5,333,174.825,1839.825,TeleShop,Electronics,Personal Appliances
89490077953,272892,6/3/2013,12,6,3,1134,357.21,3759.21,e-Shop,Home and kitchen,Academic
65251086451,267430,6/3/2013,12,6,5,881,462.525,4867.525,e-Shop,Home and kitchen,Academic
88760377604,269275,6/3/2013,4,1,3,687,216.405,2277.405,MBR,Clothing,Mens
70437099797,266906,6/3/2013,6,5,1,1026,107.73,1133.73,MBR,Books,DIY
77201682023,266864,6/3/2013,4,1,5,1107,581.175,6116.175,e-Shop,Clothing,Mens
32377881401,267105,5/3/2013,3,1,5,466,244.65,2574.65,TeleShop,Clothing,Kids
24690708250,267372,5/3/2013,12,6,5,422,221.55,2331.55,Flagship store,Home and kitchen,Academic
41308918544,271407,5/3/2013,7,5,2,1473,309.33,3255.33,e-Shop,Books,Fiction
38110368883,274066,5/3/2013,1,1,5,1239,650.475,6845.475,Flagship store,Clothing,Women
52758136289,274303,5/3/2013,4,1,4,702,294.84,3102.84,MBR,Clothing,Mens
48215151375,268815,5/3/2013,3,5,4,920,386.4,4066.4,Flagship store,Books,Kids
5958896864,267335,5/3/2013,12,5,5,708,371.7,3911.7,MBR,Books,Academic
6325651492,269950,5/3/2013,11,6,3,113,35.595,374.595,e-Shop,Home and kitchen,Children
63885653190,267814,5/3/2013,3,5,1,1013,106.365,1119.365,e-Shop,Books,Kids
93925505630,271410,5/3/2013,4,3,3,551,173.565,1826.565,e-Shop,Electronics,Mens
78615504333,267960,5/3/2013,10,6,4,870,365.4,3845.4,TeleShop,Home and kitchen,Audio and video
89323646895,267339,5/3/2013,4,4,4,786,330.12,3474.12,Flagship store,Bags,Mens
78775295433,274534,5/3/2013,4,1,1,1261,132.405,1393.405,Flagship store,Clothing,Mens
90538415850,273660,5/3/2013,12,5,3,166,52.29,550.29,e-Shop,Books,Academic
89640967456,273207,5/3/2013,6,5,5,102,53.55,563.55,e-Shop,Books,DIY
96025185402,267160,5/3/2013,1,4,1,1410,148.05,1558.05,Flagship store,Bags,Women
88840515566,273900,5/3/2013,9,3,3,1254,395.01,4157.01,e-Shop,Electronics,Cameras
71141514007,274723,5/3/2013,7,5,5,181,95.025,1000.025,Flagship store,Books,Fiction
79331206308,274601,5/3/2013,11,5,-1,-1019,106.995,-1125.995,e-Shop,Books,Children
16002071859,270858,4/3/2013,11,5,2,1021,214.41,2256.41,e-Shop,Books,Children
36171578976,269305,4/3/2013,6,5,3,561,176.715,1859.715,Flagship store,Books,DIY
3228308445,268061,4/3/2013,7,5,5,90,47.25,497.25,e-Shop,Books,Fiction
18364032367,273231,4/3/2013,7,5,4,1448,608.16,6400.16,e-Shop,Books,Fiction
39273666141,271042,4/3/2013,3,2,-1,-795,83.475,-878.475,TeleShop,Footwear,Kids
31590508148,274435,4/3/2013,1,1,2,1249,262.29,2760.29,MBR,Clothing,Women
3143624172,270337,4/3/2013,2,6,1,1495,156.975,1651.975,Flagship store,Home and kitchen,Furnishing
40153686088,267129,4/3/2013,3,5,3,1013,319.095,3358.095,MBR,Books,Kids
39880295032,267970,4/3/2013,3,1,3,696,219.24,2307.24,e-Shop,Clothing,Kids
35000003767,272741,4/3/2013,4,3,4,454,190.68,2006.68,Flagship store,Electronics,Mens
33137423590,272186,4/3/2013,4,3,5,974,511.35,5381.35,Flagship store,Electronics,Mens
23078120823,267405,4/3/2013,12,5,5,666,349.65,3679.65,Flagship store,Books,Academic
53410337749,269190,4/3/2013,7,5,2,79,16.59,174.59,Flagship store,Books,Fiction
78413239592,275036,4/3/2013,11,6,2,1264,265.44,2793.44,e-Shop,Home and kitchen,Children
99865298126,271966,4/3/2013,10,6,5,609,319.725,3364.725,TeleShop,Home and kitchen,Audio and video
71403791468,269051,4/3/2013,6,5,3,812,255.78,2691.78,TeleShop,Books,DIY
98248438779,266843,4/3/2013,10,3,2,272,57.12,601.12,TeleShop,Electronics,Audio and video
80904394630,271924,4/3/2013,3,1,5,490,257.25,2707.25,MBR,Clothing,Kids
58506839040,273555,3/3/2013,10,3,1,801,84.105,885.105,e-Shop,Electronics,Audio and video
8223825031,271398,3/3/2013,1,2,2,494,103.74,1091.74,Flagship store,Footwear,Women
54937078674,270360,3/3/2013,5,3,3,841,264.915,2787.915,Flagship store,Electronics,Computers
14683463069,266911,3/3/2013,9,3,5,1379,723.975,7618.975,Flagship store,Electronics,Cameras
20703281619,267045,3/3/2013,10,6,1,472,49.56,521.56,Flagship store,Home and kitchen,Audio and video
59453686061,267697,3/3/2013,8,3,1,704,73.92,777.92,MBR,Electronics,Personal Appliances
38993573834,272476,3/3/2013,9,3,3,910,286.65,3016.65,MBR,Electronics,Cameras
14636902068,275091,3/3/2013,4,4,4,1167,490.14,5158.14,MBR,Bags,Mens
52386953809,267665,3/3/2013,7,5,5,446,234.15,2464.15,MBR,Books,Fiction
32828135632,267636,3/3/2013,4,4,4,1495,627.9,6607.9,e-Shop,Bags,Mens
50856471026,268016,3/3/2013,10,3,4,593,249.06,2621.06,e-Shop,Electronics,Audio and video
49819171078,267913,3/3/2013,4,3,1,322,33.81,355.81,MBR,Electronics,Mens
29681872727,269821,3/3/2013,4,1,3,384,120.96,1272.96,e-Shop,Clothing,Mens
51836129437,272757,3/3/2013,4,1,3,123,38.745,407.745,MBR,Clothing,Mens
11930524793,269506,3/3/2013,9,3,5,496,260.4,2740.4,MBR,Electronics,Cameras
41471564640,272821,3/3/2013,4,3,3,1410,444.15,4674.15,e-Shop,Electronics,Mens
22169492969,269497,3/3/2013,4,3,1,313,32.865,345.865,e-Shop,Electronics,Mens
2711074268,274461,3/3/2013,6,5,2,1348,283.08,2979.08,e-Shop,Books,DIY
76853691640,270061,3/3/2013,5,3,2,1208,253.68,2669.68,e-Shop,Electronics,Computers
63500476342,268226,3/3/2013,3,5,5,804,422.1,4442.1,Flagship store,Books,Kids
88715660418,268880,3/3/2013,3,2,5,936,491.4,5171.4,e-Shop,Footwear,Kids
64938520996,270298,3/3/2013,11,6,5,932,489.3,5149.3,e-Shop,Home and kitchen,Children
88844690138,274400,3/3/2013,1,4,1,157,16.485,173.485,e-Shop,Bags,Women
71100974865,274615,3/3/2013,2,6,4,220,92.4,972.4,e-Shop,Home and kitchen,Furnishing
67831863659,267049,3/3/2013,4,4,1,1016,106.68,1122.68,Flagship store,Bags,Mens
66839861570,270391,3/3/2013,10,3,1,153,16.065,169.065,e-Shop,Electronics,Audio and video
14857036133,269393,2/3/2013,7,5,3,1450,456.75,4806.75,MBR,Books,Fiction
17500236551,271066,2/3/2013,11,5,5,1406,738.15,7768.15,e-Shop,Books,Children
6587222097,275144,2/3/2013,12,6,4,514,215.88,2271.88,TeleShop,Home and kitchen,Academic
56261591581,267287,2/3/2013,4,1,4,194,81.48,857.48,e-Shop,Clothing,Mens
53055059071,273993,2/3/2013,11,6,1,1098,115.29,1213.29,TeleShop,Home and kitchen,Children
59818614090,273326,2/3/2013,4,4,1,1376,144.48,1520.48,TeleShop,Bags,Mens
22807140735,270842,2/3/2013,12,5,1,1406,147.63,1553.63,Flagship store,Books,Academic
8476495233,267107,2/3/2013,12,6,3,815,256.725,2701.725,e-Shop,Home and kitchen,Academic
29508503187,271981,2/3/2013,9,3,2,844,177.24,1865.24,MBR,Electronics,Cameras
41920262604,268147,2/3/2013,10,3,3,112,35.28,371.28,e-Shop,Electronics,Audio and video
39283617181,272356,2/3/2013,10,3,4,1225,514.5,5414.5,e-Shop,Electronics,Audio and video
14303528868,267172,2/3/2013,8,3,2,115,24.15,254.15,e-Shop,Electronics,Personal Appliances
80305386099,268810,2/3/2013,12,6,5,548,287.7,3027.7,TeleShop,Home and kitchen,Academic
90699507330,274587,2/3/2013,4,2,5,632,331.8,3491.8,Flagship store,Footwear,Mens
10783951631,269547,1/3/2013,10,3,4,216,90.72,954.72,e-Shop,Electronics,Audio and video
28591004712,272219,1/3/2013,11,6,1,497,52.185,549.185,e-Shop,Home and kitchen,Children
339232443,270544,1/3/2013,6,5,1,1328,139.44,1467.44,MBR,Books,DIY
21471937081,273727,1/3/2013,2,6,4,1003,421.26,4433.26,MBR,Home and kitchen,Furnishing
28001951294,271985,1/3/2013,10,3,4,594,249.48,2625.48,e-Shop,Electronics,Audio and video
49999265497,275111,1/3/2013,3,5,2,116,24.36,256.36,MBR,Books,Kids
39311343129,269244,1/3/2013,4,3,3,962,303.03,3189.03,e-Shop,Electronics,Mens
32373040188,269868,1/3/2013,10,6,5,1308,686.7,7226.7,MBR,Home and kitchen,Audio and video
59308635445,268205,1/3/2013,8,3,5,1496,785.4,8265.4,e-Shop,Electronics,Personal Appliances
3880546902,272337,1/3/2013,6,5,3,223,70.245,739.245,TeleShop,Books,DIY
28401878392,267191,1/3/2013,4,4,2,114,23.94,251.94,e-Shop,Bags,Mens
14290997217,268477,1/3/2013,2,6,2,170,35.7,375.7,e-Shop,Home and kitchen,Furnishing
56359950168,272721,1/3/2013,1,2,1,258,27.09,285.09,e-Shop,Footwear,Women
15767151550,269302,1/3/2013,4,2,3,1037,326.655,3437.655,e-Shop,Footwear,Mens
55626274366,271608,1/3/2013,4,2,2,83,17.43,183.43,e-Shop,Footwear,Mens
4558380799,272159,1/3/2013,3,1,1,1278,134.19,1412.19,Flagship store,Clothing,Kids
71575265288,267445,1/3/2013,11,5,1,486,51.03,537.03,TeleShop,Books,Children
70203420329,273894,1/3/2013,6,5,2,1043,219.03,2305.03,Flagship store,Books,DIY
78195407428,273793,1/3/2013,5,3,2,695,145.95,1535.95,TeleShop,Electronics,Computers
99830645408,274654,1/3/2013,4,3,4,1300,546,5746,e-Shop,Electronics,Mens
65000290460,267196,1/3/2013,3,5,2,894,187.74,1975.74,MBR,Books,Kids
76875398005,266846,1/3/2013,8,3,4,295,123.9,1303.9,TeleShop,Electronics,Personal Appliances
89172283224,271379,1/3/2013,9,3,-2,-1355,284.55,-2994.55,TeleShop,Electronics,Cameras
79331206308,274601,1/3/2013,11,5,1,1019,106.995,1125.995,e-Shop,Books,Children
70612957106,274566,1/3/2013,11,6,4,791,332.22,3496.22,Flagship store,Home and kitchen,Children
91576560584,268351,1/3/2013,8,3,4,221,92.82,976.82,e-Shop,Electronics,Personal Appliances
31384159740,273805,28-02-2013,3,5,2,435,91.35,961.35,e-Shop,Books,Kids
55176124310,269273,28-02-2013,4,1,-2,-951,199.71,-2101.71,MBR,Clothing,Mens
17792336273,267832,28-02-2013,1,1,4,523,219.66,2311.66,e-Shop,Clothing,Women
55783903593,274576,28-02-2013,9,3,2,1342,281.82,2965.82,MBR,Electronics,Cameras
60661330238,267233,28-02-2013,4,4,2,1033,216.93,2282.93,e-Shop,Bags,Mens
12241394668,273618,28-02-2013,8,3,2,849,178.29,1876.29,TeleShop,Electronics,Personal Appliances
59706590065,268327,28-02-2013,4,2,3,266,83.79,881.79,TeleShop,Footwear,Mens
34152951993,271251,28-02-2013,1,1,5,1409,739.725,7784.725,Flagship store,Clothing,Women
27519215210,270929,28-02-2013,8,3,5,159,83.475,878.475,e-Shop,Electronics,Personal Appliances
8959366903,272803,28-02-2013,3,2,-3,-780,245.7,-2585.7,TeleShop,Footwear,Kids
22522867791,269168,28-02-2013,9,3,4,916,384.72,4048.72,e-Shop,Electronics,Cameras
32496180247,273372,28-02-2013,4,4,1,1058,111.09,1169.09,TeleShop,Bags,Mens
11744618530,269799,28-02-2013,1,2,4,1229,516.18,5432.18,MBR,Footwear,Women
91610903734,268663,28-02-2013,1,1,2,1129,237.09,2495.09,e-Shop,Clothing,Women
84999530297,272494,28-02-2013,4,3,-2,-1170,245.7,-2585.7,e-Shop,Electronics,Mens
74616656131,271530,28-02-2013,11,5,3,777,244.755,2575.755,MBR,Books,Children
72598209900,270880,28-02-2013,6,5,2,1198,251.58,2647.58,e-Shop,Books,DIY
71793238090,269848,28-02-2013,10,5,1,1083,113.715,1196.715,e-Shop,Books,Audio and video
17705512453,268945,27-02-2013,11,6,1,922,96.81,1018.81,e-Shop,Home and kitchen,Children
60798324316,269839,27-02-2013,7,5,5,1278,670.95,7060.95,e-Shop,Books,Fiction
48712772488,274679,27-02-2013,4,2,5,934,490.35,5160.35,Flagship store,Footwear,Mens
34149132765,273250,27-02-2013,10,3,3,469,147.735,1554.735,Flagship store,Electronics,Audio and video
33364970580,269677,27-02-2013,10,3,1,1469,154.245,1623.245,Flagship store,Electronics,Audio and video
55176124310,269273,27-02-2013,4,1,2,951,199.71,2101.71,MBR,Clothing,Mens
84543645821,268660,27-02-2013,10,3,5,817,428.925,4513.925,e-Shop,Electronics,Audio and video
86472659555,271383,27-02-2013,1,4,1,783,82.215,865.215,MBR,Bags,Women
91283781738,267293,27-02-2013,1,2,4,1204,505.68,5321.68,e-Shop,Footwear,Women
68669832210,267918,27-02-2013,9,3,5,256,134.4,1414.4,MBR,Electronics,Cameras
97912074942,267517,27-02-2013,11,6,1,1177,123.585,1300.585,Flagship store,Home and kitchen,Children
69831028147,273310,27-02-2013,10,6,-3,-438,137.97,-1451.97,Flagship store,Home and kitchen,Audio and video
90881527691,274632,27-02-2013,8,3,4,978,410.76,4322.76,Flagship store,Electronics,Personal Appliances
90033930862,271306,27-02-2013,3,2,3,509,160.335,1687.335,e-Shop,Footwear,Kids
84825908495,269821,27-02-2013,4,3,1,1176,123.48,1299.48,e-Shop,Electronics,Mens
89172283224,271379,27-02-2013,9,3,-2,-1355,284.55,-2994.55,TeleShop,Electronics,Cameras
26013737899,267180,26-02-2013,4,4,3,231,72.765,765.765,e-Shop,Bags,Mens
47005451805,271306,26-02-2013,3,1,3,724,228.06,2400.06,e-Shop,Clothing,Kids
1167308476,267042,26-02-2013,11,5,1,117,12.285,129.285,TeleShop,Books,Children
8959366903,272803,26-02-2013,3,2,3,780,245.7,2585.7,TeleShop,Footwear,Kids
12161144135,273699,26-02-2013,5,3,-2,-643,135.03,-1421.03,Flagship store,Electronics,Computers
7539534170,274426,26-02-2013,3,1,3,534,168.21,1770.21,e-Shop,Clothing,Kids
30979811939,269893,26-02-2013,12,5,4,235,98.7,1038.7,Flagship store,Books,Academic
51159954608,275257,26-02-2013,1,2,5,1386,727.65,7657.65,MBR,Footwear,Women
62529692871,268545,26-02-2013,11,6,3,1414,445.41,4687.41,e-Shop,Home and kitchen,Children
34619519039,266810,26-02-2013,7,5,4,1374,577.08,6073.08,e-Shop,Books,Fiction
53996484641,269767,26-02-2013,3,2,-1,-1135,119.175,-1254.175,MBR,Footwear,Kids
78187660976,268014,26-02-2013,1,2,1,1146,120.33,1266.33,e-Shop,Footwear,Women
83997358852,270447,26-02-2013,11,6,2,298,62.58,658.58,e-Shop,Home and kitchen,Children
87686858823,267697,26-02-2013,1,1,3,1466,461.79,4859.79,e-Shop,Clothing,Women
47871801825,273553,25-02-2013,4,4,4,1194,501.48,5277.48,Flagship store,Bags,Mens
5931509171,273910,25-02-2013,3,1,2,798,167.58,1763.58,Flagship store,Clothing,Kids
47874384915,268904,25-02-2013,1,1,5,985,517.125,5442.125,TeleShop,Clothing,Women
29669558758,272243,25-02-2013,7,5,5,330,173.25,1823.25,e-Shop,Books,Fiction
17257321352,271707,25-02-2013,5,3,2,242,50.82,534.82,e-Shop,Electronics,Computers
45044484645,269320,25-02-2013,8,3,4,752,315.84,3323.84,MBR,Electronics,Personal Appliances
59130082479,273709,25-02-2013,9,3,2,1228,257.88,2713.88,MBR,Electronics,Cameras
12161144135,273699,25-02-2013,5,3,2,643,135.03,1421.03,Flagship store,Electronics,Computers
50105761496,267307,25-02-2013,4,4,1,1043,109.515,1152.515,Flagship store,Bags,Mens
40454259167,272075,25-02-2013,4,1,1,1339,140.595,1479.595,e-Shop,Clothing,Mens
4239954799,272982,25-02-2013,7,5,5,799,419.475,4414.475,e-Shop,Books,Fiction
25914532532,270419,25-02-2013,1,4,1,941,98.805,1039.805,MBR,Bags,Women
73210197785,274487,25-02-2013,3,5,5,1431,751.275,7906.275,MBR,Books,Kids
94029776096,272442,25-02-2013,3,2,3,143,45.045,474.045,e-Shop,Footwear,Kids
86200281159,271188,25-02-2013,5,3,5,341,179.025,1884.025,Flagship store,Electronics,Computers
99904444221,267348,25-02-2013,3,5,4,213,89.46,941.46,TeleShop,Books,Kids
78931050187,272672,25-02-2013,1,2,5,675,354.375,3729.375,Flagship store,Footwear,Women
45725607812,274849,24-02-2013,10,5,3,343,108.045,1137.045,MBR,Books,Audio and video
58428592360,273490,24-02-2013,4,3,1,477,50.085,527.085,e-Shop,Electronics,Mens
42765042470,274791,24-02-2013,9,3,2,1443,303.03,3189.03,e-Shop,Electronics,Cameras
39273666141,271042,24-02-2013,3,2,1,795,83.475,878.475,TeleShop,Footwear,Kids
35140116580,267664,24-02-2013,4,4,3,1042,328.23,3454.23,e-Shop,Bags,Mens
51848243733,269879,24-02-2013,12,6,3,868,273.42,2877.42,Flagship store,Home and kitchen,Academic
53475647058,272529,24-02-2013,11,6,-3,-452,142.38,-1498.38,Flagship store,Home and kitchen,Children
40549890164,268026,24-02-2013,6,5,1,964,101.22,1065.22,Flagship store,Books,DIY
26604316304,267877,24-02-2013,11,5,1,760,79.8,839.8,MBR,Books,Children
8869805024,266866,24-02-2013,1,1,2,832,174.72,1838.72,e-Shop,Clothing,Women
33678116698,268741,24-02-2013,1,4,5,337,176.925,1861.925,e-Shop,Bags,Women
99803153703,269683,24-02-2013,12,6,5,1237,649.425,6834.425,e-Shop,Home and kitchen,Academic
98127656972,268887,24-02-2013,4,1,2,1297,272.37,2866.37,TeleShop,Clothing,Mens
84999530297,272494,24-02-2013,4,3,2,1170,245.7,2585.7,e-Shop,Electronics,Mens
86164054549,271821,24-02-2013,12,5,1,1371,143.955,1514.955,e-Shop,Books,Academic
56196610609,274118,23-02-2013,10,3,3,584,183.96,1935.96,TeleShop,Electronics,Audio and video
42760127896,268727,23-02-2013,3,1,-5,-868,455.7,-4795.7,MBR,Clothing,Kids
21491560670,275120,23-02-2013,9,3,3,632,199.08,2095.08,e-Shop,Electronics,Cameras
934556393,274755,23-02-2013,2,6,2,1385,290.85,3060.85,TeleShop,Home and kitchen,Furnishing
25018891239,274415,23-02-2013,11,5,2,814,170.94,1798.94,MBR,Books,Children
47211541149,267594,23-02-2013,3,2,1,1301,136.605,1437.605,TeleShop,Footwear,Kids
56454358498,274914,23-02-2013,2,6,5,1373,720.825,7585.825,e-Shop,Home and kitchen,Furnishing
3129347645,268767,23-02-2013,1,4,5,642,337.05,3547.05,Flagship store,Bags,Women
46299835210,273634,23-02-2013,10,5,4,1091,458.22,4822.22,e-Shop,Books,Audio and video
48591559531,271323,23-02-2013,4,1,4,1117,469.14,4937.14,e-Shop,Clothing,Mens
60338307077,266810,23-02-2013,12,6,2,572,120.12,1264.12,e-Shop,Home and kitchen,Academic
7709432812,271772,23-02-2013,9,3,2,1148,241.08,2537.08,e-Shop,Electronics,Cameras
51853371595,270699,23-02-2013,1,4,2,1476,309.96,3261.96,e-Shop,Bags,Women
76119021109,273821,23-02-2013,2,6,5,294,154.35,1624.35,e-Shop,Home and kitchen,Furnishing
85029727036,268089,23-02-2013,12,6,1,221,23.205,244.205,e-Shop,Home and kitchen,Academic
89172283224,271379,23-02-2013,9,3,2,1355,284.55,2994.55,TeleShop,Electronics,Cameras
64967141214,267812,23-02-2013,9,3,-3,-481,151.515,-1594.515,TeleShop,Electronics,Cameras
69226493577,269798,23-02-2013,11,6,2,466,97.86,1029.86,TeleShop,Home and kitchen,Children
90562061384,266809,23-02-2013,3,2,1,1087,114.135,1201.135,e-Shop,Footwear,Kids
66077075242,273381,23-02-2013,9,3,4,1071,449.82,4733.82,MBR,Electronics,Cameras
80639605184,273223,23-02-2013,4,1,4,798,335.16,3527.16,e-Shop,Clothing,Mens
96783890035,271549,23-02-2013,10,6,5,1264,663.6,6983.6,TeleShop,Home and kitchen,Audio and video
69820664523,272128,23-02-2013,3,2,2,162,34.02,358.02,TeleShop,Footwear,Kids
77014284094,271139,23-02-2013,3,1,2,1383,290.43,3056.43,Flagship store,Clothing,Kids
96765763167,272043,23-02-2013,11,6,3,1440,453.6,4773.6,Flagship store,Home and kitchen,Children
47647755212,274412,22-02-2013,2,6,1,598,62.79,660.79,Flagship store,Home and kitchen,Furnishing
3917451932,267045,22-02-2013,1,2,3,1151,362.565,3815.565,Flagship store,Footwear,Women
31063483644,274110,22-02-2013,1,4,2,474,99.54,1047.54,MBR,Bags,Women
6170651029,271400,22-02-2013,11,5,4,776,325.92,3429.92,MBR,Books,Children
42596925041,271914,22-02-2013,12,6,3,759,239.085,2516.085,e-Shop,Home and kitchen,Academic
54317842130,270313,22-02-2013,12,6,2,697,146.37,1540.37,MBR,Home and kitchen,Academic
34467826150,274189,22-02-2013,11,5,-4,-681,286.02,-3010.02,Flagship store,Books,Children
59776588144,269718,22-02-2013,2,6,4,1288,540.96,5692.96,MBR,Home and kitchen,Furnishing
52385306358,269536,22-02-2013,3,1,3,1234,388.71,4090.71,e-Shop,Clothing,Kids
28199304211,268329,22-02-2013,10,3,2,1397,293.37,3087.37,TeleShop,Electronics,Audio and video
88721742167,273167,22-02-2013,7,5,5,1411,740.775,7795.775,MBR,Books,Fiction
82133810923,267358,22-02-2013,5,3,3,477,150.255,1581.255,e-Shop,Electronics,Computers
91357810389,271177,22-02-2013,3,1,1,825,86.625,911.625,MBR,Clothing,Kids
64447757300,273952,22-02-2013,10,6,1,618,64.89,682.89,TeleShop,Home and kitchen,Audio and video
65595479642,274886,22-02-2013,10,3,5,387,203.175,2138.175,e-Shop,Electronics,Audio and video
70705216039,270256,22-02-2013,3,2,1,485,50.925,535.925,TeleShop,Footwear,Kids
76768790910,267701,22-02-2013,10,5,1,1062,111.51,1173.51,TeleShop,Books,Audio and video
20197321829,272441,21-02-2013,2,6,4,257,107.94,1135.94,MBR,Home and kitchen,Furnishing
56270068998,268751,21-02-2013,11,5,3,929,292.635,3079.635,Flagship store,Books,Children
61947203641,272911,21-02-2013,9,3,5,980,514.5,5414.5,e-Shop,Electronics,Cameras
37275761955,272554,21-02-2013,3,5,5,182,95.55,1005.55,MBR,Books,Kids
5736257269,269873,21-02-2013,12,6,4,1486,624.12,6568.12,Flagship store,Home and kitchen,Academic
36724419764,271961,21-02-2013,7,5,4,402,168.84,1776.84,TeleShop,Books,Fiction
14141098432,266806,21-02-2013,2,6,3,1141,359.415,3782.415,Flagship store,Home and kitchen,Furnishing
28483619475,270803,21-02-2013,4,1,5,1492,783.3,8243.3,e-Shop,Clothing,Mens
55884618731,271832,21-02-2013,12,6,5,1253,657.825,6922.825,TeleShop,Home and kitchen,Academic
8578059903,267716,21-02-2013,11,6,2,1451,304.71,3206.71,e-Shop,Home and kitchen,Children
27818792907,271910,21-02-2013,1,2,4,653,274.26,2886.26,Flagship store,Footwear,Women
14220613111,271137,21-02-2013,8,3,-3,-1089,343.035,-3610.035,Flagship store,Electronics,Personal Appliances
37164633957,270071,21-02-2013,7,5,1,788,82.74,870.74,MBR,Books,Fiction
9961299502,267134,21-02-2013,9,3,3,515,162.225,1707.225,TeleShop,Electronics,Cameras
74595273885,273071,21-02-2013,12,6,1,252,26.46,278.46,Flagship store,Home and kitchen,Academic
65339110599,272634,21-02-2013,6,5,1,754,79.17,833.17,TeleShop,Books,DIY
72191289110,272546,21-02-2013,5,3,2,1391,292.11,3074.11,e-Shop,Electronics,Computers
71220081483,275218,21-02-2013,3,2,4,1107,464.94,4892.94,MBR,Footwear,Kids
5855809093,274096,20-02-2013,12,5,1,599,62.895,661.895,Flagship store,Books,Academic
59570732536,269479,20-02-2013,3,5,4,257,107.94,1135.94,e-Shop,Books,Kids
17512317731,268301,20-02-2013,10,3,4,531,223.02,2347.02,e-Shop,Electronics,Audio and video
39863996693,267827,20-02-2013,1,4,5,1209,634.725,6679.725,Flagship store,Bags,Women
11419060832,272091,20-02-2013,1,2,1,802,84.21,886.21,MBR,Footwear,Women
41985970688,270419,20-02-2013,4,1,3,436,137.34,1445.34,MBR,Clothing,Mens
21960099793,267550,20-02-2013,5,3,4,1236,519.12,5463.12,Flagship store,Electronics,Computers
46074905777,268984,20-02-2013,3,1,-5,-87,45.675,-480.675,Flagship store,Clothing,Kids
42760127896,268727,20-02-2013,3,1,5,868,455.7,4795.7,MBR,Clothing,Kids
8410316370,266783,20-02-2013,4,1,1,869,91.245,960.245,e-Shop,Clothing,Mens
42123747546,272696,20-02-2013,3,2,3,717,225.855,2376.855,e-Shop,Footwear,Kids
60707272899,272848,20-02-2013,12,5,3,867,273.105,2874.105,e-Shop,Books,Academic
75903924112,272482,20-02-2013,3,2,4,863,362.46,3814.46,e-Shop,Footwear,Kids
98640635551,270261,20-02-2013,3,2,1,1206,126.63,1332.63,Flagship store,Footwear,Kids
84860687371,274303,20-02-2013,11,5,5,318,166.95,1756.95,e-Shop,Books,Children
82659822244,273873,20-02-2013,2,6,4,678,284.76,2996.76,TeleShop,Home and kitchen,Furnishing
64967141214,267812,20-02-2013,9,3,3,481,151.515,1594.515,TeleShop,Electronics,Cameras
66079914344,274727,20-02-2013,6,5,5,1026,538.65,5668.65,e-Shop,Books,DIY
80319467948,272797,20-02-2013,8,3,4,1365,573.3,6033.3,Flagship store,Electronics,Personal Appliances
99016788469,274533,20-02-2013,4,3,4,1017,427.14,4495.14,e-Shop,Electronics,Mens
94905525426,271195,20-02-2013,3,1,5,1206,633.15,6663.15,e-Shop,Clothing,Kids
69831028147,273310,20-02-2013,10,6,3,438,137.97,1451.97,Flagship store,Home and kitchen,Audio and video
99707518697,275139,20-02-2013,4,3,5,122,64.05,674.05,e-Shop,Electronics,Mens
52620259195,267738,19-02-2013,10,6,3,1141,359.415,3782.415,e-Shop,Home and kitchen,Audio and video
49994778767,267622,19-02-2013,7,5,-4,-215,90.3,-950.3,e-Shop,Books,Fiction
28540937320,270374,19-02-2013,3,1,2,525,110.25,1160.25,e-Shop,Clothing,Kids
38658237530,269999,19-02-2013,4,4,1,699,73.395,772.395,e-Shop,Bags,Mens
42998983589,267980,19-02-2013,6,5,5,1299,681.975,7176.975,e-Shop,Books,DIY
7138782044,272907,19-02-2013,10,6,-5,-271,142.275,-1497.275,TeleShop,Home and kitchen,Audio and video
19748118078,274788,19-02-2013,3,2,5,452,237.3,2497.3,MBR,Footwear,Kids
13667890829,268522,19-02-2013,9,3,2,1482,311.22,3275.22,MBR,Electronics,Cameras
53996484641,269767,19-02-2013,3,2,1,1135,119.175,1254.175,MBR,Footwear,Kids
15927766238,271304,19-02-2013,2,6,3,1424,448.56,4720.56,TeleShop,Home and kitchen,Furnishing
86860560878,268612,19-02-2013,10,6,3,852,268.38,2824.38,e-Shop,Home and kitchen,Audio and video
83433524708,271245,19-02-2013,1,1,2,672,141.12,1485.12,MBR,Clothing,Women
98786406621,275143,19-02-2013,3,1,1,342,35.91,377.91,e-Shop,Clothing,Kids
96033195981,266835,19-02-2013,4,3,3,214,67.41,709.41,Flagship store,Electronics,Mens
82863091314,273199,19-02-2013,8,3,5,997,523.425,5508.425,Flagship store,Electronics,Personal Appliances
67643364186,273484,19-02-2013,10,6,-1,-1315,138.075,-1453.075,TeleShop,Home and kitchen,Audio and video
58685705068,271346,18-02-2013,11,6,5,107,56.175,591.175,e-Shop,Home and kitchen,Children
25403716926,275063,18-02-2013,4,2,2,1162,244.02,2568.02,e-Shop,Footwear,Mens
9251768292,271762,18-02-2013,11,6,4,885,371.7,3911.7,Flagship store,Home and kitchen,Children
38665415188,272264,18-02-2013,10,6,4,722,303.24,3191.24,MBR,Home and kitchen,Audio and video
41413684529,271304,18-02-2013,2,6,4,664,278.88,2934.88,MBR,Home and kitchen,Furnishing
56810733646,269655,18-02-2013,1,1,3,557,175.455,1846.455,Flagship store,Clothing,Women
4383387252,273500,18-02-2013,4,3,3,266,83.79,881.79,TeleShop,Electronics,Mens
7429804073,274813,18-02-2013,4,2,2,1142,239.82,2523.82,MBR,Footwear,Mens
32753064095,274693,18-02-2013,4,2,-1,-779,81.795,-860.795,TeleShop,Footwear,Mens
50693047176,267499,18-02-2013,3,2,-2,-212,44.52,-468.52,Flagship store,Footwear,Kids
22970014465,274237,18-02-2013,4,2,2,190,39.9,419.9,Flagship store,Footwear,Mens
19245716459,271207,18-02-2013,3,1,2,1477,310.17,3264.17,Flagship store,Clothing,Kids
96208096382,273267,18-02-2013,12,5,4,518,217.56,2289.56,Flagship store,Books,Academic
89460954424,270613,18-02-2013,12,6,3,1406,442.89,4660.89,TeleShop,Home and kitchen,Academic
85587435209,273444,18-02-2013,10,3,3,1205,379.575,3994.575,MBR,Electronics,Audio and video
94257807642,273329,18-02-2013,3,5,1,851,89.355,940.355,Flagship store,Books,Kids
87344278535,267061,18-02-2013,5,3,4,1083,454.86,4786.86,Flagship store,Electronics,Computers
97458267695,269874,18-02-2013,12,5,1,1284,134.82,1418.82,e-Shop,Books,Academic
27943222808,271288,17-02-2013,1,2,3,544,171.36,1803.36,e-Shop,Footwear,Women
51594107434,273302,17-02-2013,11,5,4,332,139.44,1467.44,e-Shop,Books,Children
34467826150,274189,17-02-2013,11,5,4,681,286.02,3010.02,Flagship store,Books,Children
28358297523,272639,17-02-2013,2,6,4,874,367.08,3863.08,e-Shop,Home and kitchen,Furnishing
43772945178,274814,17-02-2013,12,5,2,605,127.05,1337.05,e-Shop,Books,Academic
10317439639,271059,17-02-2013,4,4,5,1142,599.55,6309.55,Flagship store,Bags,Mens
3203747461,269008,17-02-2013,1,1,2,1365,286.65,3016.65,e-Shop,Clothing,Women
14220613111,271137,17-02-2013,8,3,3,1089,343.035,3610.035,Flagship store,Electronics,Personal Appliances
32092516883,274788,17-02-2013,4,4,5,1359,713.475,7508.475,e-Shop,Bags,Mens
14556383209,267045,17-02-2013,4,1,-5,-1125,590.625,-6215.625,TeleShop,Clothing,Mens
37081605307,269923,17-02-2013,4,2,4,110,46.2,486.2,e-Shop,Footwear,Mens
34245128819,268430,17-02-2013,1,1,1,971,101.955,1072.955,Flagship store,Clothing,Women
79740955540,272436,17-02-2013,9,3,2,891,187.11,1969.11,TeleShop,Electronics,Cameras
97360693683,267651,17-02-2013,4,2,2,493,103.53,1089.53,MBR,Footwear,Mens
72951519217,271762,17-02-2013,1,2,5,1251,656.775,6911.775,Flagship store,Footwear,Women
70274358278,273495,17-02-2013,10,3,1,1012,106.26,1118.26,MBR,Electronics,Audio and video
65461137226,269000,17-02-2013,4,1,5,684,359.1,3779.1,TeleShop,Clothing,Mens
81636321076,274099,17-02-2013,10,5,2,569,119.49,1257.49,TeleShop,Books,Audio and video
7770860976,266956,16-02-2013,12,6,4,834,350.28,3686.28,Flagship store,Home and kitchen,Academic
54006364065,273123,16-02-2013,11,6,1,618,64.89,682.89,TeleShop,Home and kitchen,Children
22478094831,268712,16-02-2013,12,6,1,1432,150.36,1582.36,TeleShop,Home and kitchen,Academic
31927324093,275162,16-02-2013,11,5,5,96,50.4,530.4,Flagship store,Books,Children
57799552091,266901,16-02-2013,3,5,2,948,199.08,2095.08,e-Shop,Books,Kids
48623868343,274195,16-02-2013,1,2,3,893,281.295,2960.295,MBR,Footwear,Women
31497857645,270113,16-02-2013,3,1,1,496,52.08,548.08,e-Shop,Clothing,Kids
50693047176,267499,16-02-2013,3,2,2,212,44.52,468.52,Flagship store,Footwear,Kids
31124305218,271191,16-02-2013,1,4,4,738,309.96,3261.96,MBR,Bags,Women
56098199475,270349,16-02-2013,1,4,-2,-1010,212.1,-2232.1,e-Shop,Bags,Women
40249088973,269304,16-02-2013,1,4,4,486,204.12,2148.12,e-Shop,Bags,Women
20778215841,268909,16-02-2013,4,2,4,86,36.12,380.12,TeleShop,Footwear,Mens
32753064095,274693,16-02-2013,4,2,1,779,81.795,860.795,TeleShop,Footwear,Mens
46384532177,269020,16-02-2013,11,6,4,780,327.6,3447.6,MBR,Home and kitchen,Children
33420605144,271703,16-02-2013,7,5,4,258,108.36,1140.36,e-Shop,Books,Fiction
89203065847,271293,16-02-2013,2,6,5,1483,778.575,8193.575,MBR,Home and kitchen,Furnishing
72053831532,274981,16-02-2013,12,6,1,1081,113.505,1194.505,TeleShop,Home and kitchen,Academic
85012454766,273487,16-02-2013,4,1,-3,-708,223.02,-2347.02,e-Shop,Clothing,Mens
96514202953,267092,16-02-2013,1,1,1,823,86.415,909.415,TeleShop,Clothing,Women
67523124933,270188,16-02-2013,4,1,5,1410,740.25,7790.25,Flagship store,Clothing,Mens
91012090718,273536,16-02-2013,3,1,1,1247,130.935,1377.935,e-Shop,Clothing,Kids
91014369733,270151,16-02-2013,3,5,1,1214,127.47,1341.47,Flagship store,Books,Kids
65240172062,267646,16-02-2013,3,5,-3,-251,79.065,-832.065,e-Shop,Books,Kids
68263309502,273916,16-02-2013,12,5,1,807,84.735,891.735,Flagship store,Books,Academic
86396494974,268603,16-02-2013,1,4,4,212,89.04,937.04,e-Shop,Bags,Women
54140070918,267594,15-02-2013,6,5,1,1471,154.455,1625.455,MBR,Books,DIY
18861476817,270584,15-02-2013,3,1,1,792,83.16,875.16,TeleShop,Clothing,Kids
10178888029,269051,15-02-2013,1,2,5,207,108.675,1143.675,TeleShop,Footwear,Women
55390462245,269721,15-02-2013,6,5,5,1457,764.925,8049.925,e-Shop,Books,DIY
28791031447,269008,15-02-2013,6,5,1,1266,132.93,1398.93,e-Shop,Books,DIY
53475647058,272529,15-02-2013,11,6,3,452,142.38,1498.38,Flagship store,Home and kitchen,Children
29768634812,268847,15-02-2013,1,4,1,1072,112.56,1184.56,e-Shop,Bags,Women
9560157329,267557,15-02-2013,12,5,5,591,310.275,3265.275,TeleShop,Books,Academic
38697033039,268021,15-02-2013,1,4,2,1166,244.86,2576.86,e-Shop,Bags,Women
40241299251,270144,15-02-2013,10,5,1,116,12.18,128.18,e-Shop,Books,Audio and video
25453458314,273922,15-02-2013,4,1,-1,-973,102.165,-1075.165,e-Shop,Clothing,Mens
38852817882,268251,15-02-2013,10,6,1,870,91.35,961.35,Flagship store,Home and kitchen,Audio and video
50802658811,267759,15-02-2013,3,1,1,322,33.81,355.81,Flagship store,Clothing,Kids
52800326667,270947,15-02-2013,11,6,4,950,399,4199,MBR,Home and kitchen,Children
55298589937,269533,15-02-2013,7,5,3,1305,411.075,4326.075,e-Shop,Books,Fiction
56660297783,272817,15-02-2013,4,3,2,1347,282.87,2976.87,Flagship store,Electronics,Mens
2169313438,267208,15-02-2013,10,3,4,234,98.28,1034.28,MBR,Electronics,Audio and video
27056762796,273717,15-02-2013,12,6,1,1091,114.555,1205.555,TeleShop,Home and kitchen,Academic
94567169838,268581,15-02-2013,1,4,2,1175,246.75,2596.75,e-Shop,Bags,Women
78082854165,267642,15-02-2013,11,6,1,320,33.6,353.6,e-Shop,Home and kitchen,Children
92886388786,269060,15-02-2013,3,5,4,651,273.42,2877.42,Flagship store,Books,Kids
23346314009,272324,14-02-2013,4,3,2,1047,219.87,2313.87,Flagship store,Electronics,Mens
25967306008,267051,14-02-2013,4,4,1,292,30.66,322.66,Flagship store,Bags,Mens
7138782044,272907,14-02-2013,10,6,5,271,142.275,1497.275,TeleShop,Home and kitchen,Audio and video
62025530269,274367,14-02-2013,4,2,4,1079,453.18,4769.18,Flagship store,Footwear,Mens
23692698818,268590,14-02-2013,4,4,5,922,484.05,5094.05,e-Shop,Bags,Mens
54640077867,272525,14-02-2013,12,6,3,861,271.215,2854.215,e-Shop,Home and kitchen,Academic
28647330731,273574,14-02-2013,10,5,4,1256,527.52,5551.52,MBR,Books,Audio and video
41999200228,274072,14-02-2013,12,5,1,1303,136.815,1439.815,TeleShop,Books,Academic
51315824694,274592,14-02-2013,10,6,3,693,218.295,2297.295,e-Shop,Home and kitchen,Audio and video
23444331258,272415,14-02-2013,4,2,1,96,10.08,106.08,Flagship store,Footwear,Mens
37385034563,269245,14-02-2013,12,6,2,771,161.91,1703.91,TeleShop,Home and kitchen,Academic
83396318537,267711,14-02-2013,4,3,2,1030,216.3,2276.3,e-Shop,Electronics,Mens
73733080576,267125,14-02-2013,3,2,3,889,280.035,2947.035,e-Shop,Footwear,Kids
71509145692,272910,14-02-2013,3,1,3,1130,355.95,3745.95,MBR,Clothing,Kids
63210996773,269589,14-02-2013,12,6,1,263,27.615,290.615,TeleShop,Home and kitchen,Academic
79594547912,268729,14-02-2013,10,3,3,1176,370.44,3898.44,e-Shop,Electronics,Audio and video
91894912447,270638,14-02-2013,4,4,1,75,7.875,82.875,Flagship store,Bags,Mens
79299538935,273052,14-02-2013,1,1,3,536,168.84,1776.84,e-Shop,Clothing,Women
91729177893,269098,14-02-2013,4,4,1,336,35.28,371.28,Flagship store,Bags,Mens
20230888588,274724,13-02-2013,11,5,-4,-901,378.42,-3982.42,TeleShop,Books,Children
58125944124,268436,13-02-2013,1,1,2,627,131.67,1385.67,MBR,Clothing,Women
12852573765,267649,13-02-2013,4,3,4,329,138.18,1454.18,MBR,Electronics,Mens
12457102855,272124,13-02-2013,7,5,1,336,35.28,371.28,TeleShop,Books,Fiction
31999729972,273652,13-02-2013,1,1,1,1206,126.63,1332.63,Flagship store,Clothing,Women
55628652851,272924,13-02-2013,10,3,1,462,48.51,510.51,e-Shop,Electronics,Audio and video
25195156227,272344,13-02-2013,3,1,1,1222,128.31,1350.31,TeleShop,Clothing,Kids
25353683669,268160,13-02-2013,10,6,-5,-116,60.9,-640.9,MBR,Home and kitchen,Audio and video
31333570023,271729,13-02-2013,10,3,2,1304,273.84,2881.84,TeleShop,Electronics,Audio and video
28820931614,267000,13-02-2013,5,3,5,1287,675.675,7110.675,Flagship store,Electronics,Computers
64908614797,268571,13-02-2013,1,1,1,926,97.23,1023.23,e-Shop,Clothing,Women
96591948815,268524,13-02-2013,10,5,2,995,208.95,2198.95,MBR,Books,Audio and video
72638047851,266785,13-02-2013,1,2,5,412,216.3,2276.3,Flagship store,Footwear,Women
88302929093,272354,13-02-2013,10,5,3,1465,461.475,4856.475,e-Shop,Books,Audio and video
72395952384,274236,13-02-2013,11,5,5,635,333.375,3508.375,MBR,Books,Children
69043256077,273562,13-02-2013,11,6,5,1118,586.95,6176.95,e-Shop,Home and kitchen,Children
66416672029,271863,13-02-2013,12,6,1,1493,156.765,1649.765,TeleShop,Home and kitchen,Academic
42964360626,268354,12/2/2013,6,5,-5,-289,151.725,-1596.725,Flagship store,Books,DIY
14475540765,270371,12/2/2013,4,1,2,1076,225.96,2377.96,TeleShop,Clothing,Mens
28462577816,270831,12/2/2013,3,1,3,1324,417.06,4389.06,e-Shop,Clothing,Kids
2440778519,273162,12/2/2013,3,2,1,877,92.085,969.085,e-Shop,Footwear,Kids
23558616247,270145,12/2/2013,1,1,-1,-886,93.03,-979.03,Flagship store,Clothing,Women
18315762824,267784,12/2/2013,4,4,5,821,431.025,4536.025,e-Shop,Bags,Mens
39781364281,270672,12/2/2013,9,3,-2,-815,171.15,-1801.15,Flagship store,Electronics,Cameras
26416964069,270029,12/2/2013,5,3,2,348,73.08,769.08,e-Shop,Electronics,Computers
63264180605,268203,12/2/2013,12,5,2,1199,251.79,2649.79,e-Shop,Books,Academic
89955475734,273647,12/2/2013,4,3,4,988,414.96,4366.96,e-Shop,Electronics,Mens
76539738174,273143,12/2/2013,10,5,2,916,192.36,2024.36,TeleShop,Books,Audio and video
81042386715,271821,12/2/2013,12,6,4,622,261.24,2749.24,e-Shop,Home and kitchen,Academic
76199289883,270403,12/2/2013,12,6,2,877,184.17,1938.17,e-Shop,Home and kitchen,Academic
89000309020,266788,12/2/2013,1,2,1,1188,124.74,1312.74,e-Shop,Footwear,Women
93447895641,270632,12/2/2013,12,5,5,606,318.15,3348.15,e-Shop,Books,Academic
75919069763,273575,12/2/2013,4,4,5,1188,623.7,6563.7,e-Shop,Bags,Mens
96978326521,270005,12/2/2013,9,3,3,1275,401.625,4226.625,e-Shop,Electronics,Cameras
64741575423,270316,12/2/2013,12,5,4,907,380.94,4008.94,e-Shop,Books,Academic
66726705103,268470,12/2/2013,4,2,3,468,147.42,1551.42,Flagship store,Footwear,Mens
13380303561,272383,11/2/2013,1,4,3,1487,468.405,4929.405,e-Shop,Bags,Women
52382918367,274542,11/2/2013,10,5,4,1360,571.2,6011.2,TeleShop,Books,Audio and video
9377635464,270857,11/2/2013,3,2,4,784,329.28,3465.28,e-Shop,Footwear,Kids
26152575049,268692,11/2/2013,12,5,3,1358,427.77,4501.77,Flagship store,Books,Academic
6879043752,271707,11/2/2013,2,6,3,410,129.15,1359.15,Flagship store,Home and kitchen,Furnishing
52715078274,270607,11/2/2013,3,5,-2,-592,124.32,-1308.32,MBR,Books,Kids
37808321967,268345,11/2/2013,12,5,4,289,121.38,1277.38,Flagship store,Books,Academic
24415755918,271122,11/2/2013,4,4,5,295,154.875,1629.875,Flagship store,Bags,Mens
56098199475,270349,11/2/2013,1,4,2,1010,212.1,2232.1,e-Shop,Bags,Women
54155930549,269843,11/2/2013,1,1,1,1043,109.515,1152.515,Flagship store,Clothing,Women
46074905777,268984,11/2/2013,3,1,5,87,45.675,480.675,Flagship store,Clothing,Kids
14556383209,267045,11/2/2013,4,1,5,1125,590.625,6215.625,TeleShop,Clothing,Mens
6044830354,273487,11/2/2013,8,3,2,290,60.9,640.9,e-Shop,Electronics,Personal Appliances
24680941257,267293,11/2/2013,10,6,4,283,118.86,1250.86,e-Shop,Home and kitchen,Audio and video
59293287416,270292,11/2/2013,4,3,2,201,42.21,444.21,Flagship store,Electronics,Mens
82047927723,267989,11/2/2013,12,5,-3,-217,68.355,-719.355,Flagship store,Books,Academic
67639106893,274295,11/2/2013,9,3,1,1070,112.35,1182.35,e-Shop,Electronics,Cameras
71252805645,273833,11/2/2013,1,2,4,659,276.78,2912.78,MBR,Footwear,Women
85247969409,274215,11/2/2013,9,3,5,1431,751.275,7906.275,Flagship store,Electronics,Cameras
99407693794,266978,11/2/2013,7,5,1,318,33.39,351.39,TeleShop,Books,Fiction
49212082462,270964,10/2/2013,6,5,5,793,416.325,4381.325,e-Shop,Books,DIY
8903147522,267653,10/2/2013,8,3,4,1260,529.2,5569.2,MBR,Electronics,Personal Appliances
45054465160,267906,10/2/2013,12,5,1,1429,150.045,1579.045,Flagship store,Books,Academic
61683134087,272803,10/2/2013,1,2,2,966,202.86,2134.86,e-Shop,Footwear,Women
58823068813,270798,10/2/2013,7,5,3,494,155.61,1637.61,TeleShop,Books,Fiction
42031115077,268453,10/2/2013,4,3,1,966,101.43,1067.43,e-Shop,Electronics,Mens
59335498369,274086,10/2/2013,4,3,2,153,32.13,338.13,e-Shop,Electronics,Mens
17820121675,272364,10/2/2013,2,6,1,790,82.95,872.95,e-Shop,Home and kitchen,Furnishing
57914579911,270905,10/2/2013,3,5,3,165,51.975,546.975,Flagship store,Books,Kids
6777856028,266891,10/2/2013,4,2,5,576,302.4,3182.4,MBR,Footwear,Mens
49994778767,267622,10/2/2013,7,5,4,215,90.3,950.3,e-Shop,Books,Fiction
45530328262,269790,10/2/2013,2,6,1,304,31.92,335.92,MBR,Home and kitchen,Furnishing
87448788825,271972,10/2/2013,1,1,1,149,15.645,164.645,MBR,Clothing,Women
64734204328,266950,10/2/2013,5,3,3,1169,368.235,3875.235,e-Shop,Electronics,Computers
82258282007,274767,10/2/2013,11,6,-1,-1081,113.505,-1194.505,TeleShop,Home and kitchen,Children
86417731907,272555,10/2/2013,4,3,2,1481,311.01,3273.01,e-Shop,Electronics,Mens
21506176510,273186,9/2/2013,2,6,3,1427,449.505,4730.505,Flagship store,Home and kitchen,Furnishing
61384906733,273230,9/2/2013,12,6,3,1077,339.255,3570.255,e-Shop,Home and kitchen,Academic
27833907058,272726,9/2/2013,4,3,2,801,168.21,1770.21,e-Shop,Electronics,Mens
50965745516,267943,9/2/2013,11,6,1,879,92.295,971.295,TeleShop,Home and kitchen,Children
16999552161,266783,9/2/2013,10,5,2,835,175.35,1845.35,e-Shop,Books,Audio and video
23916816961,273541,9/2/2013,7,5,4,410,172.2,1812.2,e-Shop,Books,Fiction
37642544565,269080,9/2/2013,4,3,5,1468,770.7,8110.7,e-Shop,Electronics,Mens
45031528492,272386,9/2/2013,1,1,4,762,320.04,3368.04,MBR,Clothing,Women
45016751895,268991,9/2/2013,10,6,-1,-834,87.57,-921.57,Flagship store,Home and kitchen,Audio and video
6685170093,273465,9/2/2013,11,6,5,868,455.7,4795.7,e-Shop,Home and kitchen,Children
84127708353,272998,9/2/2013,4,1,5,985,517.125,5442.125,Flagship store,Clothing,Mens
87941555371,273917,9/2/2013,5,3,2,1421,298.41,3140.41,e-Shop,Electronics,Computers
67643364186,273484,9/2/2013,10,6,1,1315,138.075,1453.075,TeleShop,Home and kitchen,Audio and video
82901713414,269913,9/2/2013,4,3,3,1485,467.775,4922.775,Flagship store,Electronics,Mens
70207585262,270558,9/2/2013,1,2,4,1182,496.44,5224.44,e-Shop,Footwear,Women
75727203391,271905,9/2/2013,5,3,-4,-913,383.46,-4035.46,e-Shop,Electronics,Computers
36565482040,270319,8/2/2013,4,2,4,792,332.64,3500.64,TeleShop,Footwear,Mens
40584690615,267330,8/2/2013,5,3,4,527,221.34,2329.34,MBR,Electronics,Computers
7299804172,270399,8/2/2013,12,6,4,1248,524.16,5516.16,e-Shop,Home and kitchen,Academic
7286887166,272926,8/2/2013,3,1,-4,-574,241.08,-2537.08,TeleShop,Clothing,Kids
30088612900,267378,8/2/2013,11,6,1,1036,108.78,1144.78,MBR,Home and kitchen,Children
25353683669,268160,8/2/2013,10,6,5,116,60.9,640.9,MBR,Home and kitchen,Audio and video
3816957441,273455,8/2/2013,12,6,5,211,110.775,1165.775,MBR,Home and kitchen,Academic
54940053662,272532,8/2/2013,9,3,-2,-934,196.14,-2064.14,TeleShop,Electronics,Cameras
46999479127,268326,8/2/2013,1,2,5,695,364.875,3839.875,TeleShop,Footwear,Women
24541781435,267462,8/2/2013,12,6,3,789,248.535,2615.535,e-Shop,Home and kitchen,Academic
23558616247,270145,8/2/2013,1,1,1,886,93.03,979.03,Flagship store,Clothing,Women
60263267714,271407,8/2/2013,4,1,4,1229,516.18,5432.18,e-Shop,Clothing,Mens
23704650653,268076,8/2/2013,4,1,4,1047,439.74,4627.74,e-Shop,Clothing,Mens
5649527456,268140,8/2/2013,10,6,2,193,40.53,426.53,Flagship store,Home and kitchen,Audio and video
36350384865,271974,8/2/2013,1,1,3,302,95.13,1001.13,e-Shop,Clothing,Women
29333627234,268218,8/2/2013,11,6,2,633,132.93,1398.93,TeleShop,Home and kitchen,Children
32263938079,270308,8/2/2013,4,2,-4,-1058,444.36,-4676.36,MBR,Footwear,Mens
14698441592,267592,8/2/2013,3,5,-3,-1359,428.085,-4505.085,Flagship store,Books,Kids
84928807807,272020,8/2/2013,1,1,-4,-698,293.16,-3085.16,MBR,Clothing,Women
65240172062,267646,8/2/2013,3,5,3,251,79.065,832.065,e-Shop,Books,Kids
71969845417,271422,8/2/2013,3,1,4,899,377.58,3973.58,Flagship store,Clothing,Kids
89704255540,268772,8/2/2013,3,1,1,1460,153.3,1613.3,e-Shop,Clothing,Kids
82259711334,272354,8/2/2013,7,5,3,569,179.235,1886.235,e-Shop,Books,Fiction
81353053533,269514,8/2/2013,3,2,3,1412,444.78,4680.78,Flagship store,Footwear,Kids
66059466135,267285,8/2/2013,5,3,2,119,24.99,262.99,e-Shop,Electronics,Computers
64644670262,275250,8/2/2013,3,2,2,1312,275.52,2899.52,MBR,Footwear,Kids
39781364281,270672,7/2/2013,9,3,2,815,171.15,1801.15,Flagship store,Electronics,Cameras
11309096338,274948,7/2/2013,9,3,5,1456,764.4,8044.4,e-Shop,Electronics,Cameras
37184908343,273530,7/2/2013,7,5,5,797,418.425,4403.425,e-Shop,Books,Fiction
38504879437,273171,7/2/2013,1,4,4,1497,628.74,6616.74,e-Shop,Bags,Women
9694473268,275220,7/2/2013,4,4,1,495,51.975,546.975,e-Shop,Bags,Mens
59732825193,268086,7/2/2013,4,1,4,1287,540.54,5688.54,TeleShop,Clothing,Mens
54496533201,273328,7/2/2013,8,3,3,225,70.875,745.875,e-Shop,Electronics,Personal Appliances
14603262682,271468,7/2/2013,4,3,-4,-1244,522.48,-5498.48,Flagship store,Electronics,Mens
3766798065,273813,7/2/2013,8,3,5,1483,778.575,8193.575,e-Shop,Electronics,Personal Appliances
16392595717,267346,7/2/2013,3,1,2,672,141.12,1485.12,e-Shop,Clothing,Kids
24535428025,268328,7/2/2013,10,6,1,238,24.99,262.99,MBR,Home and kitchen,Audio and video
8109065728,271410,7/2/2013,3,5,1,1202,126.21,1328.21,TeleShop,Books,Kids
2860767067,274489,7/2/2013,8,3,5,1459,765.975,8060.975,e-Shop,Electronics,Personal Appliances
89709530489,273587,7/2/2013,11,5,3,311,97.965,1030.965,Flagship store,Books,Children
91114242925,267888,7/2/2013,1,2,1,1146,120.33,1266.33,MBR,Footwear,Women
79397119096,269819,7/2/2013,4,1,1,1435,150.675,1585.675,MBR,Clothing,Mens
72240163169,266937,7/2/2013,3,2,1,365,38.325,403.325,e-Shop,Footwear,Kids
42361801738,274853,6/2/2013,1,1,5,1477,775.425,8160.425,MBR,Clothing,Women
23931833305,272740,6/2/2013,4,2,5,138,72.45,762.45,Flagship store,Footwear,Mens
12592642390,272074,6/2/2013,12,5,-2,-1131,237.51,-2499.51,TeleShop,Books,Academic
34187621426,268786,6/2/2013,1,4,-1,-264,27.72,-291.72,MBR,Bags,Women
57034693945,271914,6/2/2013,4,3,2,1256,263.76,2775.76,e-Shop,Electronics,Mens
4090366089,269597,6/2/2013,3,5,4,260,109.2,1149.2,TeleShop,Books,Kids
42964360626,268354,6/2/2013,6,5,5,289,151.725,1596.725,Flagship store,Books,DIY
59617209452,271748,6/2/2013,10,3,2,970,203.7,2143.7,Flagship store,Electronics,Audio and video
21521263875,270773,6/2/2013,10,6,5,1145,601.125,6326.125,e-Shop,Home and kitchen,Audio and video
25453458314,273922,6/2/2013,4,1,1,973,102.165,1075.165,e-Shop,Clothing,Mens
62776896200,267084,6/2/2013,3,5,3,493,155.295,1634.295,TeleShop,Books,Kids
15029980739,274277,6/2/2013,1,4,1,272,28.56,300.56,e-Shop,Bags,Women
22720354012,271285,6/2/2013,10,5,4,991,416.22,4380.22,Flagship store,Books,Audio and video
41288540652,272475,6/2/2013,12,6,4,985,413.7,4353.7,e-Shop,Home and kitchen,Academic
40295559414,268326,6/2/2013,10,5,4,384,161.28,1697.28,Flagship store,Books,Audio and video
43069572004,273029,6/2/2013,4,2,4,664,278.88,2934.88,MBR,Footwear,Mens
2140544142,269697,6/2/2013,12,5,4,188,78.96,830.96,e-Shop,Books,Academic
34024279054,271490,6/2/2013,12,5,2,379,79.59,837.59,e-Shop,Books,Academic
97797868805,269327,6/2/2013,1,4,4,234,98.28,1034.28,MBR,Bags,Women
79702995225,275181,6/2/2013,12,6,3,696,219.24,2307.24,MBR,Home and kitchen,Academic
98692222332,274056,6/2/2013,1,4,4,1481,622.02,6546.02,e-Shop,Bags,Women
93815132285,274682,6/2/2013,10,3,4,1001,420.42,4424.42,Flagship store,Electronics,Audio and video
72678117773,269327,6/2/2013,11,6,4,1277,536.34,5644.34,e-Shop,Home and kitchen,Children
69678083153,275060,6/2/2013,6,5,4,1439,604.38,6360.38,Flagship store,Books,DIY
75727203391,271905,6/2/2013,5,3,4,913,383.46,4035.46,e-Shop,Electronics,Computers
82047927723,267989,6/2/2013,12,5,3,217,68.355,719.355,Flagship store,Books,Academic
85012454766,273487,6/2/2013,4,1,3,708,223.02,2347.02,e-Shop,Clothing,Mens
63065428341,271824,5/2/2013,1,1,1,84,8.82,92.82,e-Shop,Clothing,Women
24679590760,271132,5/2/2013,2,6,1,1105,116.025,1221.025,Flagship store,Home and kitchen,Furnishing
32263938079,270308,5/2/2013,4,2,-4,-1058,444.36,-4676.36,MBR,Footwear,Mens
13389884599,268781,5/2/2013,1,4,3,110,34.65,364.65,TeleShop,Bags,Women
24399609259,269580,5/2/2013,1,1,3,1385,436.275,4591.275,Flagship store,Clothing,Women
37780749229,272135,5/2/2013,4,1,2,555,116.55,1226.55,e-Shop,Clothing,Mens
62832973133,267739,5/2/2013,1,4,1,1369,143.745,1512.745,e-Shop,Bags,Women
41818709098,272428,5/2/2013,4,3,1,1418,148.89,1566.89,e-Shop,Electronics,Mens
14698441592,267592,5/2/2013,3,5,3,1359,428.085,4505.085,Flagship store,Books,Kids
46874662445,271558,5/2/2013,2,6,1,179,18.795,197.795,MBR,Home and kitchen,Furnishing
89826689162,272418,5/2/2013,5,3,4,610,256.2,2696.2,e-Shop,Electronics,Computers
89607115156,267068,5/2/2013,4,1,4,781,328.02,3452.02,e-Shop,Clothing,Mens
84928807807,272020,5/2/2013,1,1,4,698,293.16,3085.16,MBR,Clothing,Women
86516307645,272475,5/2/2013,4,4,4,832,349.44,3677.44,e-Shop,Bags,Mens
69776750454,274608,5/2/2013,1,2,5,632,331.8,3491.8,MBR,Footwear,Women
82835936033,270527,5/2/2013,11,6,5,1076,564.9,5944.9,e-Shop,Home and kitchen,Children
89008992072,274602,5/2/2013,1,1,3,1083,341.145,3590.145,TeleShop,Clothing,Women
64277302559,272318,5/2/2013,4,2,4,521,218.82,2302.82,e-Shop,Footwear,Mens
91062614617,267214,5/2/2013,1,1,2,522,109.62,1153.62,MBR,Clothing,Women
92801596984,272835,5/2/2013,1,1,-3,-1050,330.75,-3480.75,Flagship store,Clothing,Women
58353333700,269518,4/2/2013,2,6,3,1055,332.325,3497.325,TeleShop,Home and kitchen,Furnishing
12584085327,271771,4/2/2013,3,2,4,552,231.84,2439.84,Flagship store,Footwear,Kids
42306066506,272546,4/2/2013,10,5,4,616,258.72,2722.72,e-Shop,Books,Audio and video
30267809966,269574,4/2/2013,4,2,4,213,89.46,941.46,e-Shop,Footwear,Mens
16637446624,268751,4/2/2013,7,5,3,1063,334.845,3523.845,e-Shop,Books,Fiction
36207517913,268199,4/2/2013,11,5,-4,-327,137.34,-1445.34,e-Shop,Books,Children
52715078274,270607,4/2/2013,3,5,2,592,124.32,1308.32,MBR,Books,Kids
20230888588,274724,4/2/2013,11,5,4,901,378.42,3982.42,TeleShop,Books,Children
13733828847,274028,4/2/2013,4,3,3,240,75.6,795.6,e-Shop,Electronics,Mens
8096604084,272075,4/2/2013,4,2,5,541,284.025,2989.025,e-Shop,Footwear,Mens
49602264610,274784,4/2/2013,11,5,5,401,210.525,2215.525,MBR,Books,Children
45505441232,273198,4/2/2013,1,4,2,1114,233.94,2461.94,Flagship store,Bags,Women
26381365710,272807,4/2/2013,11,5,5,562,295.05,3105.05,e-Shop,Books,Children
72606360605,267603,4/2/2013,10,5,3,627,197.505,2078.505,Flagship store,Books,Audio and video
92764902585,273112,4/2/2013,12,5,1,188,19.74,207.74,TeleShop,Books,Academic
99985121471,271104,4/2/2013,4,3,3,220,69.3,729.3,Flagship store,Electronics,Mens
45016751895,268991,3/2/2013,10,6,1,834,87.57,921.57,Flagship store,Home and kitchen,Audio and video
28591928199,271657,3/2/2013,4,4,2,726,152.46,1604.46,e-Shop,Bags,Mens
26401472291,271461,3/2/2013,3,1,5,273,143.325,1508.325,TeleShop,Clothing,Kids
45726271178,273222,3/2/2013,1,4,1,1321,138.705,1459.705,MBR,Bags,Women
10900811521,271184,3/2/2013,3,1,2,261,54.81,576.81,TeleShop,Clothing,Kids
32263938079,270308,3/2/2013,4,2,-4,-1058,444.36,-4676.36,MBR,Footwear,Mens
36997276125,269183,3/2/2013,1,4,1,819,85.995,904.995,TeleShop,Bags,Women
1403600511,271477,3/2/2013,1,1,4,1450,609,6409,Flagship store,Clothing,Women
22815852533,271885,3/2/2013,3,5,3,292,91.98,967.98,e-Shop,Books,Kids
15530516821,270886,3/2/2013,12,6,1,1185,124.425,1309.425,e-Shop,Home and kitchen,Academic
34187621426,268786,3/2/2013,1,4,1,264,27.72,291.72,MBR,Bags,Women
36478358349,268049,3/2/2013,1,2,1,900,94.5,994.5,e-Shop,Footwear,Women
11741018444,273894,3/2/2013,5,3,3,693,218.295,2297.295,TeleShop,Electronics,Computers
54356970071,269225,3/2/2013,11,6,1,905,95.025,1000.025,e-Shop,Home and kitchen,Children
483775260,271183,3/2/2013,10,3,5,253,132.825,1397.825,Flagship store,Electronics,Audio and video
39548966004,272159,3/2/2013,4,1,4,868,364.56,3836.56,e-Shop,Clothing,Mens
49302871049,273242,3/2/2013,10,3,5,813,426.825,4491.825,e-Shop,Electronics,Audio and video
64939183364,274824,3/2/2013,4,4,4,1362,572.04,6020.04,MBR,Bags,Mens
97116897354,272145,3/2/2013,10,5,2,214,44.94,472.94,e-Shop,Books,Audio and video
98512823604,273226,3/2/2013,10,6,3,290,91.35,961.35,Flagship store,Home and kitchen,Audio and video
85304383206,271085,3/2/2013,7,5,-1,-769,80.745,-849.745,e-Shop,Books,Fiction
96646797501,273452,3/2/2013,12,6,4,190,79.8,839.8,TeleShop,Home and kitchen,Academic
97730258678,274628,3/2/2013,10,6,3,720,226.8,2386.8,Flagship store,Home and kitchen,Audio and video
91759699029,273726,3/2/2013,3,1,4,298,125.16,1317.16,e-Shop,Clothing,Kids
80400857968,272232,3/2/2013,10,5,5,963,505.575,5320.575,e-Shop,Books,Audio and video
80101751885,273198,3/2/2013,1,2,5,521,273.525,2878.525,TeleShop,Footwear,Women
46893377386,270839,2/2/2013,4,2,3,292,91.98,967.98,e-Shop,Footwear,Mens
6288042544,274414,2/2/2013,2,6,4,174,73.08,769.08,MBR,Home and kitchen,Furnishing
14603262682,271468,2/2/2013,4,3,4,1244,522.48,5498.48,Flagship store,Electronics,Mens
10033063119,271964,2/2/2013,10,5,4,1012,425.04,4473.04,e-Shop,Books,Audio and video
60978400705,268558,2/2/2013,6,5,1,940,98.7,1038.7,TeleShop,Books,DIY
24836760542,271554,2/2/2013,12,5,-4,-1117,469.14,-4937.14,MBR,Books,Academic
29074186398,274537,2/2/2013,2,6,4,1063,446.46,4698.46,MBR,Home and kitchen,Furnishing
57175133685,272816,2/2/2013,7,5,5,897,470.925,4955.925,e-Shop,Books,Fiction
46218427719,272221,2/2/2013,4,1,1,1334,140.07,1474.07,e-Shop,Clothing,Mens
54023039213,273726,2/2/2013,6,5,5,809,424.725,4469.725,MBR,Books,DIY
18534464282,272633,2/2/2013,10,3,5,1152,604.8,6364.8,e-Shop,Electronics,Audio and video
18499742542,270050,2/2/2013,1,4,5,961,504.525,5309.525,e-Shop,Bags,Women
78984483917,272363,2/2/2013,6,5,3,237,74.655,785.655,e-Shop,Books,DIY
69107538088,271172,2/2/2013,3,1,2,975,204.75,2154.75,TeleShop,Clothing,Kids
72458381260,274079,2/2/2013,7,5,4,562,236.04,2484.04,TeleShop,Books,Fiction
82258282007,274767,2/2/2013,11,6,-1,-1081,113.505,-1194.505,TeleShop,Home and kitchen,Children
21741257712,269192,1/2/2013,12,6,4,827,347.34,3655.34,MBR,Home and kitchen,Academic
48279599600,274675,1/2/2013,1,4,4,768,322.56,3394.56,MBR,Bags,Women
3911380230,273025,1/2/2013,12,6,-3,-247,77.805,-818.805,e-Shop,Home and kitchen,Academic
25788583599,273455,1/2/2013,8,3,1,802,84.21,886.21,e-Shop,Electronics,Personal Appliances
34195727037,271498,1/2/2013,3,5,1,773,81.165,854.165,e-Shop,Books,Kids
7286887166,272926,1/2/2013,3,1,4,574,241.08,2537.08,TeleShop,Clothing,Kids
10135329418,271225,1/2/2013,2,6,2,1375,288.75,3038.75,Flagship store,Home and kitchen,Furnishing
21388066541,269726,1/2/2013,3,1,1,281,29.505,310.505,TeleShop,Clothing,Kids
34443285403,267490,1/2/2013,4,3,2,1006,211.26,2223.26,MBR,Electronics,Mens
39670088230,271315,1/2/2013,12,5,1,407,42.735,449.735,TeleShop,Books,Academic
32263938079,270308,1/2/2013,4,2,4,1058,444.36,4676.36,MBR,Footwear,Mens
44769399779,274780,1/2/2013,3,5,3,1043,328.545,3457.545,e-Shop,Books,Kids
1300850641,270350,1/2/2013,6,5,5,1492,783.3,8243.3,e-Shop,Books,DIY
56681606142,270597,1/2/2013,10,3,4,587,246.54,2594.54,MBR,Electronics,Audio and video
37689502976,270051,1/2/2013,11,5,5,1233,647.325,6812.325,e-Shop,Books,Children
62759854070,271036,1/2/2013,4,3,2,343,72.03,758.03,MBR,Electronics,Mens
1843911730,269225,1/2/2013,4,3,5,656,344.4,3624.4,TeleShop,Electronics,Mens
22986520491,274757,1/2/2013,7,5,3,723,227.745,2396.745,e-Shop,Books,Fiction
87814606648,267442,1/2/2013,3,5,-5,-311,163.275,-1718.275,TeleShop,Books,Kids
92482262851,274363,1/2/2013,1,1,3,1271,400.365,4213.365,MBR,Clothing,Women
97267294833,268638,1/2/2013,3,1,4,459,192.78,2028.78,e-Shop,Clothing,Kids
78585901424,269205,1/2/2013,4,4,5,556,291.9,3071.9,MBR,Bags,Mens
98772804255,267402,1/2/2013,10,6,-3,-1246,392.49,-4130.49,e-Shop,Home and kitchen,Audio and video
95861087250,268813,1/2/2013,11,5,1,1384,145.32,1529.32,Flagship store,Books,Children
92801596984,272835,1/2/2013,1,1,3,1050,330.75,3480.75,Flagship store,Clothing,Women
80661418167,275102,1/2/2013,1,2,2,683,143.43,1509.43,TeleShop,Footwear,Women
67596273483,267987,1/2/2013,12,6,3,315,99.225,1044.225,Flagship store,Home and kitchen,Academic
93220619797,268756,1/2/2013,4,3,2,849,178.29,1876.29,TeleShop,Electronics,Mens
89339946742,270239,1/2/2013,10,5,4,81,34.02,358.02,Flagship store,Books,Audio and video
6368886821,271153,31-01-2013,3,1,4,858,360.36,3792.36,e-Shop,Clothing,Kids
61223632166,268101,31-01-2013,8,3,1,530,55.65,585.65,e-Shop,Electronics,Personal Appliances
18071367939,267239,31-01-2013,4,3,4,790,331.8,3491.8,TeleShop,Electronics,Mens
6172976944,271110,31-01-2013,11,5,5,1019,534.975,5629.975,MBR,Books,Children
41573392117,270967,31-01-2013,12,6,5,1261,662.025,6967.025,e-Shop,Home and kitchen,Academic
37697176687,272703,31-01-2013,1,1,3,1480,466.2,4906.2,Flagship store,Clothing,Women
49956631398,270234,31-01-2013,11,5,1,165,17.325,182.325,e-Shop,Books,Children
3976870501,273478,31-01-2013,4,4,4,370,155.4,1635.4,MBR,Bags,Mens
60704796324,272809,31-01-2013,1,1,5,139,72.975,767.975,MBR,Clothing,Women
31417880191,269024,31-01-2013,4,1,4,1452,609.84,6417.84,e-Shop,Clothing,Mens
24696192212,271986,31-01-2013,10,5,2,1495,313.95,3303.95,TeleShop,Books,Audio and video
84803724850,269846,31-01-2013,9,3,1,863,90.615,953.615,MBR,Electronics,Cameras
83116588356,270803,31-01-2013,10,3,3,882,277.83,2923.83,e-Shop,Electronics,Audio and video
97303651732,274512,31-01-2013,4,2,2,662,139.02,1463.02,e-Shop,Footwear,Mens
82258282007,274767,31-01-2013,11,6,1,1081,113.505,1194.505,TeleShop,Home and kitchen,Children
70264293593,269219,31-01-2013,2,6,3,1147,361.305,3802.305,e-Shop,Home and kitchen,Furnishing
87814606648,267442,31-01-2013,3,5,5,311,163.275,1718.275,TeleShop,Books,Kids
83218810486,267653,31-01-2013,4,1,3,472,148.68,1564.68,e-Shop,Clothing,Mens
69015322055,273157,31-01-2013,6,5,1,247,25.935,272.935,e-Shop,Books,DIY
86384595281,268603,31-01-2013,3,5,1,914,95.97,1009.97,MBR,Books,Kids
78813310477,272771,31-01-2013,5,3,2,887,186.27,1960.27,Flagship store,Electronics,Computers
84923721354,274789,31-01-2013,12,5,-1,-1052,110.46,-1162.46,TeleShop,Books,Academic
12592642390,272074,30-01-2013,12,5,2,1131,237.51,2499.51,TeleShop,Books,Academic
54940053662,272532,30-01-2013,9,3,2,934,196.14,2064.14,TeleShop,Electronics,Cameras
8808327183,273579,30-01-2013,12,6,3,331,104.265,1097.265,MBR,Home and kitchen,Academic
10975362281,273337,30-01-2013,2,6,5,1343,705.075,7420.075,e-Shop,Home and kitchen,Furnishing
62709377416,271675,30-01-2013,3,1,1,408,42.84,450.84,MBR,Clothing,Kids
56902862040,268408,30-01-2013,9,3,5,868,455.7,4795.7,e-Shop,Electronics,Cameras
40204590320,273599,30-01-2013,3,2,4,931,391.02,4115.02,e-Shop,Footwear,Kids
3911380230,273025,30-01-2013,12,6,3,247,77.805,818.805,e-Shop,Home and kitchen,Academic
4245754074,272479,30-01-2013,10,3,2,1140,239.4,2519.4,Flagship store,Electronics,Audio and video
5954272538,275131,30-01-2013,9,3,3,1422,447.93,4713.93,Flagship store,Electronics,Cameras
14797032343,266992,30-01-2013,1,1,2,669,140.49,1478.49,e-Shop,Clothing,Women
22085775740,274860,30-01-2013,2,6,-1,-1015,106.575,-1121.575,TeleShop,Home and kitchen,Furnishing
30267744375,273131,30-01-2013,8,3,5,1239,650.475,6845.475,e-Shop,Electronics,Personal Appliances
60916508009,274339,30-01-2013,3,2,1,858,90.09,948.09,Flagship store,Footwear,Kids
49451615929,269367,30-01-2013,11,6,3,706,222.39,2340.39,Flagship store,Home and kitchen,Children
90604574172,266935,30-01-2013,1,4,3,192,60.48,636.48,e-Shop,Bags,Women
69760315278,270512,30-01-2013,3,2,4,1326,556.92,5860.92,MBR,Footwear,Kids
82222751324,274788,30-01-2013,8,3,5,1153,605.325,6370.325,e-Shop,Electronics,Personal Appliances
86038271893,268159,30-01-2013,1,4,1,705,74.025,779.025,e-Shop,Bags,Women
93017072838,268261,30-01-2013,3,5,1,354,37.17,391.17,MBR,Books,Kids
73071198023,275156,30-01-2013,9,3,5,723,379.575,3994.575,Flagship store,Electronics,Cameras
93528956128,268196,30-01-2013,1,1,2,239,50.19,528.19,Flagship store,Clothing,Women
69312392080,271120,30-01-2013,4,2,4,1456,611.52,6435.52,e-Shop,Footwear,Mens
88142494908,274926,30-01-2013,1,2,3,1403,441.945,4650.945,TeleShop,Footwear,Women
83022847990,272846,30-01-2013,3,2,5,361,189.525,1994.525,TeleShop,Footwear,Kids
39191845770,271664,29-01-2013,5,3,1,348,36.54,384.54,Flagship store,Electronics,Computers
15868818159,266824,29-01-2013,9,3,1,522,54.81,576.81,TeleShop,Electronics,Cameras
46307214001,271822,29-01-2013,11,6,2,1075,225.75,2375.75,e-Shop,Home and kitchen,Children
9196192605,268143,29-01-2013,4,2,1,402,42.21,444.21,e-Shop,Footwear,Mens
44696318139,268304,29-01-2013,5,3,2,1182,248.22,2612.22,Flagship store,Electronics,Computers
16839672501,270430,29-01-2013,4,1,2,1282,269.22,2833.22,Flagship store,Clothing,Mens
13467824095,268692,29-01-2013,1,2,3,555,174.825,1839.825,TeleShop,Footwear,Women
22904425141,268848,29-01-2013,1,1,1,198,20.79,218.79,TeleShop,Clothing,Women
1633483175,271195,29-01-2013,10,3,5,1334,700.35,7370.35,TeleShop,Electronics,Audio and video
6200836599,272972,29-01-2013,12,6,4,922,387.24,4075.24,e-Shop,Home and kitchen,Academic
39560728499,267817,29-01-2013,11,6,1,1219,127.995,1346.995,Flagship store,Home and kitchen,Children
75457861876,270335,29-01-2013,8,3,5,1240,651,6851,e-Shop,Electronics,Personal Appliances
92127884419,272561,29-01-2013,7,5,3,182,57.33,603.33,Flagship store,Books,Fiction
81627532849,268498,29-01-2013,11,6,2,1279,268.59,2826.59,e-Shop,Home and kitchen,Children
98772804255,267402,29-01-2013,10,6,3,1246,392.49,4130.49,e-Shop,Home and kitchen,Audio and video
91420326836,270755,29-01-2013,7,5,5,224,117.6,1237.6,Flagship store,Books,Fiction
94579687823,271854,29-01-2013,12,6,4,1177,494.34,5202.34,MBR,Home and kitchen,Academic
84923721354,274789,29-01-2013,12,5,1,1052,110.46,1162.46,TeleShop,Books,Academic
48134908413,270868,28-01-2013,6,5,1,241,25.305,266.305,MBR,Books,DIY
46912552713,271974,28-01-2013,1,1,5,255,133.875,1408.875,e-Shop,Clothing,Women
42041228340,272670,28-01-2013,4,3,3,1187,373.905,3934.905,Flagship store,Electronics,Mens
33033742874,270598,28-01-2013,1,2,2,993,208.53,2194.53,MBR,Footwear,Women
23186931685,272713,28-01-2013,5,3,5,1006,528.15,5558.15,TeleShop,Electronics,Computers
2584416247,269483,28-01-2013,2,6,5,364,191.1,2011.1,MBR,Home and kitchen,Furnishing
27587315808,270005,28-01-2013,12,5,5,1237,649.425,6834.425,e-Shop,Books,Academic
8692787928,268395,28-01-2013,9,3,3,970,305.55,3215.55,TeleShop,Electronics,Cameras
77675276577,268776,28-01-2013,1,2,5,636,333.9,3513.9,MBR,Footwear,Women
81762926795,272925,28-01-2013,3,1,1,881,92.505,973.505,e-Shop,Clothing,Kids
99107069586,271532,28-01-2013,1,2,1,1209,126.945,1335.945,MBR,Footwear,Women
79302790742,273493,28-01-2013,7,5,2,1199,251.79,2649.79,e-Shop,Books,Fiction
64576973426,268464,28-01-2013,4,3,1,465,48.825,513.825,e-Shop,Electronics,Mens
28812843069,271225,27-01-2013,4,2,3,303,95.445,1004.445,TeleShop,Footwear,Mens
27976031065,268516,27-01-2013,3,2,4,112,47.04,495.04,Flagship store,Footwear,Kids
14520350827,271639,27-01-2013,1,4,1,466,48.93,514.93,e-Shop,Bags,Women
34898459689,275044,27-01-2013,4,3,-5,-820,430.5,-4530.5,e-Shop,Electronics,Mens
23922732093,267793,27-01-2013,3,2,3,1252,394.38,4150.38,TeleShop,Footwear,Kids
28804606065,273357,27-01-2013,8,3,5,73,38.325,403.325,Flagship store,Electronics,Personal Appliances
1324013031,269333,27-01-2013,10,5,3,1286,405.09,4263.09,TeleShop,Books,Audio and video
59702920067,270655,27-01-2013,4,3,2,943,198.03,2084.03,Flagship store,Electronics,Mens
34655623710,270573,27-01-2013,3,5,4,1475,619.5,6519.5,Flagship store,Books,Kids
72251969436,274840,27-01-2013,6,5,5,373,195.825,2060.825,Flagship store,Books,DIY
81409575774,268430,27-01-2013,11,6,2,1309,274.89,2892.89,e-Shop,Home and kitchen,Children
84228921012,271383,27-01-2013,6,5,4,172,72.24,760.24,TeleShop,Books,DIY
87441879897,272796,27-01-2013,1,4,3,76,23.94,251.94,Flagship store,Bags,Women
69905380950,273156,27-01-2013,4,3,4,491,206.22,2170.22,MBR,Electronics,Mens
84031052169,268049,27-01-2013,2,6,5,208,109.2,1149.2,e-Shop,Home and kitchen,Furnishing
71873296183,267346,27-01-2013,12,5,1,693,72.765,765.765,TeleShop,Books,Academic
78050960994,270376,27-01-2013,12,6,5,862,452.55,4762.55,MBR,Home and kitchen,Academic
72707988131,273174,27-01-2013,12,6,-5,-725,380.625,-4005.625,Flagship store,Home and kitchen,Academic
64724385100,271314,27-01-2013,4,3,4,470,197.4,2077.4,e-Shop,Electronics,Mens
76645247486,268495,27-01-2013,8,3,3,1373,432.495,4551.495,TeleShop,Electronics,Personal Appliances
82044462443,270512,27-01-2013,4,1,3,692,217.98,2293.98,TeleShop,Clothing,Mens
82678125293,268174,27-01-2013,4,1,1,569,59.745,628.745,e-Shop,Clothing,Mens
64914943031,272435,27-01-2013,1,1,1,937,98.385,1035.385,e-Shop,Clothing,Women
80546188025,272181,27-01-2013,10,5,1,1484,155.82,1639.82,e-Shop,Books,Audio and video
91171431780,271821,27-01-2013,1,4,2,459,96.39,1014.39,MBR,Bags,Women
99281180898,272115,27-01-2013,12,6,3,686,216.09,2274.09,e-Shop,Home and kitchen,Academic
89804199909,274177,27-01-2013,12,6,2,1451,304.71,3206.71,e-Shop,Home and kitchen,Academic
96268797826,267374,27-01-2013,4,3,-5,-278,145.95,-1535.95,MBR,Electronics,Mens
6978919874,272973,26-01-2013,12,6,-2,-1405,295.05,-3105.05,e-Shop,Home and kitchen,Academic
38986600536,272416,26-01-2013,4,4,2,1341,281.61,2963.61,e-Shop,Bags,Mens
683807308,273904,26-01-2013,2,6,5,1155,606.375,6381.375,e-Shop,Home and kitchen,Furnishing
3778495496,268039,26-01-2013,3,2,2,321,67.41,709.41,e-Shop,Footwear,Kids
10878198052,271629,26-01-2013,11,6,3,1437,452.655,4763.655,Flagship store,Home and kitchen,Children
36207517913,268199,26-01-2013,11,5,4,327,137.34,1445.34,e-Shop,Books,Children
34960352432,271714,26-01-2013,10,6,1,170,17.85,187.85,e-Shop,Home and kitchen,Audio and video
9869860916,275119,26-01-2013,12,5,3,989,311.535,3278.535,Flagship store,Books,Academic
46884534789,267826,26-01-2013,3,1,5,954,500.85,5270.85,Flagship store,Clothing,Kids
56348102921,267599,26-01-2013,4,4,3,1472,463.68,4879.68,TeleShop,Bags,Mens
48492894409,269757,26-01-2013,9,3,2,1111,233.31,2455.31,MBR,Electronics,Cameras
42225426391,268526,26-01-2013,4,2,1,1220,128.1,1348.1,e-Shop,Footwear,Mens
34457033779,269457,26-01-2013,10,3,1,98,10.29,108.29,MBR,Electronics,Audio and video
37517459380,270484,26-01-2013,3,1,5,198,103.95,1093.95,TeleShop,Clothing,Kids
41176276797,269962,26-01-2013,4,2,5,642,337.05,3547.05,e-Shop,Footwear,Mens
37523514251,267716,26-01-2013,4,4,3,1057,332.955,3503.955,Flagship store,Bags,Mens
37592765856,269001,26-01-2013,3,5,1,398,41.79,439.79,e-Shop,Books,Kids
98434291302,274983,26-01-2013,11,5,3,106,33.39,351.39,MBR,Books,Children
86129619297,270985,26-01-2013,11,6,5,1307,686.175,7221.175,Flagship store,Home and kitchen,Children
85733420406,267386,26-01-2013,7,5,3,745,234.675,2469.675,TeleShop,Books,Fiction
66498364776,270251,26-01-2013,11,6,5,861,452.025,4757.025,TeleShop,Home and kitchen,Children
85304383206,271085,26-01-2013,7,5,-1,-769,80.745,-849.745,e-Shop,Books,Fiction
76448566925,273083,26-01-2013,1,1,5,1267,665.175,7000.175,TeleShop,Clothing,Women
89821635260,268922,26-01-2013,1,1,5,850,446.25,4696.25,TeleShop,Clothing,Women
76651513532,272520,26-01-2013,3,5,3,1290,406.35,4276.35,e-Shop,Books,Kids
23459649771,269088,25-01-2013,7,5,2,245,51.45,541.45,e-Shop,Books,Fiction
33823491700,269789,25-01-2013,3,5,3,682,214.83,2260.83,e-Shop,Books,Kids
37482509033,271670,25-01-2013,3,2,2,983,206.43,2172.43,MBR,Footwear,Kids
41491143412,274987,25-01-2013,5,3,1,1429,150.045,1579.045,Flagship store,Electronics,Computers
6978919874,272973,25-01-2013,12,6,-2,-1405,295.05,-3105.05,e-Shop,Home and kitchen,Academic
11889207584,272045,25-01-2013,1,2,-5,-1237,649.425,-6834.425,MBR,Footwear,Women
12815122109,271294,25-01-2013,4,1,3,1175,370.125,3895.125,MBR,Clothing,Mens
8508113037,273702,25-01-2013,4,2,3,490,154.35,1624.35,Flagship store,Footwear,Mens
8163836835,271026,25-01-2013,4,2,3,1463,460.845,4849.845,e-Shop,Footwear,Mens
14616200775,269292,25-01-2013,10,6,2,685,143.85,1513.85,e-Shop,Home and kitchen,Audio and video
25673128667,274805,25-01-2013,3,2,1,1447,151.935,1598.935,Flagship store,Footwear,Kids
17648795819,273310,25-01-2013,1,2,3,721,227.115,2390.115,Flagship store,Footwear,Women
88791150012,269450,25-01-2013,10,5,5,1192,625.8,6585.8,Flagship store,Books,Audio and video
64586105712,272409,25-01-2013,3,1,1,241,25.305,266.305,e-Shop,Clothing,Kids
67920879684,267517,25-01-2013,1,2,3,1214,382.41,4024.41,MBR,Footwear,Women
78875404541,272434,25-01-2013,12,5,2,1128,236.88,2492.88,e-Shop,Books,Academic
72707988131,273174,25-01-2013,12,6,5,725,380.625,4005.625,Flagship store,Home and kitchen,Academic
78773742672,274463,25-01-2013,1,2,4,1116,468.72,4932.72,e-Shop,Footwear,Women
35875981944,271516,24-01-2013,12,5,-3,-96,30.24,-318.24,e-Shop,Books,Academic
51365671566,269926,24-01-2013,4,3,5,875,459.375,4834.375,MBR,Electronics,Mens
57760897919,272136,24-01-2013,10,6,4,499,209.58,2205.58,MBR,Home and kitchen,Audio and video
26603195559,272435,24-01-2013,10,3,2,935,196.35,2066.35,TeleShop,Electronics,Audio and video
17631081091,267449,24-01-2013,3,1,1,356,37.38,393.38,e-Shop,Clothing,Kids
4949725923,271674,24-01-2013,10,3,1,1374,144.27,1518.27,MBR,Electronics,Audio and video
24836760542,271554,24-01-2013,12,5,4,1117,469.14,4937.14,MBR,Books,Academic
35812150956,268297,24-01-2013,4,2,1,1378,144.69,1522.69,MBR,Footwear,Mens
16170296360,272618,24-01-2013,6,5,2,835,175.35,1845.35,e-Shop,Books,DIY
42564788397,273780,24-01-2013,4,2,4,1398,587.16,6179.16,e-Shop,Footwear,Mens
59372861388,271862,24-01-2013,8,3,-4,-1188,498.96,-5250.96,MBR,Electronics,Personal Appliances
40383071078,273872,24-01-2013,10,3,3,991,312.165,3285.165,e-Shop,Electronics,Audio and video
9873195499,273556,24-01-2013,12,6,2,1007,211.47,2225.47,MBR,Home and kitchen,Academic
59028909686,267453,24-01-2013,2,6,2,276,57.96,609.96,e-Shop,Home and kitchen,Furnishing
75606424616,270779,24-01-2013,1,4,4,1296,544.32,5728.32,TeleShop,Bags,Women
98625836719,273729,24-01-2013,1,4,1,1162,122.01,1284.01,Flagship store,Bags,Women
77014120268,268100,24-01-2013,3,1,3,670,211.05,2221.05,TeleShop,Clothing,Kids
85304383206,271085,24-01-2013,7,5,1,769,80.745,849.745,e-Shop,Books,Fiction
88914628007,271922,24-01-2013,10,3,3,499,157.185,1654.185,Flagship store,Electronics,Audio and video
36036521864,270018,23-01-2013,3,1,-5,-1188,623.7,-6563.7,e-Shop,Clothing,Kids
28133507739,271368,23-01-2013,12,5,4,818,343.56,3615.56,MBR,Books,Academic
23126594801,268504,23-01-2013,5,3,2,902,189.42,1993.42,Flagship store,Electronics,Computers
24619504101,274224,23-01-2013,7,5,4,405,170.1,1790.1,TeleShop,Books,Fiction
22085775740,274860,23-01-2013,2,6,1,1015,106.575,1121.575,TeleShop,Home and kitchen,Furnishing
41569104774,274716,23-01-2013,12,6,5,688,361.2,3801.2,TeleShop,Home and kitchen,Academic
7045986161,275236,23-01-2013,6,5,3,803,252.945,2661.945,e-Shop,Books,DIY
32909247564,272524,23-01-2013,6,5,2,546,114.66,1206.66,Flagship store,Books,DIY
33237390439,269193,23-01-2013,5,3,3,1288,405.72,4269.72,MBR,Electronics,Computers
46287222865,274543,23-01-2013,3,1,3,477,150.255,1581.255,MBR,Clothing,Kids
29160351701,270372,23-01-2013,3,2,3,835,263.025,2768.025,MBR,Footwear,Kids
18416378048,272279,23-01-2013,10,6,4,1434,602.28,6338.28,MBR,Home and kitchen,Audio and video
6979985894,268590,23-01-2013,7,5,1,128,13.44,141.44,MBR,Books,Fiction
57836525114,274517,23-01-2013,8,3,2,322,67.62,711.62,TeleShop,Electronics,Personal Appliances
885169075,269104,23-01-2013,4,2,3,147,46.305,487.305,Flagship store,Footwear,Mens
12740108470,271429,23-01-2013,12,6,5,605,317.625,3342.625,e-Shop,Home and kitchen,Academic
70635891934,274211,23-01-2013,12,6,2,904,189.84,1997.84,TeleShop,Home and kitchen,Academic
75241897084,272297,23-01-2013,5,3,2,88,18.48,194.48,Flagship store,Electronics,Computers
87003002234,268934,23-01-2013,2,6,4,594,249.48,2625.48,e-Shop,Home and kitchen,Furnishing
95602699221,270536,23-01-2013,2,6,5,919,482.475,5077.475,e-Shop,Home and kitchen,Furnishing
54831693427,273821,22-01-2013,11,5,1,198,20.79,218.79,MBR,Books,Children
3012778958,272953,22-01-2013,3,2,-1,-1003,105.315,-1108.315,e-Shop,Footwear,Kids
46227846431,271479,22-01-2013,4,1,5,1460,766.5,8066.5,MBR,Clothing,Mens
29157934713,274901,22-01-2013,6,5,3,490,154.35,1624.35,TeleShop,Books,DIY
1515836720,271147,22-01-2013,12,6,1,370,38.85,408.85,Flagship store,Home and kitchen,Academic
1892511776,267643,22-01-2013,3,2,4,1225,514.5,5414.5,Flagship store,Footwear,Kids
22318292422,267576,22-01-2013,3,1,-1,-1218,127.89,-1345.89,e-Shop,Clothing,Kids
10353914043,267224,22-01-2013,11,5,3,1227,386.505,4067.505,Flagship store,Books,Children
36002462796,272557,22-01-2013,1,2,2,768,161.28,1697.28,Flagship store,Footwear,Women
48009481636,267775,22-01-2013,1,2,1,1395,146.475,1541.475,e-Shop,Footwear,Women
26631721974,267173,22-01-2013,11,5,1,984,103.32,1087.32,MBR,Books,Children
18780870607,272846,22-01-2013,1,2,5,73,38.325,403.325,MBR,Footwear,Women
84754646331,272636,22-01-2013,4,2,2,427,89.67,943.67,MBR,Footwear,Mens
69437325427,275084,22-01-2013,10,6,5,936,491.4,5171.4,e-Shop,Home and kitchen,Audio and video
84552796846,270512,22-01-2013,1,2,3,724,228.06,2400.06,e-Shop,Footwear,Women
72755477882,275088,22-01-2013,1,2,1,1189,124.845,1313.845,Flagship store,Footwear,Women
80049630392,271053,22-01-2013,3,5,4,478,200.76,2112.76,e-Shop,Books,Kids
72776299186,272874,22-01-2013,1,1,-4,-1044,438.48,-4614.48,Flagship store,Clothing,Women
67112886601,267818,22-01-2013,10,3,-4,-1498,629.16,-6621.16,e-Shop,Electronics,Audio and video
99441770356,273579,22-01-2013,3,2,3,1020,321.3,3381.3,e-Shop,Footwear,Kids
87506602455,272843,22-01-2013,11,5,1,93,9.765,102.765,e-Shop,Books,Children
12809730546,274760,21-01-2013,9,3,1,707,74.235,781.235,TeleShop,Electronics,Cameras
46851301274,274169,21-01-2013,5,3,5,512,268.8,2828.8,Flagship store,Electronics,Computers
53873482048,274450,21-01-2013,3,5,2,238,49.98,525.98,e-Shop,Books,Kids
6978919874,272973,21-01-2013,12,6,2,1405,295.05,3105.05,e-Shop,Home and kitchen,Academic
9246814100,273364,21-01-2013,1,1,3,516,162.54,1710.54,e-Shop,Clothing,Women
11232763402,273972,21-01-2013,9,3,5,580,304.5,3204.5,e-Shop,Electronics,Cameras
14765653197,269051,21-01-2013,4,1,5,893,468.825,4933.825,TeleShop,Clothing,Mens
43538551555,273169,21-01-2013,5,3,5,1284,674.1,7094.1,MBR,Electronics,Computers
11844022303,269884,21-01-2013,10,5,5,1033,542.325,5707.325,e-Shop,Books,Audio and video
53463382087,273583,21-01-2013,4,3,2,1275,267.75,2817.75,TeleShop,Electronics,Mens
28528157233,269135,21-01-2013,3,5,5,1098,576.45,6066.45,e-Shop,Books,Kids
27479792622,271749,21-01-2013,1,4,3,1109,349.335,3676.335,TeleShop,Bags,Women
44794020341,273798,21-01-2013,4,1,4,850,357,3757,e-Shop,Clothing,Mens
86476202005,274589,21-01-2013,1,1,5,472,247.8,2607.8,TeleShop,Clothing,Women
96189285563,274901,21-01-2013,3,5,4,811,340.62,3584.62,Flagship store,Books,Kids
96084474847,268710,21-01-2013,12,6,5,354,185.85,1955.85,Flagship store,Home and kitchen,Academic
82319805872,271227,21-01-2013,2,6,5,635,333.375,3508.375,e-Shop,Home and kitchen,Furnishing
72574016679,269513,21-01-2013,10,5,5,666,349.65,3679.65,MBR,Books,Audio and video
94030505635,269694,21-01-2013,11,5,3,1092,343.98,3619.98,e-Shop,Books,Children
57368964312,274877,20-01-2013,5,3,4,79,33.18,349.18,Flagship store,Electronics,Computers
49165206801,269957,20-01-2013,4,1,5,1493,783.825,8248.825,Flagship store,Clothing,Mens
59372861388,271862,20-01-2013,8,3,4,1188,498.96,5250.96,MBR,Electronics,Personal Appliances
57581585921,269447,20-01-2013,10,3,3,1398,440.37,4634.37,MBR,Electronics,Audio and video
53549367004,268093,20-01-2013,1,4,2,508,106.68,1122.68,Flagship store,Bags,Women
4588143064,275098,20-01-2013,12,5,5,348,182.7,1922.7,MBR,Books,Academic
7423629497,270480,20-01-2013,4,4,3,1007,317.205,3338.205,e-Shop,Bags,Mens
25508753030,269958,20-01-2013,1,2,4,1044,438.48,4614.48,e-Shop,Footwear,Women
56517853097,269420,20-01-2013,2,6,5,1295,679.875,7154.875,MBR,Home and kitchen,Furnishing
51196897514,270759,20-01-2013,11,6,1,1356,142.38,1498.38,e-Shop,Home and kitchen,Children
98042098358,271493,20-01-2013,4,1,-3,-352,110.88,-1166.88,e-Shop,Clothing,Mens
69415645979,272277,20-01-2013,5,3,4,1462,614.04,6462.04,Flagship store,Electronics,Computers
64053792749,275092,20-01-2013,10,3,5,95,49.875,524.875,TeleShop,Electronics,Audio and video
64207141509,272530,20-01-2013,9,3,3,430,135.45,1425.45,e-Shop,Electronics,Cameras
84370670702,270050,20-01-2013,11,5,1,585,61.425,646.425,MBR,Books,Children
18292746481,267577,19-01-2013,7,5,1,868,91.14,959.14,MBR,Books,Fiction
23598708322,270974,19-01-2013,4,1,-5,-1016,533.4,-5613.4,MBR,Clothing,Mens
46261458154,271145,19-01-2013,4,3,3,583,183.645,1932.645,MBR,Electronics,Mens
50603542374,274479,19-01-2013,5,3,1,1389,145.845,1534.845,TeleShop,Electronics,Computers
48763509381,272719,19-01-2013,4,4,2,1315,276.15,2906.15,Flagship store,Bags,Mens
36227696437,274579,19-01-2013,12,5,2,1321,277.41,2919.41,TeleShop,Books,Academic
35875981944,271516,19-01-2013,12,5,3,96,30.24,318.24,e-Shop,Books,Academic
34898459689,275044,19-01-2013,4,3,5,820,430.5,4530.5,e-Shop,Electronics,Mens
49370576276,269075,19-01-2013,1,1,5,1043,547.575,5762.575,TeleShop,Clothing,Women
50631386616,271013,19-01-2013,3,2,2,1153,242.13,2548.13,TeleShop,Footwear,Kids
31315698232,275117,19-01-2013,11,5,1,1484,155.82,1639.82,e-Shop,Books,Children
36036521864,270018,19-01-2013,3,1,5,1188,623.7,6563.7,e-Shop,Clothing,Kids
59800614066,274747,19-01-2013,11,6,4,1384,581.28,6117.28,TeleShop,Home and kitchen,Children
21752315984,271179,19-01-2013,4,4,3,1111,349.965,3682.965,e-Shop,Bags,Mens
25588016497,267881,19-01-2013,5,3,4,1016,426.72,4490.72,e-Shop,Electronics,Computers
40833390419,274627,19-01-2013,1,1,2,1126,236.46,2488.46,TeleShop,Clothing,Women
75325091805,267068,19-01-2013,11,6,5,506,265.65,2795.65,e-Shop,Home and kitchen,Children
96268797826,267374,19-01-2013,4,3,5,278,145.95,1535.95,MBR,Electronics,Mens
65605966444,268368,19-01-2013,1,2,3,354,111.51,1173.51,e-Shop,Footwear,Women
98042098358,271493,19-01-2013,4,1,3,352,110.88,1166.88,e-Shop,Clothing,Mens
71173291876,269264,19-01-2013,12,5,3,1353,426.195,4485.195,TeleShop,Books,Academic
76949751078,268597,19-01-2013,1,1,4,853,358.26,3770.26,MBR,Clothing,Women
42891752121,273813,18-01-2013,12,5,1,620,65.1,685.1,Flagship store,Books,Academic
41432380632,273075,18-01-2013,7,5,3,1344,423.36,4455.36,e-Shop,Books,Fiction
24458003894,268820,18-01-2013,4,1,2,1379,289.59,3047.59,MBR,Clothing,Mens
46123018600,267596,18-01-2013,7,5,2,1490,312.9,3292.9,MBR,Books,Fiction
60503589031,273562,18-01-2013,12,6,3,571,179.865,1892.865,e-Shop,Home and kitchen,Academic
9848569576,270742,18-01-2013,10,5,1,549,57.645,606.645,Flagship store,Books,Audio and video
24767527837,267965,18-01-2013,4,2,4,1337,561.54,5909.54,MBR,Footwear,Mens
2114481590,267971,18-01-2013,3,2,3,817,257.355,2708.355,e-Shop,Footwear,Kids
24868546589,270272,18-01-2013,10,5,5,364,191.1,2011.1,TeleShop,Books,Audio and video
27510871366,268493,18-01-2013,11,6,2,171,35.91,377.91,e-Shop,Home and kitchen,Children
57691411379,273031,18-01-2013,1,2,-2,-1360,285.6,-3005.6,MBR,Footwear,Women
34215573476,271227,18-01-2013,12,5,-2,-1241,260.61,-2742.61,MBR,Books,Academic
97170932367,267479,18-01-2013,4,4,4,926,388.92,4092.92,MBR,Bags,Mens
74021586223,273014,18-01-2013,9,3,3,223,70.245,739.245,e-Shop,Electronics,Cameras
99877215401,270049,18-01-2013,11,6,4,112,47.04,495.04,e-Shop,Home and kitchen,Children
85763067568,272540,18-01-2013,4,4,2,1019,213.99,2251.99,MBR,Bags,Mens
94833651316,270805,18-01-2013,10,5,3,972,306.18,3222.18,Flagship store,Books,Audio and video
97857774818,270654,18-01-2013,1,4,2,1093,229.53,2415.53,e-Shop,Bags,Women
11485449093,268087,17-01-2013,10,6,-5,-1466,769.65,-8099.65,e-Shop,Home and kitchen,Audio and video
11889207584,272045,17-01-2013,1,2,5,1237,649.425,6834.425,MBR,Footwear,Women
45260483404,274544,17-01-2013,8,3,-2,-1080,226.8,-2386.8,e-Shop,Electronics,Personal Appliances
8264257882,268864,17-01-2013,7,5,5,887,465.675,4900.675,e-Shop,Books,Fiction
24792151808,268887,17-01-2013,11,6,3,707,222.705,2343.705,MBR,Home and kitchen,Children
53472252288,274993,17-01-2013,4,3,-1,-1267,133.035,-1400.035,e-Shop,Electronics,Mens
48365025242,268781,17-01-2013,12,6,-5,-1447,759.675,-7994.675,e-Shop,Home and kitchen,Academic
48393219939,274589,17-01-2013,4,3,2,697,146.37,1540.37,TeleShop,Electronics,Mens
3448825039,270030,17-01-2013,7,5,4,486,204.12,2148.12,e-Shop,Books,Fiction
59649211171,268634,17-01-2013,7,5,4,825,346.5,3646.5,Flagship store,Books,Fiction
23598708322,270974,17-01-2013,4,1,5,1016,533.4,5613.4,MBR,Clothing,Mens
1399015653,268470,17-01-2013,12,6,5,420,220.5,2320.5,TeleShop,Home and kitchen,Academic
3076225467,269366,17-01-2013,1,1,2,627,131.67,1385.67,e-Shop,Clothing,Women
38495944587,271749,17-01-2013,3,5,5,1057,554.925,5839.925,MBR,Books,Kids
49141992679,272171,17-01-2013,4,1,1,704,73.92,777.92,e-Shop,Clothing,Mens
79515137177,272414,17-01-2013,9,3,4,950,399,4199,MBR,Electronics,Cameras
87576077173,269757,17-01-2013,3,5,1,710,74.55,784.55,e-Shop,Books,Kids
84950199555,274884,17-01-2013,4,4,-5,-255,133.875,-1408.875,e-Shop,Bags,Mens
87966708509,272739,17-01-2013,3,1,1,922,96.81,1018.81,e-Shop,Clothing,Kids
73310045313,269172,17-01-2013,8,3,2,831,174.51,1836.51,Flagship store,Electronics,Personal Appliances
62366943073,273726,16-01-2013,4,4,2,1165,244.65,2574.65,e-Shop,Bags,Mens
61808505928,273960,16-01-2013,10,3,4,1223,513.66,5405.66,e-Shop,Electronics,Audio and video
59410690437,267205,16-01-2013,1,1,4,1054,442.68,4658.68,TeleShop,Clothing,Women
22577647059,272663,16-01-2013,5,3,3,1309,412.335,4339.335,e-Shop,Electronics,Computers
34900478457,272910,16-01-2013,11,5,1,936,98.28,1034.28,e-Shop,Books,Children
46635302921,273472,16-01-2013,3,5,3,375,118.125,1243.125,TeleShop,Books,Kids
22318292422,267576,16-01-2013,3,1,1,1218,127.89,1345.89,e-Shop,Clothing,Kids
12502804900,268025,16-01-2013,1,1,-2,-1107,232.47,-2446.47,e-Shop,Clothing,Women
40532539060,267867,16-01-2013,7,5,5,584,306.6,3226.6,e-Shop,Books,Fiction
49176644565,272029,16-01-2013,5,3,5,1250,656.25,6906.25,Flagship store,Electronics,Computers
20826996132,271969,16-01-2013,3,1,1,70,7.35,77.35,e-Shop,Clothing,Kids
12527006678,271915,16-01-2013,3,1,-4,-835,350.7,-3690.7,e-Shop,Clothing,Kids
74286343514,269807,16-01-2013,2,6,4,678,284.76,2996.76,e-Shop,Home and kitchen,Furnishing
88798257843,270493,16-01-2013,9,3,4,730,306.6,3226.6,Flagship store,Electronics,Cameras
64280807897,268825,16-01-2013,10,3,2,240,50.4,530.4,e-Shop,Electronics,Audio and video
86722324665,268853,16-01-2013,6,5,4,228,95.76,1007.76,MBR,Books,DIY
67112886601,267818,16-01-2013,10,3,4,1498,629.16,6621.16,e-Shop,Electronics,Audio and video
72776299186,272874,16-01-2013,1,1,4,1044,438.48,4614.48,Flagship store,Clothing,Women
21904499602,268544,15-01-2013,1,1,5,1219,639.975,6734.975,e-Shop,Clothing,Women
2796241390,269689,15-01-2013,3,5,2,288,60.48,636.48,e-Shop,Books,Kids
265535637,268931,15-01-2013,1,4,-1,-236,24.78,-260.78,Flagship store,Bags,Women
32182523281,269208,15-01-2013,4,2,2,131,27.51,289.51,TeleShop,Footwear,Mens
56738746965,272069,15-01-2013,6,5,3,905,285.075,3000.075,TeleShop,Books,DIY
6132974140,271482,15-01-2013,6,5,4,659,276.78,2912.78,e-Shop,Books,DIY
25117387358,274500,15-01-2013,1,1,4,193,81.06,853.06,e-Shop,Clothing,Women
62649911601,267832,15-01-2013,1,4,4,701,294.42,3098.42,e-Shop,Bags,Women
36731463883,271460,15-01-2013,7,5,4,1043,438.06,4610.06,e-Shop,Books,Fiction
86102715,273631,15-01-2013,3,5,5,421,221.025,2326.025,e-Shop,Books,Kids
34076781019,270311,15-01-2013,3,5,2,405,85.05,895.05,TeleShop,Books,Kids
57691257115,267483,15-01-2013,6,5,3,1252,394.38,4150.38,e-Shop,Books,DIY
16716985155,271601,15-01-2013,3,1,2,1496,314.16,3306.16,Flagship store,Clothing,Kids
23024199073,267024,15-01-2013,8,3,3,1286,405.09,4263.09,TeleShop,Electronics,Personal Appliances
83309755917,274468,15-01-2013,10,6,2,1247,261.87,2755.87,e-Shop,Home and kitchen,Audio and video
74066117851,269935,15-01-2013,9,3,-3,-251,79.065,-832.065,MBR,Electronics,Cameras
82646898028,274364,15-01-2013,2,6,2,951,199.71,2101.71,MBR,Home and kitchen,Furnishing
95064643290,267320,15-01-2013,8,3,4,883,370.86,3902.86,Flagship store,Electronics,Personal Appliances
75505896945,269723,15-01-2013,11,6,5,338,177.45,1867.45,e-Shop,Home and kitchen,Children
42774473618,269930,14-01-2013,4,3,4,426,178.92,1882.92,e-Shop,Electronics,Mens
12525165905,272371,14-01-2013,3,1,1,1390,145.95,1535.95,e-Shop,Clothing,Kids
6382650417,274510,14-01-2013,1,2,4,633,265.86,2797.86,e-Shop,Footwear,Women
40573881381,271195,14-01-2013,10,5,1,1120,117.6,1237.6,Flagship store,Books,Audio and video
38519588337,267346,14-01-2013,11,6,1,1452,152.46,1604.46,Flagship store,Home and kitchen,Children
15492827119,268972,14-01-2013,3,5,1,1422,149.31,1571.31,Flagship store,Books,Kids
5598784803,267024,14-01-2013,4,1,3,791,249.165,2622.165,e-Shop,Clothing,Mens
13353264190,272533,14-01-2013,3,1,4,985,413.7,4353.7,e-Shop,Clothing,Kids
21152583408,273821,14-01-2013,9,3,3,194,61.11,643.11,TeleShop,Electronics,Cameras
68405578916,267888,14-01-2013,3,1,1,538,56.49,594.49,TeleShop,Clothing,Kids
69506615196,272074,14-01-2013,11,5,4,1017,427.14,4495.14,e-Shop,Books,Children
87053462917,270496,14-01-2013,7,5,3,520,163.8,1723.8,e-Shop,Books,Fiction
64482758378,273091,14-01-2013,4,3,4,431,181.02,1905.02,MBR,Electronics,Mens
98232964592,271293,14-01-2013,7,5,1,241,25.305,266.305,MBR,Books,Fiction
99718645669,273383,14-01-2013,6,5,4,1211,508.62,5352.62,e-Shop,Books,DIY
76228273627,274357,14-01-2013,2,6,2,151,31.71,333.71,Flagship store,Home and kitchen,Furnishing
41831765819,270867,13-01-2013,1,4,4,946,397.32,4181.32,MBR,Bags,Women
9273486406,268069,13-01-2013,12,6,1,1193,125.265,1318.265,Flagship store,Home and kitchen,Academic
21953727313,274609,13-01-2013,10,3,4,1187,498.54,5246.54,Flagship store,Electronics,Audio and video
28818708523,269836,13-01-2013,7,5,2,666,139.86,1471.86,MBR,Books,Fiction
2061280790,267891,13-01-2013,12,6,4,126,52.92,556.92,MBR,Home and kitchen,Academic
62003054550,267017,13-01-2013,4,4,1,1461,153.405,1614.405,MBR,Bags,Mens
14786497248,274114,13-01-2013,12,5,4,128,53.76,565.76,TeleShop,Books,Academic
40514535019,270428,13-01-2013,3,1,4,1090,457.8,4817.8,TeleShop,Clothing,Kids
47408128197,270615,13-01-2013,9,3,5,1104,579.6,6099.6,TeleShop,Electronics,Cameras
10363866084,268573,13-01-2013,3,5,2,416,87.36,919.36,e-Shop,Books,Kids
93987567730,270257,13-01-2013,1,2,1,505,53.025,558.025,e-Shop,Footwear,Women
78130061698,271880,13-01-2013,3,1,2,691,145.11,1527.11,MBR,Clothing,Kids
74077915920,275040,13-01-2013,12,5,1,1308,137.34,1445.34,e-Shop,Books,Academic
94354726051,273584,13-01-2013,4,4,1,812,85.26,897.26,e-Shop,Bags,Mens
99677809928,272290,13-01-2013,2,6,4,454,190.68,2006.68,TeleShop,Home and kitchen,Furnishing
57691411379,273031,12/1/2013,1,2,2,1360,285.6,3005.6,MBR,Footwear,Women
50882933518,267084,12/1/2013,1,1,-4,-962,404.04,-4252.04,TeleShop,Clothing,Women
56931447573,272159,12/1/2013,1,2,4,390,163.8,1723.8,MBR,Footwear,Women
7771085000,275053,12/1/2013,4,2,1,427,44.835,471.835,e-Shop,Footwear,Mens
60247438467,270462,12/1/2013,3,2,2,1201,252.21,2654.21,MBR,Footwear,Kids
58608148082,267344,12/1/2013,9,3,5,1118,586.95,6176.95,e-Shop,Electronics,Cameras
40991487961,272686,12/1/2013,9,3,1,255,26.775,281.775,MBR,Electronics,Cameras
12502804900,268025,12/1/2013,1,1,2,1107,232.47,2446.47,e-Shop,Clothing,Women
3012778958,272953,12/1/2013,3,2,1,1003,105.315,1108.315,e-Shop,Footwear,Kids
12915076662,272314,12/1/2013,10,3,3,1410,444.15,4674.15,MBR,Electronics,Audio and video
83751167796,267266,12/1/2013,3,1,4,1299,545.58,5741.58,e-Shop,Clothing,Kids
73898963640,272515,12/1/2013,1,2,-5,-1151,604.275,-6359.275,Flagship store,Footwear,Women
77546608743,268908,12/1/2013,11,6,2,744,156.24,1644.24,e-Shop,Home and kitchen,Children
82034566331,274821,12/1/2013,1,2,1,944,99.12,1043.12,e-Shop,Footwear,Women
87002355611,272821,12/1/2013,7,5,2,781,164.01,1726.01,e-Shop,Books,Fiction
75909199088,271821,12/1/2013,4,3,1,738,77.49,815.49,TeleShop,Electronics,Mens
87212441772,268699,12/1/2013,10,5,1,270,28.35,298.35,e-Shop,Books,Audio and video
90856017788,268127,12/1/2013,8,3,4,1250,525,5525,Flagship store,Electronics,Personal Appliances
52869804322,271358,11/1/2013,11,5,2,860,180.6,1900.6,e-Shop,Books,Children
26373207253,268172,11/1/2013,3,1,2,1292,271.32,2855.32,Flagship store,Clothing,Kids
11485449093,268087,11/1/2013,10,6,5,1466,769.65,8099.65,e-Shop,Home and kitchen,Audio and video
34215573476,271227,11/1/2013,12,5,2,1241,260.61,2742.61,MBR,Books,Academic
48365025242,268781,11/1/2013,12,6,5,1447,759.675,7994.675,e-Shop,Home and kitchen,Academic
50882933518,267084,11/1/2013,1,1,4,962,404.04,4252.04,TeleShop,Clothing,Women
32789680014,275044,11/1/2013,10,3,4,434,182.28,1918.28,Flagship store,Electronics,Audio and video
48293044375,274566,11/1/2013,12,5,1,1060,111.3,1171.3,TeleShop,Books,Academic
46582315262,267631,11/1/2013,2,6,2,1200,252,2652,TeleShop,Home and kitchen,Furnishing
56938542465,269385,11/1/2013,11,6,3,1357,427.455,4498.455,e-Shop,Home and kitchen,Children
48080004525,270683,11/1/2013,10,3,3,164,51.66,543.66,Flagship store,Electronics,Audio and video
65222523897,269860,11/1/2013,11,6,3,294,92.61,974.61,TeleShop,Home and kitchen,Children
73898963640,272515,11/1/2013,1,2,5,1151,604.275,6359.275,Flagship store,Footwear,Women
92434619873,270317,11/1/2013,4,3,2,497,104.37,1098.37,e-Shop,Electronics,Mens
83349813762,273338,11/1/2013,3,1,4,502,210.84,2218.84,Flagship store,Clothing,Kids
90228436428,266894,11/1/2013,8,3,5,731,383.775,4038.775,e-Shop,Electronics,Personal Appliances
93988642765,273439,11/1/2013,9,3,5,258,135.45,1425.45,Flagship store,Electronics,Cameras
53757569145,267835,10/1/2013,10,5,4,674,283.08,2979.08,e-Shop,Books,Audio and video
32457489359,267794,10/1/2013,10,3,4,145,60.9,640.9,MBR,Electronics,Audio and video
36201034909,268484,10/1/2013,3,5,3,478,150.57,1584.57,TeleShop,Books,Kids
7292586041,273040,10/1/2013,12,6,2,918,192.78,2028.78,MBR,Home and kitchen,Academic
10771420570,272833,10/1/2013,10,6,5,983,516.075,5431.075,TeleShop,Home and kitchen,Audio and video
50854798582,272133,10/1/2013,7,5,1,644,67.62,711.62,MBR,Books,Fiction
24543924714,269916,10/1/2013,1,4,2,239,50.19,528.19,e-Shop,Bags,Women
14424507395,272181,10/1/2013,12,5,2,1495,313.95,3303.95,MBR,Books,Academic
49776631088,272188,10/1/2013,2,6,5,193,101.325,1066.325,e-Shop,Home and kitchen,Furnishing
7341582073,267898,10/1/2013,4,4,5,1302,683.55,7193.55,e-Shop,Bags,Mens
25087802222,271525,10/1/2013,10,3,5,584,306.6,3226.6,Flagship store,Electronics,Audio and video
93522141830,269320,10/1/2013,9,3,2,150,31.5,331.5,TeleShop,Electronics,Cameras
91650362644,272171,10/1/2013,2,6,4,399,167.58,1763.58,Flagship store,Home and kitchen,Furnishing
79820514368,268804,10/1/2013,4,2,2,771,161.91,1703.91,TeleShop,Footwear,Mens
80773609493,272857,10/1/2013,9,3,4,634,266.28,2802.28,TeleShop,Electronics,Cameras
47346608701,273515,9/1/2013,3,2,4,606,254.52,2678.52,Flagship store,Footwear,Kids
39241801032,271249,9/1/2013,3,1,-5,-576,302.4,-3182.4,MBR,Clothing,Kids
2792661436,267447,9/1/2013,2,6,4,555,233.1,2453.1,MBR,Home and kitchen,Furnishing
50394430321,270294,9/1/2013,11,5,3,614,193.41,2035.41,MBR,Books,Children
2999081670,274429,9/1/2013,2,6,1,1034,108.57,1142.57,MBR,Home and kitchen,Furnishing
33954894972,267673,9/1/2013,10,3,2,486,102.06,1074.06,e-Shop,Electronics,Audio and video
18471486594,268718,9/1/2013,7,5,-3,-409,128.835,-1355.835,TeleShop,Books,Fiction
62394675562,266823,9/1/2013,10,3,1,1043,109.515,1152.515,TeleShop,Electronics,Audio and video
51294987697,275046,9/1/2013,2,6,2,671,140.91,1482.91,TeleShop,Home and kitchen,Furnishing
34562152707,268145,9/1/2013,1,2,1,1317,138.285,1455.285,MBR,Footwear,Women
60744505782,273157,9/1/2013,8,3,2,334,70.14,738.14,e-Shop,Electronics,Personal Appliances
3877818198,274013,9/1/2013,11,5,4,357,149.94,1577.94,e-Shop,Books,Children
50081762319,273437,9/1/2013,8,3,5,823,432.075,4547.075,e-Shop,Electronics,Personal Appliances
15426461731,271045,9/1/2013,3,1,5,1481,777.525,8182.525,e-Shop,Clothing,Kids
86485645236,267346,9/1/2013,3,2,3,307,96.705,1017.705,e-Shop,Footwear,Kids
71475736451,268566,9/1/2013,10,3,-2,-805,169.05,-1779.05,Flagship store,Electronics,Audio and video
69455690597,267099,9/1/2013,1,4,-3,-228,71.82,-755.82,TeleShop,Bags,Women
73352738535,272974,9/1/2013,1,4,5,650,341.25,3591.25,Flagship store,Bags,Women
77453558060,274512,9/1/2013,12,6,5,1485,779.625,8204.625,e-Shop,Home and kitchen,Academic
99801320669,272933,9/1/2013,10,3,4,1257,527.94,5555.94,TeleShop,Electronics,Audio and video
20710311857,271161,8/1/2013,12,5,5,981,515.025,5420.025,TeleShop,Books,Academic
265535637,268931,8/1/2013,1,4,1,236,24.78,260.78,Flagship store,Bags,Women
45260483404,274544,8/1/2013,8,3,2,1080,226.8,2386.8,e-Shop,Electronics,Personal Appliances
14718624567,274755,8/1/2013,4,3,4,1397,586.74,6174.74,Flagship store,Electronics,Mens
7400742663,273062,8/1/2013,1,4,5,212,111.3,1171.3,e-Shop,Bags,Women
53472252288,274993,8/1/2013,4,3,1,1267,133.035,1400.035,e-Shop,Electronics,Mens
18182920962,274706,8/1/2013,1,4,-3,-1491,469.665,-4942.665,TeleShop,Bags,Women
18471486594,268718,8/1/2013,7,5,3,409,128.835,1355.835,TeleShop,Books,Fiction
41934207291,269213,8/1/2013,2,6,1,603,63.315,666.315,TeleShop,Home and kitchen,Furnishing
4698903505,267699,8/1/2013,1,4,4,816,342.72,3606.72,TeleShop,Bags,Women
6203727663,267488,8/1/2013,3,1,4,683,286.86,3018.86,Flagship store,Clothing,Kids
69455690597,267099,8/1/2013,1,4,3,228,71.82,755.82,TeleShop,Bags,Women
70259951699,273124,8/1/2013,1,4,3,661,208.215,2191.215,TeleShop,Bags,Women
71908034961,273305,8/1/2013,12,5,3,1033,325.395,3424.395,TeleShop,Books,Academic
75249267871,271670,8/1/2013,9,3,1,1408,147.84,1555.84,Flagship store,Electronics,Cameras
84223164450,274149,8/1/2013,3,5,-4,-750,315,-3315,MBR,Books,Kids
72851336401,270391,8/1/2013,12,5,1,398,41.79,439.79,Flagship store,Books,Academic
70559860672,270086,8/1/2013,10,3,3,467,147.105,1548.105,e-Shop,Electronics,Audio and video
99389171545,274668,8/1/2013,9,3,3,1174,369.81,3891.81,e-Shop,Electronics,Cameras
18862437992,269723,7/1/2013,1,2,3,169,53.235,560.235,MBR,Footwear,Women
14084516184,275074,7/1/2013,1,1,3,1403,441.945,4650.945,Flagship store,Clothing,Women
26800842256,269500,7/1/2013,3,5,4,1267,532.14,5600.14,Flagship store,Books,Kids
12527006678,271915,7/1/2013,3,1,4,835,350.7,3690.7,e-Shop,Clothing,Kids
18839566188,269635,7/1/2013,12,5,2,825,173.25,1823.25,MBR,Books,Academic
56318632819,270966,7/1/2013,1,2,5,810,425.25,4475.25,Flagship store,Footwear,Women
2468632151,268498,7/1/2013,1,1,3,664,209.16,2201.16,Flagship store,Clothing,Women
56575882681,270906,7/1/2013,1,4,2,1458,306.18,3222.18,TeleShop,Bags,Women
46747197980,274750,7/1/2013,10,6,4,451,189.42,1993.42,MBR,Home and kitchen,Audio and video
34438962917,274098,7/1/2013,1,1,2,292,61.32,645.32,e-Shop,Clothing,Women
36226173584,268431,7/1/2013,12,6,5,479,251.475,2646.475,TeleShop,Home and kitchen,Academic
39241801032,271249,7/1/2013,3,1,5,576,302.4,3182.4,MBR,Clothing,Kids
22519437293,267245,7/1/2013,4,3,3,354,111.51,1173.51,Flagship store,Electronics,Mens
10403969544,267467,7/1/2013,7,5,4,718,301.56,3173.56,e-Shop,Books,Fiction
4929597518,267215,7/1/2013,1,2,5,1374,721.35,7591.35,e-Shop,Footwear,Women
90754834518,274925,7/1/2013,11,5,1,1465,153.825,1618.825,TeleShop,Books,Children
68822890030,270004,7/1/2013,6,5,2,988,207.48,2183.48,e-Shop,Books,DIY
84950199555,274884,7/1/2013,4,4,5,255,133.875,1408.875,e-Shop,Bags,Mens
99450668722,273313,7/1/2013,3,2,4,850,357,3757,e-Shop,Footwear,Kids
98814892985,270949,7/1/2013,4,1,4,428,179.76,1891.76,Flagship store,Clothing,Mens
72273571002,272654,7/1/2013,11,6,3,912,287.28,3023.28,TeleShop,Home and kitchen,Children
74066117851,269935,7/1/2013,9,3,3,251,79.065,832.065,MBR,Electronics,Cameras
43435678920,271061,6/1/2013,4,2,2,1181,248.01,2610.01,e-Shop,Footwear,Mens
54955740123,267617,6/1/2013,11,6,5,1176,617.4,6497.4,e-Shop,Home and kitchen,Children
47264575101,267690,6/1/2013,2,6,-4,-541,227.22,-2391.22,e-Shop,Home and kitchen,Furnishing
33161024826,268297,6/1/2013,12,6,3,1416,446.04,4694.04,Flagship store,Home and kitchen,Academic
13553703723,268299,6/1/2013,10,3,1,295,30.975,325.975,e-Shop,Electronics,Audio and video
2039061142,271038,6/1/2013,4,3,1,132,13.86,145.86,e-Shop,Electronics,Mens
16691130787,273837,6/1/2013,3,5,1,381,40.005,421.005,e-Shop,Books,Kids
45614457988,269257,6/1/2013,5,3,3,324,102.06,1074.06,Flagship store,Electronics,Computers
69194770490,275137,6/1/2013,3,5,2,1053,221.13,2327.13,e-Shop,Books,Kids
79145249708,271100,6/1/2013,4,2,5,1327,696.675,7331.675,e-Shop,Footwear,Mens
91956520100,271533,6/1/2013,4,2,5,780,409.5,4309.5,e-Shop,Footwear,Mens
89809846044,267658,6/1/2013,12,6,5,319,167.475,1762.475,TeleShop,Home and kitchen,Academic
88711368251,274338,6/1/2013,4,3,4,1490,625.8,6585.8,e-Shop,Electronics,Mens
79890495964,269513,6/1/2013,6,5,3,549,172.935,1819.935,e-Shop,Books,DIY
95333949769,271368,6/1/2013,1,2,1,577,60.585,637.585,MBR,Footwear,Women
78953258259,268261,6/1/2013,3,1,1,516,54.18,570.18,e-Shop,Clothing,Kids
32027524797,275066,5/1/2013,11,6,4,599,251.58,2647.58,e-Shop,Home and kitchen,Children
13527956220,270855,5/1/2013,11,5,1,704,73.92,777.92,e-Shop,Books,Children
28279042066,267005,5/1/2013,10,6,2,590,123.9,1303.9,MBR,Home and kitchen,Audio and video
59950639228,273453,5/1/2013,3,5,3,1157,364.455,3835.455,MBR,Books,Kids
52179020303,270289,5/1/2013,3,5,5,960,504,5304,TeleShop,Books,Kids
55302628396,269336,5/1/2013,11,5,5,915,480.375,5055.375,e-Shop,Books,Children
26588818026,271094,5/1/2013,6,5,3,1365,429.975,4524.975,TeleShop,Books,DIY
30463221216,269178,5/1/2013,4,1,3,877,276.255,2907.255,e-Shop,Clothing,Mens
18256426510,270703,5/1/2013,3,1,1,720,75.6,795.6,e-Shop,Clothing,Kids
57836113360,273832,5/1/2013,1,1,2,1122,235.62,2479.62,TeleShop,Clothing,Women
28917157009,267808,5/1/2013,4,2,1,95,9.975,104.975,TeleShop,Footwear,Mens
24192378153,270316,5/1/2013,4,3,1,230,24.15,254.15,TeleShop,Electronics,Mens
41389602751,269200,5/1/2013,3,2,2,949,199.29,2097.29,e-Shop,Footwear,Kids
43083030068,272427,5/1/2013,9,3,2,1069,224.49,2362.49,TeleShop,Electronics,Cameras
53034245438,274217,5/1/2013,9,3,5,947,497.175,5232.175,e-Shop,Electronics,Cameras
50246247987,273910,5/1/2013,4,2,3,1233,388.395,4087.395,e-Shop,Footwear,Mens
45157396611,268930,5/1/2013,3,2,5,1436,753.9,7933.9,MBR,Footwear,Kids
60613314694,272128,5/1/2013,3,2,5,1283,673.575,7088.575,Flagship store,Footwear,Kids
63320959690,271799,5/1/2013,9,3,5,1390,729.75,7679.75,TeleShop,Electronics,Cameras
87519023645,273646,5/1/2013,3,2,4,731,307.02,3231.02,Flagship store,Footwear,Kids
96525716606,274415,5/1/2013,5,3,2,615,129.15,1359.15,e-Shop,Electronics,Computers
63561905520,274017,5/1/2013,4,3,1,666,69.93,735.93,Flagship store,Electronics,Mens
88981426915,270655,5/1/2013,11,5,1,659,69.195,728.195,e-Shop,Books,Children
91846004475,269120,5/1/2013,3,2,1,417,43.785,460.785,TeleShop,Footwear,Kids
85273339779,266853,5/1/2013,5,3,3,1335,420.525,4425.525,Flagship store,Electronics,Computers
89717069575,267918,5/1/2013,12,6,4,587,246.54,2594.54,e-Shop,Home and kitchen,Academic
98558129408,274550,5/1/2013,8,3,4,88,36.96,388.96,MBR,Electronics,Personal Appliances
26320096965,269356,4/1/2013,4,1,4,568,238.56,2510.56,TeleShop,Clothing,Mens
17665195725,269529,4/1/2013,1,2,3,1417,446.355,4697.355,e-Shop,Footwear,Women
55687645038,271948,4/1/2013,3,5,3,197,62.055,653.055,MBR,Books,Kids
48931938435,273368,4/1/2013,1,4,1,1192,125.16,1317.16,TeleShop,Bags,Women
20929751311,270735,4/1/2013,4,1,2,923,193.83,2039.83,e-Shop,Clothing,Mens
51512255511,268879,4/1/2013,1,1,1,468,49.14,517.14,e-Shop,Clothing,Women
354555590,272488,4/1/2013,4,4,4,1236,519.12,5463.12,e-Shop,Bags,Mens
18571004536,275194,4/1/2013,4,2,5,154,80.85,850.85,e-Shop,Footwear,Mens
25832727924,267665,4/1/2013,4,3,1,876,91.98,967.98,MBR,Electronics,Mens
18182920962,274706,4/1/2013,1,4,3,1491,469.665,4942.665,TeleShop,Bags,Women
47023726331,272938,4/1/2013,7,5,-3,-257,80.955,-851.955,Flagship store,Books,Fiction
9750138400,272299,4/1/2013,9,3,3,1263,397.845,4186.845,TeleShop,Electronics,Cameras
36494794307,270042,4/1/2013,11,5,5,1029,540.225,5685.225,Flagship store,Books,Children
553042749,268268,4/1/2013,4,4,3,337,106.155,1117.155,e-Shop,Bags,Mens
35609663797,273192,4/1/2013,9,3,2,744,156.24,1644.24,TeleShop,Electronics,Cameras
23443340851,271533,4/1/2013,4,4,2,249,52.29,550.29,TeleShop,Bags,Mens
13278531897,274956,4/1/2013,8,3,3,133,41.895,440.895,e-Shop,Electronics,Personal Appliances
59826024007,267437,4/1/2013,3,1,4,1469,616.98,6492.98,e-Shop,Clothing,Kids
20414725641,272074,4/1/2013,3,5,1,1389,145.845,1534.845,e-Shop,Books,Kids
98709585932,267293,4/1/2013,10,6,3,1066,335.79,3533.79,MBR,Home and kitchen,Audio and video
96871118353,267189,4/1/2013,1,1,2,785,164.85,1734.85,TeleShop,Clothing,Women
68281217427,270251,4/1/2013,8,3,1,1457,152.985,1609.985,Flagship store,Electronics,Personal Appliances
69719650038,266916,4/1/2013,7,5,2,1218,255.78,2691.78,TeleShop,Books,Fiction
71488652453,269800,4/1/2013,1,4,1,281,29.505,310.505,Flagship store,Bags,Women
86738045301,274576,4/1/2013,10,5,5,1360,714,7514,e-Shop,Books,Audio and video
94046592738,268697,4/1/2013,6,5,2,1459,306.39,3224.39,e-Shop,Books,DIY
84223164450,274149,4/1/2013,3,5,4,750,315,3315,MBR,Books,Kids
65304539784,270401,4/1/2013,1,2,4,1003,421.26,4433.26,Flagship store,Footwear,Women
74678354372,267781,4/1/2013,3,5,2,1274,267.54,2815.54,MBR,Books,Kids
91698190361,267455,4/1/2013,12,6,3,336,105.84,1113.84,e-Shop,Home and kitchen,Academic
81393809859,274519,4/1/2013,4,4,5,702,368.55,3878.55,MBR,Bags,Mens
19610966988,267143,3/1/2013,3,2,5,739,387.975,4082.975,e-Shop,Footwear,Kids
46993503179,270845,3/1/2013,4,3,4,315,132.3,1392.3,MBR,Electronics,Mens
27072325880,267610,3/1/2013,7,5,4,531,223.02,2347.02,Flagship store,Books,Fiction
19994306462,272629,3/1/2013,12,6,-4,-1236,519.12,-5463.12,e-Shop,Home and kitchen,Academic
29429087101,270302,3/1/2013,11,6,5,1204,632.1,6652.1,MBR,Home and kitchen,Children
47264575101,267690,3/1/2013,2,6,4,541,227.22,2391.22,e-Shop,Home and kitchen,Furnishing
55284015378,271465,3/1/2013,4,2,-4,-201,84.42,-888.42,e-Shop,Footwear,Mens
5861537561,273832,3/1/2013,8,3,4,748,314.16,3306.16,e-Shop,Electronics,Personal Appliances
7576355995,268250,3/1/2013,4,1,-5,-1409,739.725,-7784.725,Flagship store,Clothing,Mens
63529813841,270301,3/1/2013,4,3,3,1320,415.8,4375.8,MBR,Electronics,Mens
95512151067,270981,3/1/2013,2,6,4,236,99.12,1043.12,e-Shop,Home and kitchen,Furnishing
75262185236,273131,3/1/2013,12,5,1,606,63.63,669.63,MBR,Books,Academic
70541581316,270113,3/1/2013,12,6,1,156,16.38,172.38,Flagship store,Home and kitchen,Academic
67519280008,269386,3/1/2013,9,3,1,1168,122.64,1290.64,TeleShop,Electronics,Cameras
63251224120,271381,3/1/2013,7,5,-4,-390,163.8,-1723.8,MBR,Books,Fiction
80662649205,273698,3/1/2013,4,3,3,1093,344.295,3623.295,e-Shop,Electronics,Mens
66951801347,268339,3/1/2013,3,2,1,754,79.17,833.17,MBR,Footwear,Kids
56643868161,273518,2/1/2013,1,4,3,502,158.13,1664.13,e-Shop,Bags,Women
15427156882,269669,2/1/2013,4,4,3,1049,330.435,3477.435,e-Shop,Bags,Mens
6596997462,267568,2/1/2013,4,4,1,537,56.385,593.385,Flagship store,Bags,Mens
47215196823,274318,2/1/2013,4,4,3,513,161.595,1700.595,e-Shop,Bags,Mens
26149759992,275077,2/1/2013,10,3,5,586,307.65,3237.65,e-Shop,Electronics,Audio and video
56546883071,269837,2/1/2013,11,6,3,763,240.345,2529.345,Flagship store,Home and kitchen,Children
36801262185,268490,2/1/2013,4,1,-3,-230,72.45,-762.45,e-Shop,Clothing,Mens
13786474208,269849,2/1/2013,3,1,4,843,354.06,3726.06,MBR,Clothing,Kids
56975249035,268093,2/1/2013,8,3,1,1207,126.735,1333.735,TeleShop,Electronics,Personal Appliances
18593135589,267203,2/1/2013,3,5,2,1145,240.45,2530.45,e-Shop,Books,Kids
74144501669,273988,2/1/2013,11,6,5,250,131.25,1381.25,e-Shop,Home and kitchen,Children
81102812147,272632,2/1/2013,4,4,1,565,59.325,624.325,Flagship store,Bags,Mens
94358169313,275017,2/1/2013,7,5,4,465,195.3,2055.3,e-Shop,Books,Fiction
99631999746,268394,2/1/2013,1,2,3,639,201.285,2118.285,Flagship store,Footwear,Women
84117418675,274736,2/1/2013,4,1,2,787,165.27,1739.27,MBR,Clothing,Mens
85654340738,271701,2/1/2013,4,3,4,672,282.24,2970.24,e-Shop,Electronics,Mens
63886269566,271581,2/1/2013,3,2,5,752,394.8,4154.8,Flagship store,Footwear,Kids
92483485833,271391,2/1/2013,5,3,4,760,319.2,3359.2,e-Shop,Electronics,Computers
61743534274,271044,1/1/2013,11,6,2,885,185.85,1955.85,e-Shop,Home and kitchen,Children
46534064631,272396,1/1/2013,8,3,4,315,132.3,1392.3,e-Shop,Electronics,Personal Appliances
47023726331,272938,1/1/2013,7,5,3,257,80.955,851.955,Flagship store,Books,Fiction
13878864427,269517,1/1/2013,8,3,-5,-804,422.1,-4442.1,MBR,Electronics,Personal Appliances
11772803295,269139,1/1/2013,2,6,2,1383,290.43,3056.43,Flagship store,Home and kitchen,Furnishing
38589954487,269458,1/1/2013,8,3,5,990,519.75,5469.75,e-Shop,Electronics,Personal Appliances
4228848740,270291,1/1/2013,4,4,4,428,179.76,1891.76,e-Shop,Bags,Mens
54082414674,272996,1/1/2013,3,2,2,877,184.17,1938.17,e-Shop,Footwear,Kids
3874799972,272682,1/1/2013,4,3,4,714,299.88,3155.88,TeleShop,Electronics,Mens
12271575855,274486,1/1/2013,5,3,2,288,60.48,636.48,Flagship store,Electronics,Computers
34743650292,268352,1/1/2013,4,1,3,933,293.895,3092.895,Flagship store,Clothing,Mens
739835731,274575,1/1/2013,7,5,5,337,176.925,1861.925,e-Shop,Books,Fiction
37550766365,266852,1/1/2013,3,1,3,1125,354.375,3729.375,e-Shop,Clothing,Kids
79654151440,272117,1/1/2013,12,6,4,851,357.42,3761.42,Flagship store,Home and kitchen,Academic
92448979118,274075,1/1/2013,4,3,1,500,52.5,552.5,e-Shop,Electronics,Mens
85997903948,269771,1/1/2013,6,5,2,981,206.01,2168.01,Flagship store,Books,DIY
69045198533,275228,1/1/2013,7,5,2,177,37.17,391.17,TeleShop,Books,Fiction
92456095978,269718,1/1/2013,3,2,1,1222,128.31,1350.31,Flagship store,Footwear,Kids
71475736451,268566,1/1/2013,10,3,2,805,169.05,1779.05,Flagship store,Electronics,Audio and video
26229626485,267624,31-12-2012,1,1,5,1096,575.4,6055.4,Flagship store,Clothing,Women
7576355995,268250,31-12-2012,4,1,5,1409,739.725,7784.725,Flagship store,Clothing,Mens
31314199553,274511,31-12-2012,4,4,3,398,125.37,1319.37,e-Shop,Bags,Mens
3931451020,270386,31-12-2012,11,6,3,243,76.545,805.545,e-Shop,Home and kitchen,Children
24878731193,272358,31-12-2012,9,3,4,808,339.36,3571.36,MBR,Electronics,Cameras
43872989929,267990,31-12-2012,1,4,4,446,187.32,1971.32,e-Shop,Bags,Women
1336321430,271019,31-12-2012,3,5,2,329,69.09,727.09,TeleShop,Books,Kids
53411596932,269993,31-12-2012,8,3,1,894,93.87,987.87,Flagship store,Electronics,Personal Appliances
23309903578,267164,31-12-2012,8,3,-2,-1057,221.97,-2335.97,e-Shop,Electronics,Personal Appliances
19409269608,272403,31-12-2012,4,1,4,135,56.7,596.7,e-Shop,Clothing,Mens
59942758652,274549,31-12-2012,4,3,1,107,11.235,118.235,e-Shop,Electronics,Mens
23668636692,268397,31-12-2012,10,6,3,1002,315.63,3321.63,TeleShop,Home and kitchen,Audio and video
94444978213,268658,31-12-2012,3,1,2,1357,284.97,2998.97,e-Shop,Clothing,Kids
86339422638,268447,31-12-2012,1,4,1,238,24.99,262.99,Flagship store,Bags,Women
74587942310,271137,31-12-2012,12,6,4,103,43.26,455.26,e-Shop,Home and kitchen,Academic
85277089271,273684,31-12-2012,11,6,2,1009,211.89,2229.89,e-Shop,Home and kitchen,Children
68643454359,269607,31-12-2012,4,1,4,1280,537.6,5657.6,e-Shop,Clothing,Mens
96411404312,270906,31-12-2012,9,3,5,1135,595.875,6270.875,e-Shop,Electronics,Cameras
78626229855,272312,31-12-2012,12,6,1,767,80.535,847.535,TeleShop,Home and kitchen,Academic
75149369365,270519,31-12-2012,2,6,2,1393,292.53,3078.53,MBR,Home and kitchen,Furnishing
13878864427,269517,30-12-2012,8,3,5,804,422.1,4442.1,MBR,Electronics,Personal Appliances
2209430857,269819,30-12-2012,4,3,4,808,339.36,3571.36,TeleShop,Electronics,Mens
49874273831,275056,30-12-2012,3,2,1,1461,153.405,1614.405,MBR,Footwear,Kids
30537356214,271855,30-12-2012,1,4,3,1432,451.08,4747.08,e-Shop,Bags,Women
1836812350,273927,30-12-2012,12,6,2,827,173.67,1827.67,Flagship store,Home and kitchen,Academic
908931839,272870,30-12-2012,3,2,2,1248,262.08,2758.08,Flagship store,Footwear,Kids
36801262185,268490,30-12-2012,4,1,3,230,72.45,762.45,e-Shop,Clothing,Mens
32068923282,269178,30-12-2012,4,2,1,1474,154.77,1628.77,TeleShop,Footwear,Mens
50515429094,267239,30-12-2012,4,2,3,115,36.225,381.225,Flagship store,Footwear,Mens
37533052827,272926,30-12-2012,7,5,3,927,292.005,3073.005,e-Shop,Books,Fiction
60898756368,273119,30-12-2012,4,3,3,826,260.19,2738.19,e-Shop,Electronics,Mens
47347734184,268922,30-12-2012,6,5,5,1306,685.65,7215.65,e-Shop,Books,DIY
8492021484,271293,30-12-2012,8,3,2,894,187.74,1975.74,MBR,Electronics,Personal Appliances
39632529468,271179,30-12-2012,12,5,1,571,59.955,630.955,e-Shop,Books,Academic
31830490907,269773,30-12-2012,10,3,5,1224,642.6,6762.6,Flagship store,Electronics,Audio and video
6554811950,270768,30-12-2012,8,3,1,177,18.585,195.585,Flagship store,Electronics,Personal Appliances
32416468738,272756,30-12-2012,3,2,5,725,380.625,4005.625,e-Shop,Footwear,Kids
78306233415,270978,30-12-2012,4,3,2,728,152.88,1608.88,e-Shop,Electronics,Mens
69769124179,270147,30-12-2012,10,3,3,921,290.115,3053.115,Flagship store,Electronics,Audio and video
99663007223,270822,30-12-2012,3,2,1,1459,153.195,1612.195,e-Shop,Footwear,Kids
69815854706,273081,30-12-2012,11,6,4,918,385.56,4057.56,MBR,Home and kitchen,Children
99320490905,271891,30-12-2012,10,6,5,688,361.2,3801.2,TeleShop,Home and kitchen,Audio and video
76903742886,270206,30-12-2012,3,2,4,652,273.84,2881.84,TeleShop,Footwear,Kids
79449691441,273586,30-12-2012,11,5,2,472,99.12,1043.12,e-Shop,Books,Children
73693567009,272562,30-12-2012,1,4,5,465,244.125,2569.125,MBR,Bags,Women
94807626834,267076,30-12-2012,2,6,3,524,165.06,1737.06,Flagship store,Home and kitchen,Furnishing
52733350712,270954,29-12-2012,10,6,1,1396,146.58,1542.58,MBR,Home and kitchen,Audio and video
45469296694,274279,29-12-2012,1,4,4,881,370.02,3894.02,Flagship store,Bags,Women
21059463492,269420,29-12-2012,11,5,1,669,70.245,739.245,Flagship store,Books,Children
2906545289,275250,29-12-2012,10,3,1,86,9.03,95.03,e-Shop,Electronics,Audio and video
47930506683,274523,29-12-2012,5,3,5,427,224.175,2359.175,e-Shop,Electronics,Computers
44628993021,266875,29-12-2012,3,1,3,1243,391.545,4120.545,TeleShop,Clothing,Kids
28755405097,273351,29-12-2012,3,1,5,838,439.95,4629.95,Flagship store,Clothing,Kids
4103354860,269033,29-12-2012,8,3,5,959,503.475,5298.475,MBR,Electronics,Personal Appliances
59788586793,272525,29-12-2012,9,3,5,86,45.15,475.15,e-Shop,Electronics,Cameras
50246581289,274138,29-12-2012,10,5,3,1111,349.965,3682.965,Flagship store,Books,Audio and video
65756901197,274589,29-12-2012,12,6,4,753,316.26,3328.26,MBR,Home and kitchen,Academic
65806735767,274747,29-12-2012,1,4,3,1221,384.615,4047.615,MBR,Bags,Women
81379725793,273968,29-12-2012,4,3,2,1063,223.23,2349.23,MBR,Electronics,Mens
88717415059,267257,29-12-2012,11,6,3,256,80.64,848.64,TeleShop,Home and kitchen,Children
95855857559,270707,29-12-2012,10,3,2,334,70.14,738.14,MBR,Electronics,Audio and video
82267668498,268339,29-12-2012,12,6,1,674,70.77,744.77,MBR,Home and kitchen,Academic
73639409539,272949,29-12-2012,6,5,2,1217,255.57,2689.57,e-Shop,Books,DIY
70521494853,274792,29-12-2012,3,2,1,214,22.47,236.47,e-Shop,Footwear,Kids
67880471441,274837,29-12-2012,12,6,3,1036,326.34,3434.34,e-Shop,Home and kitchen,Academic
68377427707,274322,29-12-2012,4,3,2,1441,302.61,3184.61,MBR,Electronics,Mens
14909431266,267793,28-12-2012,5,3,-2,-1159,243.39,-2561.39,MBR,Electronics,Computers
7667939303,271532,28-12-2012,3,2,2,357,74.97,788.97,e-Shop,Footwear,Kids
3269493227,270541,28-12-2012,4,2,-1,-1416,148.68,-1564.68,e-Shop,Footwear,Mens
32889830495,270758,28-12-2012,11,5,4,1425,598.5,6298.5,TeleShop,Books,Children
35734840122,269979,28-12-2012,4,3,5,1436,753.9,7933.9,TeleShop,Electronics,Mens
15096949932,274569,28-12-2012,10,5,4,728,305.76,3217.76,TeleShop,Books,Audio and video
58948486182,269933,28-12-2012,10,5,2,1157,242.97,2556.97,e-Shop,Books,Audio and video
48725742187,270899,28-12-2012,8,3,-2,-296,62.16,-654.16,e-Shop,Electronics,Personal Appliances
21737878151,268958,28-12-2012,10,3,4,243,102.06,1074.06,e-Shop,Electronics,Audio and video
26027545230,267088,28-12-2012,10,6,-5,-859,450.975,-4745.975,MBR,Home and kitchen,Audio and video
28064414700,271192,28-12-2012,3,5,5,1265,664.125,6989.125,e-Shop,Books,Kids
23419280870,269757,28-12-2012,8,3,-4,-1369,574.98,-6050.98,e-Shop,Electronics,Personal Appliances
62716330833,275179,28-12-2012,10,5,3,730,229.95,2419.95,MBR,Books,Audio and video
56255474799,271661,28-12-2012,2,6,4,201,84.42,888.42,e-Shop,Home and kitchen,Furnishing
87864320995,274821,28-12-2012,11,5,5,1319,692.475,7287.475,MBR,Books,Children
92451931329,271687,28-12-2012,3,1,5,1384,726.6,7646.6,MBR,Clothing,Kids
72853071254,267216,28-12-2012,10,6,2,1404,294.84,3102.84,MBR,Home and kitchen,Audio and video
72036347235,271766,28-12-2012,10,6,2,709,148.89,1566.89,TeleShop,Home and kitchen,Audio and video
79518898906,273343,28-12-2012,4,3,2,572,120.12,1264.12,e-Shop,Electronics,Mens
63251224120,271381,28-12-2012,7,5,4,390,163.8,1723.8,MBR,Books,Fiction
10056419507,269789,27-12-2012,5,3,5,618,324.45,3414.45,Flagship store,Electronics,Computers
10041748699,273280,27-12-2012,12,5,1,183,19.215,202.215,e-Shop,Books,Academic
19994306462,272629,27-12-2012,12,6,4,1236,519.12,5463.12,e-Shop,Home and kitchen,Academic
4167385169,270877,27-12-2012,8,3,3,1089,343.035,3610.035,e-Shop,Electronics,Personal Appliances
1317241497,271150,27-12-2012,10,6,3,722,227.43,2393.43,TeleShop,Home and kitchen,Audio and video
31338055672,268840,27-12-2012,9,3,-1,-1391,146.055,-1537.055,e-Shop,Electronics,Cameras
46735492,274455,27-12-2012,10,5,3,1332,419.58,4415.58,TeleShop,Books,Audio and video
3150101294,271039,27-12-2012,11,5,5,881,462.525,4867.525,e-Shop,Books,Children
31407833077,268229,27-12-2012,12,6,4,928,389.76,4101.76,Flagship store,Home and kitchen,Academic
49094192988,272937,27-12-2012,4,1,-2,-147,30.87,-324.87,Flagship store,Clothing,Mens
7734114383,268335,27-12-2012,2,6,5,1287,675.675,7110.675,e-Shop,Home and kitchen,Furnishing
13475585842,267102,27-12-2012,6,5,1,656,68.88,724.88,TeleShop,Books,DIY
1595172133,272037,27-12-2012,12,6,2,1478,310.38,3266.38,Flagship store,Home and kitchen,Academic
84465581686,274328,27-12-2012,4,4,5,552,289.8,3049.8,e-Shop,Bags,Mens
72939029563,273526,27-12-2012,1,1,5,454,238.35,2508.35,e-Shop,Clothing,Women
84829661210,271352,27-12-2012,4,4,2,1467,308.07,3242.07,TeleShop,Bags,Mens
67469094405,270975,27-12-2012,4,4,5,455,238.875,2513.875,e-Shop,Bags,Mens
76460099842,270026,27-12-2012,10,3,3,693,218.295,2297.295,e-Shop,Electronics,Audio and video
98598060543,271195,27-12-2012,11,5,-5,-1302,683.55,-7193.55,Flagship store,Books,Children
74791186451,267985,27-12-2012,1,4,5,1235,648.375,6823.375,e-Shop,Bags,Women
41443433953,268076,26-12-2012,6,5,2,756,158.76,1670.76,e-Shop,Books,DIY
17570401002,268070,26-12-2012,9,3,1,111,11.655,122.655,TeleShop,Electronics,Cameras
58982075435,267306,26-12-2012,12,6,2,1090,228.9,2408.9,TeleShop,Home and kitchen,Academic
27326126595,270899,26-12-2012,4,3,2,635,133.35,1403.35,TeleShop,Electronics,Mens
5740724504,267538,26-12-2012,1,2,3,420,132.3,1392.3,Flagship store,Footwear,Women
18035648371,272431,26-12-2012,12,5,1,1111,116.655,1227.655,Flagship store,Books,Academic
29684852706,271751,26-12-2012,10,6,4,1134,476.28,5012.28,e-Shop,Home and kitchen,Audio and video
11561136882,273764,26-12-2012,7,5,3,1015,319.725,3364.725,Flagship store,Books,Fiction
29718822277,272557,26-12-2012,11,6,-2,-130,27.3,-287.3,e-Shop,Home and kitchen,Children
15755204888,268849,26-12-2012,11,5,4,595,249.9,2629.9,e-Shop,Books,Children
32306020107,271348,26-12-2012,1,2,3,478,150.57,1584.57,e-Shop,Footwear,Women
59738412280,273988,26-12-2012,4,1,5,905,475.125,5000.125,MBR,Clothing,Mens
28138688204,274762,26-12-2012,10,3,1,1004,105.42,1109.42,Flagship store,Electronics,Audio and video
85436683463,273851,26-12-2012,12,5,-1,-1374,144.27,-1518.27,Flagship store,Books,Academic
98598060543,271195,26-12-2012,11,5,5,1302,683.55,7193.55,Flagship store,Books,Children
74374876627,267754,26-12-2012,3,5,1,1476,154.98,1630.98,e-Shop,Books,Kids
80148327481,270181,26-12-2012,1,2,3,592,186.48,1962.48,Flagship store,Footwear,Women
32553613829,272030,25-12-2012,3,5,4,619,259.98,2735.98,Flagship store,Books,Kids
44613575638,268590,25-12-2012,7,5,4,347,145.74,1533.74,TeleShop,Books,Fiction
31338055672,268840,25-12-2012,9,3,1,1391,146.055,1537.055,e-Shop,Electronics,Cameras
61656218788,273010,25-12-2012,10,5,-4,-1357,569.94,-5997.94,e-Shop,Books,Audio and video
29419065469,271704,25-12-2012,1,1,4,1096,460.32,4844.32,MBR,Clothing,Women
20115643046,269367,25-12-2012,1,1,2,1025,215.25,2265.25,e-Shop,Clothing,Women
16329869235,272274,25-12-2012,10,3,3,721,227.115,2390.115,MBR,Electronics,Audio and video
38657598424,269124,25-12-2012,3,1,4,1197,502.74,5290.74,TeleShop,Clothing,Kids
62111727921,274129,25-12-2012,12,5,-4,-444,186.48,-1962.48,TeleShop,Books,Academic
38815420945,272207,25-12-2012,10,6,-4,-1466,615.72,-6479.72,e-Shop,Home and kitchen,Audio and video
24602902933,268500,25-12-2012,2,6,5,430,225.75,2375.75,e-Shop,Home and kitchen,Furnishing
87133856980,266807,25-12-2012,4,1,4,112,47.04,495.04,e-Shop,Clothing,Mens
66630359841,273191,25-12-2012,4,1,1,1330,139.65,1469.65,Flagship store,Clothing,Mens
86784422793,271862,25-12-2012,4,1,-4,-1331,559.02,-5883.02,e-Shop,Clothing,Mens
80518309384,270663,25-12-2012,1,1,3,816,257.04,2705.04,e-Shop,Clothing,Women
78804363187,269832,25-12-2012,3,5,1,1461,153.405,1614.405,e-Shop,Books,Kids
88407478702,271898,25-12-2012,10,5,2,913,191.73,2017.73,MBR,Books,Audio and video
92838275074,273307,25-12-2012,4,1,3,1442,454.23,4780.23,e-Shop,Clothing,Mens
92066413219,269246,25-12-2012,3,5,3,504,158.76,1670.76,e-Shop,Books,Kids
96102456169,272655,25-12-2012,3,1,4,1481,622.02,6546.02,Flagship store,Clothing,Kids
58158159389,275211,24-12-2012,2,6,4,827,347.34,3655.34,MBR,Home and kitchen,Furnishing
50762358294,267903,24-12-2012,1,2,3,983,309.645,3258.645,TeleShop,Footwear,Women
29850818552,267014,24-12-2012,3,2,-5,-1252,657.3,-6917.3,MBR,Footwear,Kids
44308377187,271177,24-12-2012,12,6,-5,-720,378,-3978,e-Shop,Home and kitchen,Academic
59341237904,272124,24-12-2012,7,5,1,847,88.935,935.935,Flagship store,Books,Fiction
38758004974,273548,24-12-2012,10,5,2,1409,295.89,3113.89,Flagship store,Books,Audio and video
49531817465,273386,24-12-2012,2,6,3,310,97.65,1027.65,e-Shop,Home and kitchen,Furnishing
14909431266,267793,24-12-2012,5,3,2,1159,243.39,2561.39,MBR,Electronics,Computers
20492814101,273716,24-12-2012,3,2,4,122,51.24,539.24,MBR,Footwear,Kids
55284015378,271465,24-12-2012,4,2,4,201,84.42,888.42,e-Shop,Footwear,Mens
48238083470,274189,24-12-2012,12,6,2,1280,268.8,2828.8,e-Shop,Home and kitchen,Academic
47051448121,274008,24-12-2012,3,2,2,180,37.8,397.8,e-Shop,Footwear,Kids
91993236013,272355,24-12-2012,11,6,5,240,126,1326,e-Shop,Home and kitchen,Children
84897579006,268159,24-12-2012,3,1,5,1410,740.25,7790.25,e-Shop,Clothing,Kids
64946151016,275064,24-12-2012,3,1,-3,-1097,345.555,-3636.555,MBR,Clothing,Kids
66117066257,273091,24-12-2012,3,1,5,801,420.525,4425.525,TeleShop,Clothing,Kids
95876346233,272735,24-12-2012,11,6,1,1240,130.2,1370.2,MBR,Home and kitchen,Children
73834739224,268368,24-12-2012,10,5,1,532,55.86,587.86,e-Shop,Books,Audio and video
83744168476,272009,24-12-2012,11,6,4,795,333.9,3513.9,Flagship store,Home and kitchen,Children
97101513566,271797,24-12-2012,10,5,4,539,226.38,2382.38,MBR,Books,Audio and video
76574507510,274507,24-12-2012,8,3,4,115,48.3,508.3,TeleShop,Electronics,Personal Appliances
46978685914,270523,23-12-2012,8,3,4,1329,558.18,5874.18,TeleShop,Electronics,Personal Appliances
49094192988,272937,23-12-2012,4,1,2,147,30.87,324.87,Flagship store,Clothing,Mens
17357706602,273216,23-12-2012,4,2,1,763,80.115,843.115,Flagship store,Footwear,Mens
55307914549,267950,23-12-2012,3,2,5,924,485.1,5105.1,e-Shop,Footwear,Kids
27251243380,271336,23-12-2012,4,1,5,822,431.55,4541.55,Flagship store,Clothing,Mens
61656218788,273010,23-12-2012,10,5,4,1357,569.94,5997.94,e-Shop,Books,Audio and video
51866587167,273423,23-12-2012,11,5,5,657,344.925,3629.925,e-Shop,Books,Children
27676874506,268757,23-12-2012,11,6,1,315,33.075,348.075,Flagship store,Home and kitchen,Children
46518342123,273718,23-12-2012,4,4,3,1482,466.83,4912.83,MBR,Bags,Mens
45109387456,272886,23-12-2012,5,3,1,871,91.455,962.455,e-Shop,Electronics,Computers
54110476166,274143,23-12-2012,4,4,1,1346,141.33,1487.33,MBR,Bags,Mens
95399455225,271950,23-12-2012,10,5,2,138,28.98,304.98,TeleShop,Books,Audio and video
86948734584,268132,23-12-2012,3,5,5,808,424.2,4464.2,TeleShop,Books,Kids
64821571835,270675,23-12-2012,1,1,2,386,81.06,853.06,TeleShop,Clothing,Women
64946151016,275064,23-12-2012,3,1,3,1097,345.555,3636.555,MBR,Clothing,Kids
95892167688,274583,23-12-2012,3,5,1,978,102.69,1080.69,e-Shop,Books,Kids
83318402382,272217,23-12-2012,8,3,4,1428,599.76,6311.76,Flagship store,Electronics,Personal Appliances
53999632269,274934,22-12-2012,11,5,2,1403,294.63,3100.63,MBR,Books,Children
12603691393,273151,22-12-2012,10,3,3,363,114.345,1203.345,e-Shop,Electronics,Audio and video
19278893600,270178,22-12-2012,6,5,2,266,55.86,587.86,TeleShop,Books,DIY
44158977340,267462,22-12-2012,1,4,4,1449,608.58,6404.58,e-Shop,Bags,Women
1635889796,274311,22-12-2012,9,3,2,810,170.1,1790.1,e-Shop,Electronics,Cameras
18119965945,270239,22-12-2012,5,3,4,199,83.58,879.58,e-Shop,Electronics,Computers
55556051833,269732,22-12-2012,11,6,5,1188,623.7,6563.7,e-Shop,Home and kitchen,Children
17887321127,267152,22-12-2012,10,3,1,801,84.105,885.105,MBR,Electronics,Audio and video
42639537708,274521,22-12-2012,7,5,1,916,96.18,1012.18,e-Shop,Books,Fiction
20425349127,267527,22-12-2012,3,2,3,813,256.095,2695.095,TeleShop,Footwear,Kids
4895958215,272963,22-12-2012,3,1,-3,-1095,344.925,-3629.925,MBR,Clothing,Kids
51100435105,271514,22-12-2012,11,6,3,867,273.105,2874.105,Flagship store,Home and kitchen,Children
34786885398,273946,22-12-2012,12,6,4,162,68.04,716.04,e-Shop,Home and kitchen,Academic
23309903578,267164,22-12-2012,8,3,2,1057,221.97,2335.97,e-Shop,Electronics,Personal Appliances
63077906180,268544,22-12-2012,4,2,4,1201,504.42,5308.42,e-Shop,Footwear,Mens
23419280870,269757,22-12-2012,8,3,4,1369,574.98,6050.98,e-Shop,Electronics,Personal Appliances
49973247792,268166,22-12-2012,12,5,1,120,12.6,132.6,Flagship store,Books,Academic
31011265698,268583,22-12-2012,11,6,-3,-92,28.98,-304.98,e-Shop,Home and kitchen,Children
82841424804,271392,22-12-2012,1,2,2,1008,211.68,2227.68,MBR,Footwear,Women
72113358991,271850,22-12-2012,2,6,3,393,123.795,1302.795,TeleShop,Home and kitchen,Furnishing
64026812219,272591,22-12-2012,1,2,2,1252,262.92,2766.92,e-Shop,Footwear,Women
89791232287,268658,22-12-2012,3,2,4,426,178.92,1882.92,e-Shop,Footwear,Kids
71414409729,275039,22-12-2012,6,5,3,935,294.525,3099.525,MBR,Books,DIY
29850818552,267014,21-12-2012,3,2,5,1252,657.3,6917.3,MBR,Footwear,Kids
10468018085,267974,21-12-2012,1,4,5,1381,725.025,7630.025,MBR,Bags,Women
6709128065,269760,21-12-2012,11,5,-5,-657,344.925,-3629.925,MBR,Books,Children
44308377187,271177,21-12-2012,12,6,5,720,378,3978,e-Shop,Home and kitchen,Academic
722400882,273356,21-12-2012,6,5,2,1417,297.57,3131.57,TeleShop,Books,DIY
10202106950,274543,21-12-2012,12,6,2,635,133.35,1403.35,e-Shop,Home and kitchen,Academic
33024422553,269547,21-12-2012,1,2,3,234,73.71,775.71,e-Shop,Footwear,Women
44473715116,272299,21-12-2012,12,5,4,868,364.56,3836.56,e-Shop,Books,Academic
1690848568,273030,21-12-2012,11,5,5,233,122.325,1287.325,Flagship store,Books,Children
17746002319,272961,21-12-2012,10,5,5,849,445.725,4690.725,Flagship store,Books,Audio and video
52055146645,274830,21-12-2012,4,3,5,423,222.075,2337.075,e-Shop,Electronics,Mens
48980542140,268934,21-12-2012,4,1,4,703,295.26,3107.26,Flagship store,Clothing,Mens
593769481,270694,21-12-2012,12,5,3,287,90.405,951.405,MBR,Books,Academic
99601887305,274270,21-12-2012,2,6,1,1101,115.605,1216.605,e-Shop,Home and kitchen,Furnishing
81081719910,271551,21-12-2012,1,4,2,106,22.26,234.26,Flagship store,Bags,Women
84018453594,274877,21-12-2012,10,3,1,104,10.92,114.92,TeleShop,Electronics,Audio and video
89316479746,274569,21-12-2012,4,1,3,117,36.855,387.855,e-Shop,Clothing,Mens
86549118585,274053,21-12-2012,1,4,4,1126,472.92,4976.92,TeleShop,Bags,Women
72732040507,270549,21-12-2012,10,6,1,1388,145.74,1533.74,MBR,Home and kitchen,Audio and video
72625092477,275163,21-12-2012,4,1,4,73,30.66,322.66,Flagship store,Clothing,Mens
80761345723,267162,21-12-2012,1,2,4,110,46.2,486.2,Flagship store,Footwear,Women
86138254287,275186,21-12-2012,7,5,3,224,70.56,742.56,TeleShop,Books,Fiction
86962923590,272594,21-12-2012,1,4,5,1347,707.175,7442.175,Flagship store,Bags,Women
90300089265,274900,21-12-2012,10,3,1,969,101.745,1070.745,TeleShop,Electronics,Audio and video
83054057863,272879,21-12-2012,4,2,5,891,467.775,4922.775,e-Shop,Footwear,Mens
85940795828,271066,21-12-2012,10,3,5,1257,659.925,6944.925,e-Shop,Electronics,Audio and video
19226020019,268550,20-12-2012,1,1,1,1275,133.875,1408.875,Flagship store,Clothing,Women
31427320154,270164,20-12-2012,3,2,3,1459,459.585,4836.585,TeleShop,Footwear,Kids
33942284849,272837,20-12-2012,5,3,4,183,76.86,808.86,MBR,Electronics,Computers
50083482455,269441,20-12-2012,10,5,2,731,153.51,1615.51,e-Shop,Books,Audio and video
11152038118,273096,20-12-2012,10,3,4,790,331.8,3491.8,MBR,Electronics,Audio and video
25711534608,270253,20-12-2012,7,5,5,1323,694.575,7309.575,TeleShop,Books,Fiction
4895958215,272963,20-12-2012,3,1,3,1095,344.925,3629.925,MBR,Clothing,Kids
35946237363,266847,20-12-2012,5,3,4,92,38.64,406.64,MBR,Electronics,Computers
58936155855,270283,20-12-2012,3,1,4,294,123.48,1299.48,MBR,Clothing,Kids
38982712088,274744,20-12-2012,3,1,5,140,73.5,773.5,TeleShop,Clothing,Kids
51951874983,271626,20-12-2012,10,5,4,845,354.9,3734.9,TeleShop,Books,Audio and video
46790779829,269922,20-12-2012,11,5,4,502,210.84,2218.84,TeleShop,Books,Children
15384604475,270144,20-12-2012,4,4,3,463,145.845,1534.845,MBR,Bags,Mens
49807138819,273793,20-12-2012,12,5,4,822,345.24,3633.24,MBR,Books,Academic
12269105486,266892,20-12-2012,4,4,3,327,103.005,1084.005,TeleShop,Bags,Mens
85436683463,273851,20-12-2012,12,5,1,1374,144.27,1518.27,Flagship store,Books,Academic
89604647161,272759,20-12-2012,12,6,1,85,8.925,93.925,e-Shop,Home and kitchen,Academic
76031043068,268859,20-12-2012,7,5,1,1120,117.6,1237.6,TeleShop,Books,Fiction
93335437487,271988,20-12-2012,2,6,5,1237,649.425,6834.425,e-Shop,Home and kitchen,Furnishing
81882492639,267883,20-12-2012,4,2,4,693,291.06,3063.06,e-Shop,Footwear,Mens
65768533174,272447,20-12-2012,8,3,2,434,91.14,959.14,MBR,Electronics,Personal Appliances
63743042678,270694,20-12-2012,11,5,1,562,59.01,621.01,TeleShop,Books,Children
85422031277,270047,20-12-2012,7,5,3,1084,341.46,3593.46,MBR,Books,Fiction
35423248183,274110,19-12-2012,7,5,4,1041,437.22,4601.22,TeleShop,Books,Fiction
48725742187,270899,19-12-2012,8,3,2,296,62.16,654.16,e-Shop,Electronics,Personal Appliances
45654139689,272582,19-12-2012,12,5,1,1002,105.21,1107.21,Flagship store,Books,Academic
59998208856,269883,19-12-2012,9,3,4,1026,430.92,4534.92,MBR,Electronics,Cameras
48769274193,271894,19-12-2012,3,2,4,767,322.14,3390.14,TeleShop,Footwear,Kids
44121689324,272993,19-12-2012,10,3,5,1423,747.075,7862.075,MBR,Electronics,Audio and video
62749855227,272245,19-12-2012,3,2,3,406,127.89,1345.89,TeleShop,Footwear,Kids
46594175558,272526,19-12-2012,5,3,5,1422,746.55,7856.55,Flagship store,Electronics,Computers
45200059653,272155,19-12-2012,4,4,-3,-578,182.07,-1916.07,MBR,Bags,Mens
13024289028,272803,19-12-2012,10,6,5,353,185.325,1950.325,e-Shop,Home and kitchen,Audio and video
31779997322,266978,19-12-2012,9,3,5,85,44.625,469.625,Flagship store,Electronics,Cameras
75741073369,271185,19-12-2012,10,3,3,1495,470.925,4955.925,e-Shop,Electronics,Audio and video
77424301191,270718,19-12-2012,2,6,4,955,401.1,4221.1,Flagship store,Home and kitchen,Furnishing
93887352496,271192,19-12-2012,4,1,1,588,61.74,649.74,e-Shop,Clothing,Mens
66080426340,269776,19-12-2012,3,5,3,719,226.485,2383.485,MBR,Books,Kids
84058194203,272992,19-12-2012,10,6,-2,-976,204.96,-2156.96,MBR,Home and kitchen,Audio and video
26027545230,267088,18-12-2012,10,6,5,859,450.975,4745.975,MBR,Home and kitchen,Audio and video
10079047238,272943,18-12-2012,10,6,1,754,79.17,833.17,e-Shop,Home and kitchen,Audio and video
14676794539,274937,18-12-2012,7,5,5,1181,620.025,6525.025,Flagship store,Books,Fiction
41161635371,269090,18-12-2012,1,1,3,1180,371.7,3911.7,e-Shop,Clothing,Women
51528016871,270093,18-12-2012,10,3,5,508,266.7,2806.7,MBR,Electronics,Audio and video
61497174471,272427,18-12-2012,7,5,1,603,63.315,666.315,TeleShop,Books,Fiction
8574754540,272427,18-12-2012,12,5,-2,-177,37.17,-391.17,Flagship store,Books,Academic
62576784786,272681,18-12-2012,9,3,5,552,289.8,3049.8,TeleShop,Electronics,Cameras
62111727921,274129,18-12-2012,12,5,4,444,186.48,1962.48,TeleShop,Books,Academic
38815420945,272207,18-12-2012,10,6,4,1466,615.72,6479.72,e-Shop,Home and kitchen,Audio and video
25818729242,272086,18-12-2012,12,6,3,1294,407.61,4289.61,MBR,Home and kitchen,Academic
3269493227,270541,18-12-2012,4,2,1,1416,148.68,1564.68,e-Shop,Footwear,Mens
30650202999,268268,18-12-2012,10,6,4,604,253.68,2669.68,Flagship store,Home and kitchen,Audio and video
11411595788,270511,18-12-2012,11,5,5,1384,726.6,7646.6,e-Shop,Books,Children
45833510104,269338,18-12-2012,11,5,2,508,106.68,1122.68,TeleShop,Books,Children
87368947341,268895,18-12-2012,11,6,4,1196,502.32,5286.32,e-Shop,Home and kitchen,Children
91828681102,270834,18-12-2012,2,6,2,1095,229.95,2419.95,e-Shop,Home and kitchen,Furnishing
97853824270,272382,18-12-2012,1,1,5,1195,627.375,6602.375,MBR,Clothing,Women
84058194203,272992,18-12-2012,10,6,2,976,204.96,2156.96,MBR,Home and kitchen,Audio and video
67565246467,269940,18-12-2012,1,2,2,1473,309.33,3255.33,e-Shop,Footwear,Women
85145043546,270661,18-12-2012,1,4,1,1190,124.95,1314.95,TeleShop,Bags,Women
86360152265,273714,18-12-2012,8,3,2,1025,215.25,2265.25,e-Shop,Electronics,Personal Appliances
71036656464,274390,18-12-2012,1,1,2,858,180.18,1896.18,e-Shop,Clothing,Women
77862818211,268924,18-12-2012,3,1,5,860,451.5,4751.5,MBR,Clothing,Kids
59376732657,269269,17-12-2012,7,5,-5,-1390,729.75,-7679.75,Flagship store,Books,Fiction
50764562055,273314,17-12-2012,12,5,2,540,113.4,1193.4,e-Shop,Books,Academic
54214383526,274412,17-12-2012,9,3,2,260,54.6,574.6,Flagship store,Electronics,Cameras
29944041761,267172,17-12-2012,7,5,2,1072,225.12,2369.12,Flagship store,Books,Fiction
29718822277,272557,17-12-2012,11,6,2,130,27.3,287.3,e-Shop,Home and kitchen,Children
39956287858,274648,17-12-2012,5,3,3,633,199.395,2098.395,e-Shop,Electronics,Computers
62377105623,267934,17-12-2012,3,2,3,1335,420.525,4425.525,e-Shop,Footwear,Kids
28031617166,267170,17-12-2012,8,3,5,1467,770.175,8105.175,Flagship store,Electronics,Personal Appliances
28973884041,268442,17-12-2012,2,6,5,1173,615.825,6480.825,e-Shop,Home and kitchen,Furnishing
66316383465,271147,17-12-2012,10,3,3,845,266.175,2801.175,e-Shop,Electronics,Audio and video
72129867358,274278,17-12-2012,8,3,5,1171,614.775,6469.775,e-Shop,Electronics,Personal Appliances
99674773009,271245,17-12-2012,4,3,5,1211,635.775,6690.775,TeleShop,Electronics,Mens
72135881141,270203,17-12-2012,11,6,1,586,61.53,647.53,Flagship store,Home and kitchen,Children
82901277861,269001,17-12-2012,3,5,1,1406,147.63,1553.63,TeleShop,Books,Kids
95527129510,267568,17-12-2012,7,5,5,1413,741.825,7806.825,TeleShop,Books,Fiction
99919511391,274367,17-12-2012,3,5,4,739,310.38,3266.38,TeleShop,Books,Kids
66575703131,270577,17-12-2012,10,3,3,1053,331.695,3490.695,e-Shop,Electronics,Audio and video
72466191339,268226,17-12-2012,4,2,2,572,120.12,1264.12,e-Shop,Footwear,Mens
53482416704,269175,16-12-2012,6,5,2,207,43.47,457.47,TeleShop,Books,DIY
9572080445,270141,16-12-2012,3,5,3,1090,343.35,3613.35,Flagship store,Books,Kids
54110673160,268874,16-12-2012,7,5,1,1390,145.95,1535.95,e-Shop,Books,Fiction
27936675776,271903,16-12-2012,10,5,4,793,333.06,3505.06,MBR,Books,Audio and video
32104103334,272375,16-12-2012,2,6,5,487,255.675,2690.675,Flagship store,Home and kitchen,Furnishing
48340112796,272349,16-12-2012,7,5,-3,-274,86.31,-908.31,Flagship store,Books,Fiction
48907587118,273471,16-12-2012,12,6,4,643,270.06,2842.06,e-Shop,Home and kitchen,Academic
46412569680,270212,16-12-2012,12,6,2,1351,283.71,2985.71,e-Shop,Home and kitchen,Academic
62317557584,268126,16-12-2012,1,4,2,584,122.64,1290.64,e-Shop,Bags,Women
26557946926,272163,16-12-2012,12,5,5,551,289.275,3044.275,MBR,Books,Academic
49682237999,270218,16-12-2012,5,3,1,1493,156.765,1649.765,TeleShop,Electronics,Computers
54733429674,271584,16-12-2012,5,3,2,705,148.05,1558.05,Flagship store,Electronics,Computers
94660553323,268551,16-12-2012,3,2,1,531,55.755,586.755,e-Shop,Footwear,Kids
72142547250,267280,16-12-2012,2,6,2,727,152.67,1606.67,e-Shop,Home and kitchen,Furnishing
80037837659,269200,16-12-2012,4,1,3,442,139.23,1465.23,e-Shop,Clothing,Mens
79855923055,270839,16-12-2012,10,3,4,1485,623.7,6563.7,e-Shop,Electronics,Audio and video
73237203517,269451,16-12-2012,9,3,4,1351,567.42,5971.42,Flagship store,Electronics,Cameras
78367615072,269158,16-12-2012,4,2,2,1288,270.48,2846.48,TeleShop,Footwear,Mens
90574500418,270662,16-12-2012,7,5,5,161,84.525,889.525,TeleShop,Books,Fiction
66191296837,269211,16-12-2012,6,5,-3,-1434,451.71,-4753.71,Flagship store,Books,DIY
89680251377,270410,16-12-2012,1,1,1,527,55.335,582.335,e-Shop,Clothing,Women
31011265698,268583,15-12-2012,11,6,3,92,28.98,304.98,e-Shop,Home and kitchen,Children
27938963470,267977,15-12-2012,3,5,1,923,96.915,1019.915,MBR,Books,Kids
6709128065,269760,15-12-2012,11,5,5,657,344.925,3629.925,MBR,Books,Children
24110639348,274055,15-12-2012,4,3,2,848,178.08,1874.08,Flagship store,Electronics,Mens
4718930595,273661,15-12-2012,12,5,5,587,308.175,3243.175,MBR,Books,Academic
53055213326,273645,15-12-2012,12,5,4,1239,520.38,5476.38,TeleShop,Books,Academic
66129115983,274033,15-12-2012,4,2,3,930,292.95,3082.95,Flagship store,Footwear,Mens
76147851229,269003,15-12-2012,1,1,-5,-678,355.95,-3745.95,e-Shop,Clothing,Women
86784422793,271862,15-12-2012,4,1,4,1331,559.02,5883.02,e-Shop,Clothing,Mens
73048937397,267256,15-12-2012,4,2,5,180,94.5,994.5,MBR,Footwear,Mens
72970653437,269747,15-12-2012,4,4,-1,-612,64.26,-676.26,TeleShop,Bags,Mens
96966417180,267203,15-12-2012,10,3,3,618,194.67,2048.67,TeleShop,Electronics,Audio and video
97769641634,266953,15-12-2012,3,2,5,1282,673.05,7083.05,e-Shop,Footwear,Kids
79591119278,269300,15-12-2012,10,5,2,1114,233.94,2461.94,MBR,Books,Audio and video
69186715599,269147,15-12-2012,4,1,2,748,157.08,1653.08,e-Shop,Clothing,Mens
1468172213,266883,14-12-2012,1,1,4,435,182.7,1922.7,e-Shop,Clothing,Women
34837316276,271107,14-12-2012,7,5,1,628,65.94,693.94,MBR,Books,Fiction
4956569404,273903,14-12-2012,10,6,1,419,43.995,462.995,TeleShop,Home and kitchen,Audio and video
43502777101,272596,14-12-2012,8,3,2,1482,311.22,3275.22,MBR,Electronics,Personal Appliances
1461660797,270264,14-12-2012,1,2,5,529,277.725,2922.725,TeleShop,Footwear,Women
48340112796,272349,14-12-2012,7,5,3,274,86.31,908.31,Flagship store,Books,Fiction
34211767358,272923,14-12-2012,10,6,5,698,366.45,3856.45,e-Shop,Home and kitchen,Audio and video
61297633303,274237,14-12-2012,4,3,5,1015,532.875,5607.875,Flagship store,Electronics,Mens
49191051449,269315,14-12-2012,7,5,3,826,260.19,2738.19,TeleShop,Books,Fiction
6632985725,269318,14-12-2012,10,3,2,1240,260.4,2740.4,MBR,Electronics,Audio and video
24140443944,267696,14-12-2012,4,4,2,670,140.7,1480.7,e-Shop,Bags,Mens
59605123349,271951,14-12-2012,10,3,2,173,36.33,382.33,TeleShop,Electronics,Audio and video
24820025566,272613,14-12-2012,10,3,5,826,433.65,4563.65,e-Shop,Electronics,Audio and video
68239569704,268716,14-12-2012,4,2,3,485,152.775,1607.775,MBR,Footwear,Mens
69608383146,268639,14-12-2012,9,3,3,124,39.06,411.06,e-Shop,Electronics,Cameras
93899885176,269719,14-12-2012,1,2,4,362,152.04,1600.04,e-Shop,Footwear,Women
97146405108,267084,14-12-2012,5,3,2,139,29.19,307.19,MBR,Electronics,Computers
72215278974,269516,14-12-2012,1,1,1,726,76.23,802.23,Flagship store,Clothing,Women
93589289788,271404,14-12-2012,3,2,1,1454,152.67,1606.67,TeleShop,Footwear,Kids
90249602676,268793,14-12-2012,4,3,4,576,241.92,2545.92,e-Shop,Electronics,Mens
80109188603,274260,14-12-2012,5,3,2,462,97.02,1021.02,e-Shop,Electronics,Computers
41227346817,272945,13-12-2012,12,6,3,1216,383.04,4031.04,Flagship store,Home and kitchen,Academic
32456470057,267965,13-12-2012,12,5,5,1262,662.55,6972.55,TeleShop,Books,Academic
26730094001,268057,13-12-2012,11,6,5,778,408.45,4298.45,MBR,Home and kitchen,Children
11860741517,271111,13-12-2012,8,3,4,1311,550.62,5794.62,e-Shop,Electronics,Personal Appliances
36837407334,270553,13-12-2012,1,2,4,1120,470.4,4950.4,Flagship store,Footwear,Women
8047741347,272031,13-12-2012,8,3,-1,-575,60.375,-635.375,Flagship store,Electronics,Personal Appliances
55686570946,272721,13-12-2012,1,2,1,127,13.335,140.335,e-Shop,Footwear,Women
31439424233,268840,13-12-2012,4,2,4,173,72.66,764.66,Flagship store,Footwear,Mens
8574754540,272427,13-12-2012,12,5,2,177,37.17,391.17,Flagship store,Books,Academic
82024681435,269474,13-12-2012,5,3,5,762,400.05,4210.05,TeleShop,Electronics,Computers
85188960837,271098,13-12-2012,10,5,2,866,181.86,1913.86,MBR,Books,Audio and video
99727020665,269844,13-12-2012,10,3,4,405,170.1,1790.1,MBR,Electronics,Audio and video
87888257954,272436,13-12-2012,4,1,-3,-720,226.8,-2386.8,MBR,Clothing,Mens
66897276016,275224,13-12-2012,11,6,3,209,65.835,692.835,Flagship store,Home and kitchen,Children
95600862645,274518,13-12-2012,6,5,2,337,70.77,744.77,TeleShop,Books,DIY
99335419136,268755,13-12-2012,1,1,3,1181,372.015,3915.015,e-Shop,Clothing,Women
66191296837,269211,13-12-2012,6,5,3,1434,451.71,4753.71,Flagship store,Books,DIY
78180764480,273216,13-12-2012,1,2,2,419,87.99,925.99,e-Shop,Footwear,Women
76605115832,268793,13-12-2012,4,2,2,165,34.65,364.65,TeleShop,Footwear,Mens
48316791140,269472,12/12/2012,10,6,5,1417,743.925,7828.925,e-Shop,Home and kitchen,Audio and video
12510202640,270272,12/12/2012,4,3,1,711,74.655,785.655,Flagship store,Electronics,Mens
34655633329,272752,12/12/2012,11,6,3,651,205.065,2158.065,TeleShop,Home and kitchen,Children
42330890292,267323,12/12/2012,10,6,1,1056,110.88,1166.88,TeleShop,Home and kitchen,Audio and video
36359293391,273398,12/12/2012,5,3,4,1280,537.6,5657.6,e-Shop,Electronics,Computers
37550866191,274494,12/12/2012,3,2,3,434,136.71,1438.71,Flagship store,Footwear,Kids
29458354783,273355,12/12/2012,2,6,1,302,31.71,333.71,MBR,Home and kitchen,Furnishing
26057590664,269561,12/12/2012,3,2,2,685,143.85,1513.85,Flagship store,Footwear,Kids
51887955411,268878,12/12/2012,10,5,2,1068,224.28,2360.28,Flagship store,Books,Audio and video
13035461830,269241,12/12/2012,4,3,2,947,198.87,2092.87,e-Shop,Electronics,Mens
5923323174,268736,12/12/2012,4,1,3,1344,423.36,4455.36,MBR,Clothing,Mens
13902328309,271049,12/12/2012,10,5,1,640,67.2,707.2,Flagship store,Books,Audio and video
17637561610,269750,12/12/2012,1,4,5,1196,627.9,6607.9,TeleShop,Bags,Women
3034474030,270494,12/12/2012,5,3,2,1164,244.44,2572.44,Flagship store,Electronics,Computers
85260341989,273273,12/12/2012,7,5,-4,-410,172.2,-1812.2,TeleShop,Books,Fiction
95109624339,272430,12/12/2012,1,2,3,677,213.255,2244.255,TeleShop,Footwear,Women
99101251799,273053,12/12/2012,9,3,2,1352,283.92,2987.92,e-Shop,Electronics,Cameras
74392407470,269142,12/12/2012,5,3,3,649,204.435,2151.435,e-Shop,Electronics,Computers
76543259532,274679,12/12/2012,2,6,3,1346,423.99,4461.99,MBR,Home and kitchen,Furnishing
98756670093,270119,12/12/2012,3,2,5,880,462,4862,e-Shop,Footwear,Kids
62791723506,270692,11/12/2012,11,5,3,1411,444.465,4677.465,Flagship store,Books,Children
9182731170,272756,11/12/2012,11,6,5,451,236.775,2491.775,e-Shop,Home and kitchen,Children
10145380679,275181,11/12/2012,3,1,3,1361,428.715,4511.715,e-Shop,Clothing,Kids
34492372079,268383,11/12/2012,1,4,5,1247,654.675,6889.675,e-Shop,Bags,Women
45200059653,272155,11/12/2012,4,4,3,578,182.07,1916.07,MBR,Bags,Mens
5858502660,272521,11/12/2012,12,6,1,513,53.865,566.865,Flagship store,Home and kitchen,Academic
847032416,266830,11/12/2012,12,6,5,1444,758.1,7978.1,TeleShop,Home and kitchen,Academic
90979277957,272096,11/12/2012,4,4,2,99,20.79,218.79,e-Shop,Bags,Mens
94301547372,269618,11/12/2012,1,4,5,274,143.85,1513.85,e-Shop,Bags,Women
88328324270,272513,11/12/2012,10,3,1,953,100.065,1053.065,TeleShop,Electronics,Audio and video
86335099745,268589,11/12/2012,5,3,1,1233,129.465,1362.465,MBR,Electronics,Computers
89978391377,268672,11/12/2012,11,6,-3,-159,50.085,-527.085,Flagship store,Home and kitchen,Children
80771562218,270285,11/12/2012,8,3,-3,-147,46.305,-487.305,TeleShop,Electronics,Personal Appliances
85260341989,273273,11/12/2012,7,5,4,410,172.2,1812.2,TeleShop,Books,Fiction
91278356832,269387,11/12/2012,9,3,2,802,168.42,1772.42,TeleShop,Electronics,Cameras
82509189554,272996,11/12/2012,9,3,3,1282,403.83,4249.83,e-Shop,Electronics,Cameras
99987549630,268590,11/12/2012,12,5,5,1268,665.7,7005.7,e-Shop,Books,Academic
85425994077,275018,11/12/2012,4,2,3,1023,322.245,3391.245,e-Shop,Footwear,Mens
82268632333,273444,11/12/2012,10,6,4,289,121.38,1277.38,e-Shop,Home and kitchen,Audio and video
1583849791,268502,10/12/2012,3,1,3,468,147.42,1551.42,MBR,Clothing,Kids
1103283476,272436,10/12/2012,4,3,-3,-629,198.135,-2085.135,e-Shop,Electronics,Mens
42282586611,267485,10/12/2012,12,5,2,1239,260.19,2738.19,e-Shop,Books,Academic
9478137718,269984,10/12/2012,3,5,2,774,162.54,1710.54,TeleShop,Books,Kids
36721518168,268847,10/12/2012,12,6,5,900,472.5,4972.5,e-Shop,Home and kitchen,Academic
34240186691,267092,10/12/2012,10,6,3,645,203.175,2138.175,e-Shop,Home and kitchen,Audio and video
32560370083,268246,10/12/2012,10,6,5,1312,688.8,7248.8,Flagship store,Home and kitchen,Audio and video
61953937371,270775,10/12/2012,4,3,4,666,279.72,2943.72,TeleShop,Electronics,Mens
56649164923,268772,10/12/2012,9,3,3,253,79.695,838.695,TeleShop,Electronics,Cameras
247315596,270372,10/12/2012,1,2,2,364,76.44,804.44,e-Shop,Footwear,Women
56886611099,274661,10/12/2012,11,5,-2,-1106,232.26,-2444.26,e-Shop,Books,Children
29149746254,273502,10/12/2012,4,1,2,255,53.55,563.55,e-Shop,Clothing,Mens
37483605169,267466,10/12/2012,4,2,2,561,117.81,1239.81,TeleShop,Footwear,Mens
50883378535,269925,10/12/2012,12,5,3,681,214.515,2257.515,MBR,Books,Academic
22304689264,274728,10/12/2012,11,6,3,94,29.61,311.61,MBR,Home and kitchen,Children
84477771682,274478,10/12/2012,4,1,1,226,23.73,249.73,e-Shop,Clothing,Mens
84678306399,271764,10/12/2012,3,1,1,440,46.2,486.2,MBR,Clothing,Kids
69745762075,268151,10/12/2012,5,3,1,211,22.155,233.155,e-Shop,Electronics,Computers
78270043541,270296,10/12/2012,2,6,2,392,82.32,866.32,MBR,Home and kitchen,Furnishing
91864813075,273490,10/12/2012,3,5,3,634,199.71,2101.71,TeleShop,Books,Kids
71562378665,271498,10/12/2012,2,6,2,641,134.61,1416.61,Flagship store,Home and kitchen,Furnishing
84760427365,267422,10/12/2012,10,5,2,1317,276.57,2910.57,Flagship store,Books,Audio and video
86155179934,269091,10/12/2012,1,4,4,584,245.28,2581.28,TeleShop,Bags,Women
98216506141,273875,10/12/2012,2,6,5,1156,606.9,6386.9,TeleShop,Home and kitchen,Furnishing
76554803696,274115,10/12/2012,12,6,3,541,170.415,1793.415,e-Shop,Home and kitchen,Academic
89878538119,269422,10/12/2012,9,3,4,442,185.64,1953.64,e-Shop,Electronics,Cameras
71611533739,270965,10/12/2012,12,5,2,1217,255.57,2689.57,MBR,Books,Academic
78610556490,273311,10/12/2012,4,1,4,235,98.7,1038.7,e-Shop,Clothing,Mens
38158395533,273356,9/12/2012,12,6,2,943,198.03,2084.03,MBR,Home and kitchen,Academic
60330680027,272299,9/12/2012,12,5,1,348,36.54,384.54,e-Shop,Books,Academic
38532459806,275052,9/12/2012,4,4,1,159,16.695,175.695,MBR,Bags,Mens
32382374672,272773,9/12/2012,11,6,5,89,46.725,491.725,MBR,Home and kitchen,Children
37966257763,267475,9/12/2012,12,6,4,971,407.82,4291.82,TeleShop,Home and kitchen,Academic
97709452187,273684,9/12/2012,4,3,2,1143,240.03,2526.03,e-Shop,Electronics,Mens
87888257954,272436,9/12/2012,4,1,3,720,226.8,2386.8,MBR,Clothing,Mens
76147851229,269003,9/12/2012,1,1,5,678,355.95,3745.95,e-Shop,Clothing,Women
14815508190,272874,8/12/2012,1,4,3,339,106.785,1123.785,e-Shop,Bags,Women
18482151426,269054,8/12/2012,4,3,4,1203,505.26,5317.26,e-Shop,Electronics,Mens
40436907024,268704,8/12/2012,4,2,5,240,126,1326,e-Shop,Footwear,Mens
20018340168,272920,8/12/2012,12,6,-5,-1308,686.7,-7226.7,e-Shop,Home and kitchen,Academic
35235470917,274748,8/12/2012,7,5,5,692,363.3,3823.3,MBR,Books,Fiction
55045924800,269194,8/12/2012,11,6,5,1217,638.925,6723.925,e-Shop,Home and kitchen,Children
7048924015,267638,8/12/2012,3,5,-2,-1188,249.48,-2625.48,TeleShop,Books,Kids
25956499717,267671,8/12/2012,10,6,-5,-674,353.85,-3723.85,e-Shop,Home and kitchen,Audio and video
3307691975,267337,8/12/2012,5,3,5,1344,705.6,7425.6,Flagship store,Electronics,Computers
9632466478,273278,8/12/2012,8,3,1,1055,110.775,1165.775,MBR,Electronics,Personal Appliances
26058441084,271781,8/12/2012,10,5,5,553,290.325,3055.325,MBR,Books,Audio and video
84497534435,273799,8/12/2012,4,2,1,1467,154.035,1621.035,e-Shop,Footwear,Mens
72970653437,269747,8/12/2012,4,4,1,612,64.26,676.26,TeleShop,Bags,Mens
99831060562,274223,8/12/2012,9,3,4,100,42,442,Flagship store,Electronics,Cameras
76877980037,268994,8/12/2012,10,5,4,694,291.48,3067.48,TeleShop,Books,Audio and video
82443789894,270933,8/12/2012,3,2,-3,-198,62.37,-656.37,e-Shop,Footwear,Kids
79756529471,268337,8/12/2012,4,4,3,71,22.365,235.365,MBR,Bags,Mens
70235992866,268830,8/12/2012,12,6,1,1340,140.7,1480.7,e-Shop,Home and kitchen,Academic
77337988287,274018,8/12/2012,1,1,3,461,145.215,1528.215,TeleShop,Clothing,Women
97690499211,268770,8/12/2012,4,3,1,1271,133.455,1404.455,e-Shop,Electronics,Mens
77260944169,272503,8/12/2012,11,6,4,1473,618.66,6510.66,e-Shop,Home and kitchen,Children
11200936689,272568,7/12/2012,4,1,2,1297,272.37,2866.37,e-Shop,Clothing,Mens
19990737997,268021,7/12/2012,11,5,-4,-1410,592.2,-6232.2,e-Shop,Books,Children
17419737277,266998,7/12/2012,4,3,5,866,454.65,4784.65,e-Shop,Electronics,Mens
5620222276,269911,7/12/2012,11,6,2,645,135.45,1425.45,MBR,Home and kitchen,Children
23891925807,270448,7/12/2012,3,2,1,1471,154.455,1625.455,e-Shop,Footwear,Kids
25401521164,269645,7/12/2012,12,5,3,1175,370.125,3895.125,Flagship store,Books,Academic
8047741347,272031,7/12/2012,8,3,1,575,60.375,635.375,Flagship store,Electronics,Personal Appliances
26888101459,274480,7/12/2012,10,5,4,240,100.8,1060.8,e-Shop,Books,Audio and video
59376732657,269269,7/12/2012,7,5,5,1390,729.75,7679.75,Flagship store,Books,Fiction
30158928477,273551,7/12/2012,3,1,3,1148,361.62,3805.62,Flagship store,Clothing,Kids
20458160974,268538,7/12/2012,1,1,5,653,342.825,3607.825,e-Shop,Clothing,Women
56384325220,270951,7/12/2012,3,2,-2,-907,190.47,-2004.47,TeleShop,Footwear,Kids
79591058164,267097,7/12/2012,3,5,2,1311,275.31,2897.31,e-Shop,Books,Kids
81942353822,273929,7/12/2012,9,3,3,1325,417.375,4392.375,e-Shop,Electronics,Cameras
88247306632,273213,7/12/2012,11,6,4,191,80.22,844.22,e-Shop,Home and kitchen,Children
92833942389,269310,7/12/2012,12,5,1,300,31.5,331.5,MBR,Books,Academic
82725691148,271987,7/12/2012,1,2,5,495,259.875,2734.875,e-Shop,Footwear,Women
87920416033,267784,7/12/2012,1,1,1,704,73.92,777.92,MBR,Clothing,Women
60730603020,270091,6/12/2012,1,1,5,204,107.1,1127.1,TeleShop,Clothing,Women
31599631905,270598,6/12/2012,4,2,-1,-169,17.745,-186.745,Flagship store,Footwear,Mens
50642637306,267257,6/12/2012,4,1,3,1462,460.53,4846.53,e-Shop,Clothing,Mens
48674936597,272699,6/12/2012,10,3,5,287,150.675,1585.675,TeleShop,Electronics,Audio and video
54727929487,269695,6/12/2012,12,5,-3,-1020,321.3,-3381.3,e-Shop,Books,Academic
20942215090,268392,6/12/2012,2,6,4,815,342.3,3602.3,Flagship store,Home and kitchen,Furnishing
34114917134,268837,6/12/2012,3,2,2,480,100.8,1060.8,e-Shop,Footwear,Kids
10102016403,274687,6/12/2012,4,3,2,572,120.12,1264.12,TeleShop,Electronics,Mens
18099061377,274952,6/12/2012,2,6,5,960,504,5304,e-Shop,Home and kitchen,Furnishing
39916083860,268039,6/12/2012,6,5,3,278,87.57,921.57,e-Shop,Books,DIY
16655821153,270562,6/12/2012,10,5,4,1300,546,5746,MBR,Books,Audio and video
28612670846,271092,6/12/2012,10,3,1,985,103.425,1088.425,MBR,Electronics,Audio and video
72870923847,268046,6/12/2012,4,2,2,1447,303.87,3197.87,e-Shop,Footwear,Mens
99392215682,270860,6/12/2012,4,2,4,429,180.18,1896.18,Flagship store,Footwear,Mens
67309357383,275019,6/12/2012,3,5,5,1166,612.15,6442.15,Flagship store,Books,Kids
38827805815,270425,5/12/2012,3,5,3,1164,366.66,3858.66,TeleShop,Books,Kids
55416820329,273353,5/12/2012,4,1,5,115,60.375,635.375,e-Shop,Clothing,Mens
15192211847,274049,5/12/2012,1,2,1,1088,114.24,1202.24,TeleShop,Footwear,Women
11525777896,270473,5/12/2012,4,4,5,1420,745.5,7845.5,MBR,Bags,Mens
56384325220,270951,5/12/2012,3,2,2,907,190.47,2004.47,TeleShop,Footwear,Kids
14145864488,273240,5/12/2012,7,5,4,592,248.64,2616.64,e-Shop,Books,Fiction
10652189631,267240,5/12/2012,1,2,1,1269,133.245,1402.245,TeleShop,Footwear,Women
47319851952,269881,5/12/2012,2,6,5,1115,585.375,6160.375,MBR,Home and kitchen,Furnishing
19393843786,268137,5/12/2012,11,6,-5,-213,111.825,-1176.825,e-Shop,Home and kitchen,Children
42762570002,269947,5/12/2012,10,6,5,482,253.05,2663.05,TeleShop,Home and kitchen,Audio and video
80771562218,270285,5/12/2012,8,3,3,147,46.305,487.305,TeleShop,Electronics,Personal Appliances
96344334679,274789,5/12/2012,12,6,3,1493,470.295,4949.295,e-Shop,Home and kitchen,Academic
71485838232,266806,5/12/2012,4,4,5,588,308.7,3248.7,Flagship store,Bags,Mens
67877237656,274770,5/12/2012,5,3,3,480,151.2,1591.2,Flagship store,Electronics,Computers
95759534619,268643,5/12/2012,5,3,2,584,122.64,1290.64,MBR,Electronics,Computers
64714373384,267488,5/12/2012,4,1,3,1208,380.52,4004.52,e-Shop,Clothing,Mens
96247253460,271794,5/12/2012,12,6,3,1290,406.35,4276.35,MBR,Home and kitchen,Academic
8422252533,268046,4/12/2012,4,2,4,991,416.22,4380.22,e-Shop,Footwear,Mens
36310127403,266784,4/12/2012,4,3,2,200,42,442,Flagship store,Electronics,Mens
10252531646,272558,4/12/2012,12,6,-5,-111,58.275,-613.275,e-Shop,Home and kitchen,Academic
6291931794,269332,4/12/2012,3,2,5,225,118.125,1243.125,e-Shop,Footwear,Kids
45670412707,269532,4/12/2012,4,2,4,929,390.18,4106.18,TeleShop,Footwear,Mens
6281231949,271538,4/12/2012,11,5,4,1190,499.8,5259.8,e-Shop,Books,Children
17417884159,269795,4/12/2012,10,6,5,1119,587.475,6182.475,Flagship store,Home and kitchen,Audio and video
15427360387,273757,4/12/2012,6,5,3,543,171.045,1800.045,MBR,Books,DIY
40200514095,272648,4/12/2012,10,6,5,457,239.925,2524.925,MBR,Home and kitchen,Audio and video
38152484549,267245,4/12/2012,4,1,1,974,102.27,1076.27,MBR,Clothing,Mens
51076385384,271153,4/12/2012,7,5,1,473,49.665,522.665,e-Shop,Books,Fiction
45171358669,267926,4/12/2012,7,5,1,743,78.015,821.015,e-Shop,Books,Fiction
82131936512,269445,4/12/2012,1,4,4,737,309.54,3257.54,TeleShop,Bags,Women
69507872184,272632,4/12/2012,11,6,2,354,74.34,782.34,Flagship store,Home and kitchen,Children
67406278815,270141,4/12/2012,3,2,3,76,23.94,251.94,e-Shop,Footwear,Kids
84707083328,273114,4/12/2012,4,4,1,725,76.125,801.125,e-Shop,Bags,Mens
70138399471,271567,4/12/2012,4,3,4,800,336,3536,Flagship store,Electronics,Mens
60702677150,272055,3/12/2012,3,1,5,1097,575.925,6060.925,MBR,Clothing,Kids
48287586019,275035,3/12/2012,11,6,3,733,230.895,2429.895,e-Shop,Home and kitchen,Children
43004601919,270261,3/12/2012,5,3,4,1081,454.02,4778.02,e-Shop,Electronics,Computers
26513784883,273359,3/12/2012,7,5,1,614,64.47,678.47,TeleShop,Books,Fiction
36160891673,271601,3/12/2012,2,6,3,1321,416.115,4379.115,e-Shop,Home and kitchen,Furnishing
5284309749,268453,3/12/2012,3,2,-1,-112,11.76,-123.76,MBR,Footwear,Kids
1840495442,268384,3/12/2012,3,1,4,1264,530.88,5586.88,MBR,Clothing,Kids
56886611099,274661,3/12/2012,11,5,2,1106,232.26,2444.26,e-Shop,Books,Children
55901312251,271661,3/12/2012,10,3,4,527,221.34,2329.34,TeleShop,Electronics,Audio and video
47637276063,269624,3/12/2012,6,5,4,824,346.08,3642.08,MBR,Books,DIY
20452195864,269252,3/12/2012,3,1,2,106,22.26,234.26,Flagship store,Clothing,Kids
54727929487,269695,3/12/2012,12,5,3,1020,321.3,3381.3,e-Shop,Books,Academic
28260825055,270751,3/12/2012,9,3,3,260,81.9,861.9,Flagship store,Electronics,Cameras
7251050773,267374,3/12/2012,5,3,3,546,171.99,1809.99,Flagship store,Electronics,Computers
19844663567,270338,3/12/2012,3,2,1,359,37.695,396.695,TeleShop,Footwear,Kids
19990737997,268021,3/12/2012,11,5,4,1410,592.2,6232.2,e-Shop,Books,Children
4204922802,272260,3/12/2012,5,3,3,1329,418.635,4405.635,TeleShop,Electronics,Computers
85629691446,270151,3/12/2012,11,6,1,846,88.83,934.83,MBR,Home and kitchen,Children
82533988351,274302,3/12/2012,4,4,1,294,30.87,324.87,e-Shop,Bags,Mens
63382763980,275060,3/12/2012,10,5,2,207,43.47,457.47,e-Shop,Books,Audio and video
85136965683,267815,3/12/2012,6,5,1,1161,121.905,1282.905,e-Shop,Books,DIY
86434940294,272415,3/12/2012,8,3,5,726,381.15,4011.15,e-Shop,Electronics,Personal Appliances
77611732906,272702,3/12/2012,11,5,2,552,115.92,1219.92,Flagship store,Books,Children
91244240442,266864,3/12/2012,3,2,-5,-494,259.35,-2729.35,e-Shop,Footwear,Kids
69200473551,268021,3/12/2012,10,5,5,922,484.05,5094.05,e-Shop,Books,Audio and video
37572082672,267379,2/12/2012,5,3,2,152,31.92,335.92,Flagship store,Electronics,Computers
12410240948,270571,2/12/2012,3,2,4,709,297.78,3133.78,MBR,Footwear,Kids
17496582725,268931,2/12/2012,10,3,3,1376,433.44,4561.44,e-Shop,Electronics,Audio and video
54182774254,271160,2/12/2012,1,4,3,1481,466.515,4909.515,MBR,Bags,Women
41351413673,271524,2/12/2012,9,3,3,955,300.825,3165.825,e-Shop,Electronics,Cameras
21038009286,274329,2/12/2012,9,3,-1,-1122,117.81,-1239.81,Flagship store,Electronics,Cameras
41432682433,270399,2/12/2012,12,6,5,435,228.375,2403.375,e-Shop,Home and kitchen,Academic
12573678495,268639,2/12/2012,4,1,2,733,153.93,1619.93,e-Shop,Clothing,Mens
62862978980,267113,2/12/2012,8,3,-2,-796,167.16,-1759.16,Flagship store,Electronics,Personal Appliances
38285926758,274854,2/12/2012,10,3,4,514,215.88,2271.88,e-Shop,Electronics,Audio and video
51479611913,271311,2/12/2012,3,5,2,303,63.63,669.63,MBR,Books,Kids
56150556323,268639,2/12/2012,9,3,2,305,64.05,674.05,e-Shop,Electronics,Cameras
53662543537,269063,2/12/2012,7,5,2,354,74.34,782.34,e-Shop,Books,Fiction
16593556243,274449,2/12/2012,1,1,4,1025,430.5,4530.5,Flagship store,Clothing,Women
1103283476,272436,2/12/2012,4,3,3,629,198.135,2085.135,e-Shop,Electronics,Mens
17197023592,267402,2/12/2012,10,6,4,295,123.9,1303.9,e-Shop,Home and kitchen,Audio and video
82021502483,269330,2/12/2012,12,6,1,1068,112.14,1180.14,Flagship store,Home and kitchen,Academic
64844857891,270740,2/12/2012,1,4,-4,-733,307.86,-3239.86,e-Shop,Bags,Women
91835476092,269423,2/12/2012,4,3,1,307,32.235,339.235,e-Shop,Electronics,Mens
95181453518,269789,2/12/2012,4,1,3,413,130.095,1369.095,e-Shop,Clothing,Mens
74899069065,275208,2/12/2012,4,4,-2,-531,111.51,-1173.51,e-Shop,Bags,Mens
84072470439,273936,2/12/2012,1,4,3,1293,407.295,4286.295,e-Shop,Bags,Women
87182388672,270402,2/12/2012,8,3,-5,-641,336.525,-3541.525,e-Shop,Electronics,Personal Appliances
94600027515,272395,2/12/2012,3,1,4,1290,541.8,5701.8,Flagship store,Clothing,Kids
89978391377,268672,2/12/2012,11,6,3,159,50.085,527.085,Flagship store,Home and kitchen,Children
68133158092,274055,2/12/2012,1,1,4,1134,476.28,5012.28,TeleShop,Clothing,Women
94010145091,273352,2/12/2012,8,3,4,1305,548.1,5768.1,TeleShop,Electronics,Personal Appliances
86931316000,274984,2/12/2012,7,5,5,714,374.85,3944.85,TeleShop,Books,Fiction
28131926698,267745,1/12/2012,9,3,3,192,60.48,636.48,Flagship store,Electronics,Cameras
611744712,271825,1/12/2012,10,3,2,1498,314.58,3310.58,e-Shop,Electronics,Audio and video
38785914444,269257,1/12/2012,4,1,5,653,342.825,3607.825,Flagship store,Clothing,Mens
62882990070,267867,1/12/2012,1,4,5,217,113.925,1198.925,TeleShop,Bags,Women
24344788054,274562,1/12/2012,1,1,2,98,20.58,216.58,e-Shop,Clothing,Women
25956499717,267671,1/12/2012,10,6,5,674,353.85,3723.85,e-Shop,Home and kitchen,Audio and video
56830049898,270279,1/12/2012,9,3,2,1118,234.78,2470.78,TeleShop,Electronics,Cameras
35485263148,274587,1/12/2012,7,5,1,894,93.87,987.87,TeleShop,Books,Fiction
20018340168,272920,1/12/2012,12,6,5,1308,686.7,7226.7,e-Shop,Home and kitchen,Academic
7048924015,267638,1/12/2012,3,5,2,1188,249.48,2625.48,TeleShop,Books,Kids
19953076460,272504,1/12/2012,3,5,1,637,66.885,703.885,e-Shop,Books,Kids
35387444483,269606,1/12/2012,2,6,3,543,171.045,1800.045,e-Shop,Home and kitchen,Furnishing
52322579444,274348,1/12/2012,11,5,5,1196,627.9,6607.9,TeleShop,Books,Children
53440325819,271380,1/12/2012,1,2,1,577,60.585,637.585,e-Shop,Footwear,Women
82443789894,270933,1/12/2012,3,2,3,198,62.37,656.37,e-Shop,Footwear,Kids
64844857891,270740,1/12/2012,1,4,-4,-733,307.86,-3239.86,e-Shop,Bags,Women
74270166261,275086,1/12/2012,10,5,1,473,49.665,522.665,MBR,Books,Audio and video
96048042976,270770,1/12/2012,1,1,-5,-1027,539.175,-5674.175,MBR,Clothing,Women
77237456563,272450,1/12/2012,6,5,5,205,107.625,1132.625,MBR,Books,DIY
73368028406,273995,1/12/2012,8,3,5,278,145.95,1535.95,e-Shop,Electronics,Personal Appliances
79798737628,275048,1/12/2012,3,1,5,1161,609.525,6414.525,MBR,Clothing,Kids
64686458283,270022,1/12/2012,10,3,3,672,211.68,2227.68,Flagship store,Electronics,Audio and video
65703117820,268092,1/12/2012,1,4,3,1224,385.56,4057.56,e-Shop,Bags,Women
69055790067,270541,1/12/2012,10,5,5,1461,767.025,8072.025,Flagship store,Books,Audio and video
92854549710,270718,1/12/2012,4,2,3,581,183.015,1926.015,MBR,Footwear,Mens
9998632016,269940,30-11-2012,7,5,5,661,347.025,3652.025,TeleShop,Books,Fiction
10875963158,270481,30-11-2012,4,2,2,1096,230.16,2422.16,TeleShop,Footwear,Mens
23850373226,271073,30-11-2012,1,1,3,191,60.165,633.165,e-Shop,Clothing,Women
48922526430,271137,30-11-2012,4,3,2,939,197.19,2075.19,e-Shop,Electronics,Mens
19697787670,274809,30-11-2012,3,1,5,1181,620.025,6525.025,Flagship store,Clothing,Kids
62862978980,267113,30-11-2012,8,3,2,796,167.16,1759.16,Flagship store,Electronics,Personal Appliances
24680703937,271888,30-11-2012,3,2,5,179,93.975,988.975,e-Shop,Footwear,Kids
55698364907,268928,30-11-2012,2,6,2,734,154.14,1622.14,e-Shop,Home and kitchen,Furnishing
56549483514,272582,30-11-2012,4,4,2,739,155.19,1633.19,e-Shop,Bags,Mens
2936843476,268535,30-11-2012,1,1,3,360,113.4,1193.4,Flagship store,Clothing,Women
18463014896,268300,30-11-2012,6,5,3,350,110.25,1160.25,e-Shop,Books,DIY
14656547634,275148,30-11-2012,11,5,5,494,259.35,2729.35,MBR,Books,Children
13271098036,272959,30-11-2012,12,6,2,1322,277.62,2921.62,e-Shop,Home and kitchen,Academic
34950398875,269134,30-11-2012,5,3,2,867,182.07,1916.07,MBR,Electronics,Computers
22956363366,267424,30-11-2012,3,5,-4,-180,75.6,-795.6,TeleShop,Books,Kids
73039917830,272759,30-11-2012,4,2,1,1248,131.04,1379.04,e-Shop,Footwear,Mens
64754588523,267237,30-11-2012,1,1,4,1339,562.38,5918.38,Flagship store,Clothing,Women
78246110733,269903,30-11-2012,7,5,5,659,345.975,3640.975,TeleShop,Books,Fiction
81231372378,270897,30-11-2012,4,1,-4,-151,63.42,-667.42,MBR,Clothing,Mens
72322367744,273909,30-11-2012,9,3,3,1471,463.365,4876.365,e-Shop,Electronics,Cameras
58723129443,270938,29-11-2012,2,6,1,1296,136.08,1432.08,e-Shop,Home and kitchen,Furnishing
2030825085,274449,29-11-2012,11,5,2,1142,239.82,2523.82,Flagship store,Books,Children
6539743061,270981,29-11-2012,1,1,4,358,150.36,1582.36,e-Shop,Clothing,Women
37619129523,269719,29-11-2012,3,1,4,920,386.4,4066.4,MBR,Clothing,Kids
45582584065,268211,29-11-2012,4,4,2,1007,211.47,2225.47,MBR,Bags,Mens
16247354886,274944,29-11-2012,1,1,2,617,129.57,1363.57,Flagship store,Clothing,Women
10252531646,272558,29-11-2012,12,6,-5,-111,58.275,-613.275,e-Shop,Home and kitchen,Academic
44057146157,273986,29-11-2012,4,1,4,1182,496.44,5224.44,e-Shop,Clothing,Mens
57554597665,272636,29-11-2012,10,3,1,649,68.145,717.145,e-Shop,Electronics,Audio and video
21343464583,269016,29-11-2012,7,5,4,320,134.4,1414.4,MBR,Books,Fiction
1311132963,271478,29-11-2012,5,3,5,1437,754.425,7939.425,e-Shop,Electronics,Computers
18901356400,271596,29-11-2012,3,1,2,315,66.15,696.15,Flagship store,Clothing,Kids
53734637020,268384,29-11-2012,7,5,4,1198,503.16,5295.16,e-Shop,Books,Fiction
30441239289,271236,29-11-2012,6,5,3,648,204.12,2148.12,Flagship store,Books,DIY
58948493591,273017,29-11-2012,7,5,2,486,102.06,1074.06,TeleShop,Books,Fiction
33589555963,270457,29-11-2012,3,2,1,756,79.38,835.38,e-Shop,Footwear,Kids
24361216885,267560,29-11-2012,3,5,1,814,85.47,899.47,TeleShop,Books,Kids
29004770737,267286,29-11-2012,2,6,-4,-71,29.82,-313.82,e-Shop,Home and kitchen,Furnishing
58781993929,269432,29-11-2012,12,5,3,680,214.2,2254.2,Flagship store,Books,Academic
93875538223,269021,29-11-2012,4,2,2,1065,223.65,2353.65,TeleShop,Footwear,Mens
81366794588,269767,29-11-2012,11,6,4,222,93.24,981.24,MBR,Home and kitchen,Children
78351929459,273364,29-11-2012,8,3,1,238,24.99,262.99,MBR,Electronics,Personal Appliances
77251864209,274868,29-11-2012,1,1,-3,-432,136.08,-1432.08,e-Shop,Clothing,Women
89569667888,273960,29-11-2012,11,5,5,1253,657.825,6922.825,e-Shop,Books,Children
96865058800,271418,29-11-2012,11,6,4,896,376.32,3960.32,e-Shop,Home and kitchen,Children
75910898318,273551,29-11-2012,4,1,5,1400,735,7735,TeleShop,Clothing,Mens
53346995856,268632,28-11-2012,10,6,2,938,196.98,2072.98,e-Shop,Home and kitchen,Audio and video
31599631905,270598,28-11-2012,4,2,1,169,17.745,186.745,Flagship store,Footwear,Mens
61726043991,270857,28-11-2012,5,3,1,1459,153.195,1612.195,MBR,Electronics,Computers
31861003025,271959,28-11-2012,6,5,-2,-1156,242.76,-2554.76,e-Shop,Books,DIY
28344336144,269802,28-11-2012,10,3,3,1307,411.705,4332.705,MBR,Electronics,Audio and video
38116528905,274938,28-11-2012,3,1,-1,-738,77.49,-815.49,e-Shop,Clothing,Kids
45334294128,272610,28-11-2012,10,6,5,568,298.2,3138.2,MBR,Home and kitchen,Audio and video
41507309055,274403,28-11-2012,3,1,4,904,379.68,3995.68,MBR,Clothing,Kids
22956363366,267424,28-11-2012,3,5,-4,-180,75.6,-795.6,TeleShop,Books,Kids
57047125791,274162,28-11-2012,1,2,3,1194,376.11,3958.11,TeleShop,Footwear,Women
28240331531,269683,28-11-2012,4,1,4,1386,582.12,6126.12,e-Shop,Clothing,Mens
42242932810,274984,28-11-2012,1,4,5,1315,690.375,7265.375,e-Shop,Bags,Women
36297251459,274163,28-11-2012,9,3,1,272,28.56,300.56,e-Shop,Electronics,Cameras
3664141133,270922,28-11-2012,4,4,3,1405,442.575,4657.575,e-Shop,Bags,Mens
65842704078,270254,28-11-2012,10,5,1,96,10.08,106.08,Flagship store,Books,Audio and video
79982528270,268687,28-11-2012,7,5,4,358,150.36,1582.36,TeleShop,Books,Fiction
97407723962,267483,28-11-2012,4,2,5,1043,547.575,5762.575,Flagship store,Footwear,Mens
71180578738,270328,28-11-2012,3,2,1,658,69.09,727.09,MBR,Footwear,Kids
80576562878,268041,28-11-2012,4,3,5,1290,677.25,7127.25,Flagship store,Electronics,Mens
96396382441,270317,28-11-2012,12,5,1,674,70.77,744.77,MBR,Books,Academic
1968540794,269607,27-11-2012,3,5,3,336,105.84,1113.84,TeleShop,Books,Kids
55531485540,269366,27-11-2012,10,5,3,513,161.595,1700.595,MBR,Books,Audio and video
37524677011,270280,27-11-2012,1,2,-2,-263,55.23,-581.23,MBR,Footwear,Women
31231179287,274027,27-11-2012,3,1,2,891,187.11,1969.11,e-Shop,Clothing,Kids
19393843786,268137,27-11-2012,11,6,5,213,111.825,1176.825,e-Shop,Home and kitchen,Children
22520569987,274398,27-11-2012,7,5,-1,-1233,129.465,-1362.465,e-Shop,Books,Fiction
2635825253,272104,27-11-2012,1,4,1,514,53.97,567.97,TeleShop,Bags,Women
62375781408,274941,27-11-2012,12,6,3,1131,356.265,3749.265,e-Shop,Home and kitchen,Academic
16326339057,271872,27-11-2012,3,5,5,1387,728.175,7663.175,MBR,Books,Kids
3336645666,266999,27-11-2012,8,3,3,1467,462.105,4863.105,MBR,Electronics,Personal Appliances
30370189753,267385,27-11-2012,3,5,2,1302,273.42,2877.42,e-Shop,Books,Kids
22240262566,274408,27-11-2012,10,6,1,1444,151.62,1595.62,Flagship store,Home and kitchen,Audio and video
23055407136,272300,27-11-2012,3,2,5,892,468.3,4928.3,Flagship store,Footwear,Kids
28612590604,269201,27-11-2012,10,5,5,77,40.425,425.425,Flagship store,Books,Audio and video
84965638789,268548,27-11-2012,3,1,4,1430,600.6,6320.6,Flagship store,Clothing,Kids
77920555295,271496,27-11-2012,6,5,1,1429,150.045,1579.045,Flagship store,Books,DIY
69899569258,274624,27-11-2012,7,5,2,1173,246.33,2592.33,TeleShop,Books,Fiction
90242176544,272655,27-11-2012,10,5,-2,-646,135.66,-1427.66,Flagship store,Books,Audio and video
95489094825,266794,27-11-2012,8,3,4,1043,438.06,4610.06,TeleShop,Electronics,Personal Appliances
64844857891,270740,27-11-2012,1,4,4,733,307.86,3239.86,e-Shop,Bags,Women
77251864209,274868,27-11-2012,1,1,3,432,136.08,1432.08,e-Shop,Clothing,Women
87182388672,270402,27-11-2012,8,3,5,641,336.525,3541.525,e-Shop,Electronics,Personal Appliances
93104455994,272726,27-11-2012,10,5,-2,-1334,280.14,-2948.14,e-Shop,Books,Audio and video
96186820926,275044,27-11-2012,9,3,2,145,30.45,320.45,e-Shop,Electronics,Cameras
2709160186,268649,26-11-2012,7,5,4,1247,523.74,5511.74,MBR,Books,Fiction
16467767253,267588,26-11-2012,4,1,2,160,33.6,353.6,e-Shop,Clothing,Mens
41871927728,272878,26-11-2012,10,3,2,81,17.01,179.01,e-Shop,Electronics,Audio and video
21038009286,274329,26-11-2012,9,3,1,1122,117.81,1239.81,Flagship store,Electronics,Cameras
47931517997,273119,26-11-2012,2,6,4,975,409.5,4309.5,MBR,Home and kitchen,Furnishing
21361995711,269196,26-11-2012,5,3,5,311,163.275,1718.275,e-Shop,Electronics,Computers
568284996,270262,26-11-2012,1,2,2,1056,221.76,2333.76,MBR,Footwear,Women
10252531646,272558,26-11-2012,12,6,5,111,58.275,613.275,e-Shop,Home and kitchen,Academic
9124752377,268627,26-11-2012,1,4,1,804,84.42,888.42,Flagship store,Bags,Women
68941005781,272017,26-11-2012,12,6,4,630,264.6,2784.6,TeleShop,Home and kitchen,Academic
90568834145,270743,26-11-2012,11,5,1,565,59.325,624.325,e-Shop,Books,Children
86226985426,267073,26-11-2012,1,2,1,1169,122.745,1291.745,e-Shop,Footwear,Women
44430957630,272194,25-11-2012,10,6,-5,-320,168,-1768,e-Shop,Home and kitchen,Audio and video
20858834066,267389,25-11-2012,12,5,3,1039,327.285,3444.285,Flagship store,Books,Academic
34356068212,267422,25-11-2012,12,6,4,702,294.84,3102.84,e-Shop,Home and kitchen,Academic
53323403802,270162,25-11-2012,10,5,4,697,292.74,3080.74,Flagship store,Books,Audio and video
52371886407,274175,25-11-2012,4,3,4,1376,577.92,6081.92,TeleShop,Electronics,Mens
25109576509,269390,25-11-2012,10,3,-5,-1059,555.975,-5850.975,e-Shop,Electronics,Audio and video
28652671986,274817,25-11-2012,7,5,5,1034,542.85,5712.85,e-Shop,Books,Fiction
21201868038,267669,25-11-2012,11,6,-1,-1031,108.255,-1139.255,MBR,Home and kitchen,Children
38116528905,274938,25-11-2012,3,1,1,738,77.49,815.49,e-Shop,Clothing,Kids
55439994920,270919,25-11-2012,1,4,2,210,44.1,464.1,TeleShop,Bags,Women
5284309749,268453,25-11-2012,3,2,1,112,11.76,123.76,MBR,Footwear,Kids
5161950385,272363,25-11-2012,3,2,3,308,97.02,1021.02,e-Shop,Footwear,Kids
7259667512,271055,25-11-2012,1,1,5,959,503.475,5298.475,e-Shop,Clothing,Women
19796971779,271364,25-11-2012,4,2,1,699,73.395,772.395,e-Shop,Footwear,Mens
78615268717,274171,25-11-2012,4,4,3,202,63.63,669.63,Flagship store,Bags,Mens
90069123309,267345,25-11-2012,1,2,3,368,115.92,1219.92,MBR,Footwear,Women
76289316816,267691,25-11-2012,11,6,4,629,264.18,2780.18,e-Shop,Home and kitchen,Children
82284250947,272209,25-11-2012,12,5,4,151,63.42,667.42,e-Shop,Books,Academic
93104455994,272726,25-11-2012,10,5,2,1334,280.14,2948.14,e-Shop,Books,Audio and video
66365553040,273371,25-11-2012,3,2,2,493,103.53,1089.53,TeleShop,Footwear,Kids
73691241481,273764,25-11-2012,11,5,5,1364,716.1,7536.1,TeleShop,Books,Children
86821234372,271846,25-11-2012,3,2,1,949,99.645,1048.645,e-Shop,Footwear,Kids
97207059751,275149,25-11-2012,2,6,1,683,71.715,754.715,TeleShop,Home and kitchen,Furnishing
91244240442,266864,25-11-2012,3,2,5,494,259.35,2729.35,e-Shop,Footwear,Kids
67146276195,273698,25-11-2012,12,6,4,602,252.84,2660.84,e-Shop,Home and kitchen,Academic
96912345806,268054,25-11-2012,4,1,5,1076,564.9,5944.9,TeleShop,Clothing,Mens
84276622804,269495,25-11-2012,4,4,1,913,95.865,1008.865,MBR,Bags,Mens
96889854564,269862,25-11-2012,3,5,-4,-1408,591.36,-6223.36,Flagship store,Books,Kids
65067386892,271356,25-11-2012,11,5,3,438,137.97,1451.97,Flagship store,Books,Children
82656525911,267499,25-11-2012,12,5,1,1186,124.53,1310.53,e-Shop,Books,Academic
74425051061,269484,25-11-2012,4,3,5,1308,686.7,7226.7,e-Shop,Electronics,Mens
83010591144,272259,25-11-2012,4,3,3,709,223.335,2350.335,TeleShop,Electronics,Mens
29850429786,271464,24-11-2012,4,3,1,835,87.675,922.675,TeleShop,Electronics,Mens
26893572687,275017,24-11-2012,9,3,3,1219,383.985,4040.985,Flagship store,Electronics,Cameras
50981244584,270677,24-11-2012,3,5,5,1208,634.2,6674.2,MBR,Books,Kids
55791597859,272791,24-11-2012,6,5,1,1166,122.43,1288.43,MBR,Books,DIY
60732583648,269734,24-11-2012,12,6,4,163,68.46,720.46,TeleShop,Home and kitchen,Academic
32784810411,267983,24-11-2012,10,3,5,851,446.775,4701.775,MBR,Electronics,Audio and video
7220823138,274365,24-11-2012,4,4,2,214,44.94,472.94,TeleShop,Bags,Mens
52043741991,274166,24-11-2012,11,5,2,523,109.83,1155.83,TeleShop,Books,Children
24429092532,272322,24-11-2012,9,3,5,766,402.15,4232.15,Flagship store,Electronics,Cameras
30033370048,269095,24-11-2012,5,3,5,496,260.4,2740.4,e-Shop,Electronics,Computers
61779349521,269891,24-11-2012,12,5,1,91,9.555,100.555,e-Shop,Books,Academic
74602434930,269337,24-11-2012,12,5,-4,-686,288.12,-3032.12,Flagship store,Books,Academic
89857079481,269471,24-11-2012,2,6,1,918,96.39,1014.39,e-Shop,Home and kitchen,Furnishing
90242176544,272655,24-11-2012,10,5,2,646,135.66,1427.66,Flagship store,Books,Audio and video
82547064232,272456,24-11-2012,6,5,4,76,31.92,335.92,MBR,Books,DIY
68939768998,273503,24-11-2012,4,1,4,319,133.98,1409.98,e-Shop,Clothing,Mens
65879495825,268908,24-11-2012,4,4,5,840,441,4641,MBR,Bags,Mens
91150943755,266960,24-11-2012,12,6,3,561,176.715,1859.715,e-Shop,Home and kitchen,Academic
19997161687,270060,23-11-2012,10,3,3,528,166.32,1750.32,e-Shop,Electronics,Audio and video
25327710099,267862,23-11-2012,8,3,5,1435,753.375,7928.375,e-Shop,Electronics,Personal Appliances
41592329778,268269,23-11-2012,10,6,1,1463,153.615,1616.615,TeleShop,Home and kitchen,Audio and video
9545752689,268334,23-11-2012,6,5,-4,-959,402.78,-4238.78,TeleShop,Books,DIY
51831253559,274554,23-11-2012,3,1,5,1254,658.35,6928.35,e-Shop,Clothing,Kids
29004770737,267286,23-11-2012,2,6,4,71,29.82,313.82,e-Shop,Home and kitchen,Furnishing
30788563406,274594,23-11-2012,10,6,4,521,218.82,2302.82,MBR,Home and kitchen,Audio and video
24710393288,272382,23-11-2012,2,6,4,1299,545.58,5741.58,TeleShop,Home and kitchen,Furnishing
22926221188,268832,23-11-2012,4,1,4,1104,463.68,4879.68,Flagship store,Clothing,Mens
8263893284,274769,23-11-2012,3,5,4,767,322.14,3390.14,MBR,Books,Kids
59114898575,271147,23-11-2012,12,6,3,412,129.78,1365.78,Flagship store,Home and kitchen,Academic
17186037396,270623,23-11-2012,11,6,5,272,142.8,1502.8,MBR,Home and kitchen,Children
87896859908,275123,23-11-2012,1,4,-1,-1380,144.9,-1524.9,MBR,Bags,Women
80568523948,272415,23-11-2012,10,3,-4,-1095,459.9,-4839.9,MBR,Electronics,Audio and video
91865608813,270880,23-11-2012,5,3,2,266,55.86,587.86,MBR,Electronics,Computers
68751067430,271014,23-11-2012,10,6,5,1275,669.375,7044.375,Flagship store,Home and kitchen,Audio and video
87374083720,274083,23-11-2012,12,6,5,319,167.475,1762.475,e-Shop,Home and kitchen,Academic
90229187167,269929,23-11-2012,11,6,-5,-589,309.225,-3254.225,MBR,Home and kitchen,Children
74262883294,272337,23-11-2012,11,6,1,1323,138.915,1461.915,Flagship store,Home and kitchen,Children
91472411263,271832,23-11-2012,11,6,1,1289,135.345,1424.345,MBR,Home and kitchen,Children
74899069065,275208,23-11-2012,4,4,2,531,111.51,1173.51,e-Shop,Bags,Mens
88156315704,267464,23-11-2012,4,2,2,721,151.41,1593.41,e-Shop,Footwear,Mens
96163819409,268255,23-11-2012,12,6,2,664,139.44,1467.44,Flagship store,Home and kitchen,Academic
86143475638,272038,23-11-2012,9,3,3,720,226.8,2386.8,e-Shop,Electronics,Cameras
22520569987,274398,22-11-2012,7,5,1,1233,129.465,1362.465,e-Shop,Books,Fiction
37076249567,272245,22-11-2012,11,5,4,1306,548.52,5772.52,MBR,Books,Children
10578313026,274978,22-11-2012,3,2,3,1163,366.345,3855.345,TeleShop,Footwear,Kids
20699156693,273004,22-11-2012,11,6,4,1166,489.72,5153.72,e-Shop,Home and kitchen,Children
16781768771,270496,22-11-2012,1,2,2,900,189,1989,MBR,Footwear,Women
10709960133,274066,22-11-2012,3,5,5,1496,785.4,8265.4,MBR,Books,Kids
31861003025,271959,22-11-2012,6,5,2,1156,242.76,2554.76,e-Shop,Books,DIY
45202752313,269750,22-11-2012,11,6,2,123,25.83,271.83,TeleShop,Home and kitchen,Children
44831670999,270060,22-11-2012,10,6,2,760,159.6,1679.6,Flagship store,Home and kitchen,Audio and video
22956363366,267424,22-11-2012,3,5,4,180,75.6,795.6,TeleShop,Books,Kids
3118415242,268223,22-11-2012,10,3,2,1418,297.78,3133.78,TeleShop,Electronics,Audio and video
43882548008,266817,22-11-2012,2,6,5,196,102.9,1082.9,MBR,Home and kitchen,Furnishing
55032993738,268992,22-11-2012,5,3,-5,-739,387.975,-4082.975,TeleShop,Electronics,Computers
67658034867,274129,22-11-2012,5,3,5,461,242.025,2547.025,e-Shop,Electronics,Computers
99800435671,275152,22-11-2012,4,4,5,842,442.05,4652.05,MBR,Bags,Mens
65308618000,274838,22-11-2012,12,6,5,632,331.8,3491.8,e-Shop,Home and kitchen,Academic
93292075056,269721,22-11-2012,8,3,3,618,194.67,2048.67,Flagship store,Electronics,Personal Appliances
95082302623,270146,22-11-2012,10,3,4,1119,469.98,4945.98,e-Shop,Electronics,Audio and video
68380808783,272680,22-11-2012,1,1,3,472,148.68,1564.68,Flagship store,Clothing,Women
69595872056,272447,22-11-2012,3,5,1,801,84.105,885.105,MBR,Books,Kids
76321721995,266815,22-11-2012,4,3,4,803,337.26,3549.26,e-Shop,Electronics,Mens
68207132902,269427,22-11-2012,7,5,1,665,69.825,734.825,MBR,Books,Fiction
81231372378,270897,22-11-2012,4,1,4,151,63.42,667.42,MBR,Clothing,Mens
64360900637,272648,22-11-2012,8,3,5,814,427.35,4497.35,e-Shop,Electronics,Personal Appliances
73947129790,272906,22-11-2012,5,3,-5,-421,221.025,-2326.025,TeleShop,Electronics,Computers
96048042976,270770,22-11-2012,1,1,5,1027,539.175,5674.175,MBR,Clothing,Women
53490734392,268952,21-11-2012,12,6,5,180,94.5,994.5,e-Shop,Home and kitchen,Academic
29453280564,270386,21-11-2012,8,3,2,1030,216.3,2276.3,Flagship store,Electronics,Personal Appliances
38547607150,268127,21-11-2012,10,6,3,174,54.81,576.81,Flagship store,Home and kitchen,Audio and video
55021341607,267512,21-11-2012,1,4,1,453,47.565,500.565,MBR,Bags,Women
33588503396,267053,21-11-2012,4,4,1,1493,156.765,1649.765,MBR,Bags,Mens
15538683791,267488,21-11-2012,1,2,5,1235,648.375,6823.375,e-Shop,Footwear,Women
58268320998,273912,21-11-2012,1,2,1,1495,156.975,1651.975,e-Shop,Footwear,Women
54800462375,271041,21-11-2012,12,6,5,634,332.85,3502.85,MBR,Home and kitchen,Academic
52046018767,274117,21-11-2012,3,2,5,303,159.075,1674.075,Flagship store,Footwear,Kids
41303236074,269350,21-11-2012,9,3,4,655,275.1,2895.1,e-Shop,Electronics,Cameras
61756853924,272401,21-11-2012,3,2,4,888,372.96,3924.96,Flagship store,Footwear,Kids
67181222533,272426,21-11-2012,1,2,2,559,117.39,1235.39,MBR,Footwear,Women
70150479124,272662,21-11-2012,3,5,4,355,149.1,1569.1,TeleShop,Books,Kids
95076943895,267637,21-11-2012,12,5,5,925,485.625,5110.625,MBR,Books,Academic
92974602385,274313,21-11-2012,3,1,2,394,82.74,870.74,MBR,Clothing,Kids
72406075320,271312,21-11-2012,3,2,4,159,66.78,702.78,TeleShop,Footwear,Kids
73481033187,267830,21-11-2012,4,3,5,1065,559.125,5884.125,Flagship store,Electronics,Mens
83330815681,270096,21-11-2012,7,5,4,185,77.7,817.7,MBR,Books,Fiction
16888501560,273901,20-11-2012,5,3,4,576,241.92,2545.92,MBR,Electronics,Computers
31167355873,270584,20-11-2012,10,5,5,1232,646.8,6806.8,TeleShop,Books,Audio and video
48192069680,267244,20-11-2012,4,3,3,578,182.07,1916.07,Flagship store,Electronics,Mens
55845332490,269010,20-11-2012,2,6,4,209,87.78,923.78,e-Shop,Home and kitchen,Furnishing
32259999730,267547,20-11-2012,5,3,4,620,260.4,2740.4,e-Shop,Electronics,Computers
21201868038,267669,20-11-2012,11,6,1,1031,108.255,1139.255,MBR,Home and kitchen,Children
29646943642,272846,20-11-2012,1,1,1,512,53.76,565.76,e-Shop,Clothing,Women
60790034990,269095,20-11-2012,7,5,4,791,332.22,3496.22,e-Shop,Books,Fiction
28737771127,269388,20-11-2012,11,5,5,1015,532.875,5607.875,Flagship store,Books,Children
2300510157,270695,20-11-2012,5,3,3,906,285.39,3003.39,TeleShop,Electronics,Computers
6405096672,271009,20-11-2012,11,6,-5,-123,64.575,-679.575,e-Shop,Home and kitchen,Children
7350897086,270310,20-11-2012,4,4,-3,-317,99.855,-1050.855,e-Shop,Bags,Mens
43580240786,269400,20-11-2012,10,5,3,285,89.775,944.775,e-Shop,Books,Audio and video
19927069400,274462,20-11-2012,9,3,3,626,197.19,2075.19,e-Shop,Electronics,Cameras
58523523276,269697,20-11-2012,3,1,2,1432,300.72,3164.72,Flagship store,Clothing,Kids
27558525331,273367,20-11-2012,4,4,4,749,314.58,3310.58,Flagship store,Bags,Mens
7692003383,273745,20-11-2012,4,1,4,670,281.4,2961.4,e-Shop,Clothing,Mens
67748756716,273367,20-11-2012,10,3,4,1151,483.42,5087.42,MBR,Electronics,Audio and video
63342201990,272773,20-11-2012,2,6,5,418,219.45,2309.45,MBR,Home and kitchen,Furnishing
90229187167,269929,20-11-2012,11,6,5,589,309.225,3254.225,MBR,Home and kitchen,Children
73030999002,270775,20-11-2012,6,5,4,1222,513.24,5401.24,e-Shop,Books,DIY
97003831209,269081,20-11-2012,10,5,3,1452,457.38,4813.38,Flagship store,Books,Audio and video
94786367523,269320,20-11-2012,12,5,3,1459,459.585,4836.585,MBR,Books,Academic
90902022499,270576,20-11-2012,4,1,2,1177,247.17,2601.17,e-Shop,Clothing,Mens
63788690793,271893,20-11-2012,11,5,-3,-347,109.305,-1150.305,e-Shop,Books,Children
74406777414,268246,20-11-2012,10,3,2,695,145.95,1535.95,TeleShop,Electronics,Audio and video
15119204082,269766,19-11-2012,12,5,4,592,248.64,2616.64,Flagship store,Books,Academic
21405692017,274593,19-11-2012,8,3,4,603,253.26,2665.26,TeleShop,Electronics,Personal Appliances
13435533884,274737,19-11-2012,1,2,1,921,96.705,1017.705,MBR,Footwear,Women
47159740897,268011,19-11-2012,12,5,5,1424,747.6,7867.6,e-Shop,Books,Academic
44430957630,272194,19-11-2012,10,6,5,320,168,1768,e-Shop,Home and kitchen,Audio and video
24921504416,267470,19-11-2012,1,2,1,1127,118.335,1245.335,MBR,Footwear,Women
20679220923,271274,19-11-2012,1,4,2,541,113.61,1195.61,MBR,Bags,Women
25109576509,269390,19-11-2012,10,3,5,1059,555.975,5850.975,e-Shop,Electronics,Audio and video
24292492236,267529,19-11-2012,11,5,5,976,512.4,5392.4,e-Shop,Books,Children
37191571894,270078,19-11-2012,1,1,1,639,67.095,706.095,MBR,Clothing,Women
25762805863,273524,19-11-2012,10,5,1,1401,147.105,1548.105,Flagship store,Books,Audio and video
44330791965,269694,19-11-2012,3,2,4,500,210,2210,e-Shop,Footwear,Kids
39635571936,272771,19-11-2012,10,6,4,776,325.92,3429.92,MBR,Home and kitchen,Audio and video
35525966352,269420,19-11-2012,12,6,3,1353,426.195,4485.195,TeleShop,Home and kitchen,Academic
32511506570,267714,19-11-2012,4,4,-5,-610,320.25,-3370.25,TeleShop,Bags,Mens
7199499669,271444,19-11-2012,3,1,2,618,129.78,1365.78,e-Shop,Clothing,Kids
20979791732,271388,19-11-2012,7,5,-3,-643,202.545,-2131.545,e-Shop,Books,Fiction
77502034763,267976,19-11-2012,1,2,4,1289,541.38,5697.38,TeleShop,Footwear,Women
90441513185,267979,19-11-2012,7,5,5,536,281.4,2961.4,Flagship store,Books,Fiction
99959918143,269373,19-11-2012,6,5,3,279,87.885,924.885,MBR,Books,DIY
84756046858,269705,19-11-2012,4,1,2,1432,300.72,3164.72,e-Shop,Clothing,Mens
97009074448,274232,19-11-2012,7,5,2,487,102.27,1076.27,MBR,Books,Fiction
78659146841,267188,19-11-2012,6,5,5,330,173.25,1823.25,Flagship store,Books,DIY
74602434930,269337,19-11-2012,12,5,4,686,288.12,3032.12,Flagship store,Books,Academic
63370265272,271493,19-11-2012,10,3,4,1292,542.64,5710.64,TeleShop,Electronics,Audio and video
89095982063,271606,19-11-2012,8,3,1,346,36.33,382.33,Flagship store,Electronics,Personal Appliances
63788690793,271893,19-11-2012,11,5,3,347,109.305,1150.305,e-Shop,Books,Children
65749175354,274029,19-11-2012,4,2,3,319,100.485,1057.485,MBR,Footwear,Mens
9062602615,270425,18-11-2012,10,6,5,526,276.15,2906.15,Flagship store,Home and kitchen,Audio and video
37663186463,271587,18-11-2012,4,4,1,881,92.505,973.505,TeleShop,Bags,Mens
36583097618,272690,18-11-2012,4,2,4,566,237.72,2501.72,e-Shop,Footwear,Mens
51649613761,270087,18-11-2012,7,5,1,428,44.94,472.94,TeleShop,Books,Fiction
59407054290,270394,18-11-2012,1,1,3,170,53.55,563.55,Flagship store,Clothing,Women
57903172225,273083,18-11-2012,11,6,1,1392,146.16,1538.16,e-Shop,Home and kitchen,Children
47785966630,274707,18-11-2012,3,1,5,1086,570.15,6000.15,MBR,Clothing,Kids
26420976239,272045,18-11-2012,6,5,1,120,12.6,132.6,Flagship store,Books,DIY
53345595900,269808,18-11-2012,3,1,1,307,32.235,339.235,e-Shop,Clothing,Kids
6648032300,272970,18-11-2012,1,4,3,767,241.605,2542.605,e-Shop,Bags,Women
59646462973,272545,18-11-2012,6,5,2,974,204.54,2152.54,TeleShop,Books,DIY
38793985207,271601,18-11-2012,6,5,3,92,28.98,304.98,Flagship store,Books,DIY
22878863175,270741,18-11-2012,2,6,4,608,255.36,2687.36,Flagship store,Home and kitchen,Furnishing
83405321482,272874,18-11-2012,2,6,4,1052,441.84,4649.84,TeleShop,Home and kitchen,Furnishing
89992431747,273181,18-11-2012,3,1,1,573,60.165,633.165,Flagship store,Clothing,Kids
93094847793,271345,18-11-2012,4,2,5,972,510.3,5370.3,TeleShop,Footwear,Mens
92169228421,267414,18-11-2012,4,3,3,1396,439.74,4627.74,Flagship store,Electronics,Mens
75212731837,267014,18-11-2012,6,5,3,1497,471.555,4962.555,TeleShop,Books,DIY
9928790467,271966,17-11-2012,10,6,3,83,26.145,275.145,Flagship store,Home and kitchen,Audio and video
22430564167,273113,17-11-2012,4,1,1,766,80.43,846.43,TeleShop,Clothing,Mens
58562902592,270703,17-11-2012,4,3,3,879,276.885,2913.885,e-Shop,Electronics,Mens
32511506570,267714,17-11-2012,4,4,5,610,320.25,3370.25,TeleShop,Bags,Mens
60642110666,267595,17-11-2012,8,3,2,1265,265.65,2795.65,e-Shop,Electronics,Personal Appliances
735818761,269074,17-11-2012,1,4,3,1352,425.88,4481.88,MBR,Bags,Women
37524677011,270280,17-11-2012,1,2,2,263,55.23,581.23,MBR,Footwear,Women
9545752689,268334,17-11-2012,6,5,4,959,402.78,4238.78,TeleShop,Books,DIY
22289688360,272847,17-11-2012,4,1,4,368,154.56,1626.56,Flagship store,Clothing,Mens
51306958226,273875,17-11-2012,4,2,2,398,83.58,879.58,e-Shop,Footwear,Mens
15006197400,268899,17-11-2012,1,1,4,618,259.56,2731.56,Flagship store,Clothing,Women
5561367392,274481,17-11-2012,4,3,2,938,196.98,2072.98,TeleShop,Electronics,Mens
44319380550,272438,17-11-2012,8,3,2,798,167.58,1763.58,MBR,Electronics,Personal Appliances
14410870841,268144,17-11-2012,2,6,5,1415,742.875,7817.875,TeleShop,Home and kitchen,Furnishing
60549703179,270111,17-11-2012,5,3,5,1256,659.4,6939.4,Flagship store,Electronics,Computers
53995334651,274655,17-11-2012,8,3,4,98,41.16,433.16,e-Shop,Electronics,Personal Appliances
31150169712,266950,17-11-2012,4,4,1,1431,150.255,1581.255,e-Shop,Bags,Mens
66822689790,272911,17-11-2012,4,1,3,260,81.9,861.9,e-Shop,Clothing,Mens
73947129790,272906,17-11-2012,5,3,5,421,221.025,2326.025,TeleShop,Electronics,Computers
79461431337,270821,17-11-2012,12,5,5,1497,785.925,8270.925,MBR,Books,Academic
80568523948,272415,17-11-2012,10,3,4,1095,459.9,4839.9,MBR,Electronics,Audio and video
77508007471,275192,17-11-2012,5,3,5,412,216.3,2276.3,Flagship store,Electronics,Computers
95268043690,271911,17-11-2012,11,6,3,1321,416.115,4379.115,MBR,Home and kitchen,Children
82424248401,272911,17-11-2012,4,3,1,1375,144.375,1519.375,e-Shop,Electronics,Mens
75219553611,269260,17-11-2012,5,3,1,964,101.22,1065.22,TeleShop,Electronics,Computers
92886387619,271501,17-11-2012,4,3,5,1349,708.225,7453.225,e-Shop,Electronics,Mens
63154727188,271102,17-11-2012,12,5,5,648,340.2,3580.2,TeleShop,Books,Academic
35344424798,267231,16-11-2012,10,5,1,1428,149.94,1577.94,e-Shop,Books,Audio and video
26954361724,271701,16-11-2012,12,5,4,413,173.46,1825.46,TeleShop,Books,Academic
37815414546,271029,16-11-2012,10,5,1,434,45.57,479.57,Flagship store,Books,Audio and video
27155145302,268898,16-11-2012,3,1,5,1294,679.35,7149.35,Flagship store,Clothing,Kids
19769088360,267338,16-11-2012,5,3,3,207,65.205,686.205,Flagship store,Electronics,Computers
47498567680,270292,16-11-2012,3,5,1,260,27.3,287.3,e-Shop,Books,Kids
8611362003,271498,16-11-2012,1,1,1,169,17.745,186.745,TeleShop,Clothing,Women
18803522694,273847,16-11-2012,1,2,3,883,278.145,2927.145,e-Shop,Footwear,Women
33293651063,269905,16-11-2012,10,6,2,1406,295.26,3107.26,MBR,Home and kitchen,Audio and video
51958445760,275122,16-11-2012,3,5,-5,-736,386.4,-4066.4,e-Shop,Books,Kids
10625209528,268806,16-11-2012,10,3,4,173,72.66,764.66,Flagship store,Electronics,Audio and video
31714758590,269736,16-11-2012,2,6,3,911,286.965,3019.965,TeleShop,Home and kitchen,Furnishing
15951192307,268589,16-11-2012,10,5,2,1457,305.97,3219.97,e-Shop,Books,Audio and video
37513866609,268657,16-11-2012,6,5,-4,-76,31.92,-335.92,e-Shop,Books,DIY
37292624628,274305,16-11-2012,5,3,2,1305,274.05,2884.05,e-Shop,Electronics,Computers
10205830974,269377,16-11-2012,1,2,1,365,38.325,403.325,e-Shop,Footwear,Women
91572898361,270105,16-11-2012,5,3,5,262,137.55,1447.55,TeleShop,Electronics,Computers
85766981444,272144,16-11-2012,5,3,4,1137,477.54,5025.54,MBR,Electronics,Computers
88255047490,273758,16-11-2012,4,3,-4,-857,359.94,-3787.94,e-Shop,Electronics,Mens
79627451737,268302,16-11-2012,4,4,5,159,83.475,878.475,e-Shop,Bags,Mens
93670831737,271668,16-11-2012,3,1,2,548,115.08,1211.08,MBR,Clothing,Kids
68245517488,271791,16-11-2012,4,4,4,1409,591.78,6227.78,e-Shop,Bags,Mens
95593657318,273403,16-11-2012,3,2,2,1175,246.75,2596.75,TeleShop,Footwear,Kids
50345458269,271338,15-11-2012,2,6,4,905,380.1,4000.1,TeleShop,Home and kitchen,Furnishing
24414693808,270123,15-11-2012,4,3,-4,-1077,452.34,-4760.34,Flagship store,Electronics,Mens
26326023111,273213,15-11-2012,10,3,-5,-982,515.55,-5425.55,MBR,Electronics,Audio and video
17824732276,271688,15-11-2012,4,3,1,387,40.635,427.635,e-Shop,Electronics,Mens
11234199364,267110,15-11-2012,12,6,1,1466,153.93,1619.93,Flagship store,Home and kitchen,Academic
28165177432,267671,15-11-2012,7,5,1,182,19.11,201.11,Flagship store,Books,Fiction
3400603514,275200,15-11-2012,10,6,2,362,76.02,800.02,Flagship store,Home and kitchen,Audio and video
35974878777,271258,15-11-2012,4,1,5,698,366.45,3856.45,Flagship store,Clothing,Mens
21523832015,268676,15-11-2012,6,5,2,261,54.81,576.81,e-Shop,Books,DIY
28077419754,270397,15-11-2012,3,2,5,892,468.3,4928.3,TeleShop,Footwear,Kids
19175300380,268168,15-11-2012,7,5,3,1294,407.61,4289.61,TeleShop,Books,Fiction
91658869217,274449,15-11-2012,10,6,4,1243,522.06,5494.06,TeleShop,Home and kitchen,Audio and video
84279826650,268535,15-11-2012,10,5,1,413,43.365,456.365,Flagship store,Books,Audio and video
96889854564,269862,15-11-2012,3,5,4,1408,591.36,6223.36,Flagship store,Books,Kids
12471683422,270586,14-11-2012,2,6,5,797,418.425,4403.425,Flagship store,Home and kitchen,Furnishing
17744848506,272943,14-11-2012,4,3,3,525,165.375,1740.375,TeleShop,Electronics,Mens
22838282579,272324,14-11-2012,1,4,1,822,86.31,908.31,e-Shop,Bags,Women
20018387530,268063,14-11-2012,3,2,4,881,370.02,3894.02,Flagship store,Footwear,Kids
6405096672,271009,14-11-2012,11,6,5,123,64.575,679.575,e-Shop,Home and kitchen,Children
55808347112,273383,14-11-2012,4,1,-3,-1127,355.005,-3736.005,MBR,Clothing,Mens
46178632396,269479,14-11-2012,7,5,5,213,111.825,1176.825,e-Shop,Books,Fiction
3237997879,273757,14-11-2012,4,3,2,340,71.4,751.4,TeleShop,Electronics,Mens
56464326773,267360,14-11-2012,3,5,-5,-959,503.475,-5298.475,e-Shop,Books,Kids
24414693808,270123,14-11-2012,4,3,4,1077,452.34,4760.34,Flagship store,Electronics,Mens
32590242285,267666,14-11-2012,7,5,3,337,106.155,1117.155,e-Shop,Books,Fiction
62079276018,271811,14-11-2012,3,1,5,469,246.225,2591.225,e-Shop,Clothing,Kids
37469223848,270786,14-11-2012,4,4,-3,-367,115.605,-1216.605,MBR,Bags,Mens
42195990759,266959,14-11-2012,3,1,1,1268,133.14,1401.14,e-Shop,Clothing,Kids
9449201632,270242,14-11-2012,6,5,2,1257,263.97,2777.97,e-Shop,Books,DIY
9946171683,267103,14-11-2012,5,3,3,823,259.245,2728.245,e-Shop,Electronics,Computers
9090246666,268690,14-11-2012,9,3,4,908,381.36,4013.36,TeleShop,Electronics,Cameras
99939077771,270750,14-11-2012,4,2,1,153,16.065,169.065,e-Shop,Footwear,Mens
85366092947,268305,14-11-2012,3,2,-2,-1150,241.5,-2541.5,MBR,Footwear,Kids
78039456725,272023,14-11-2012,3,2,1,984,103.32,1087.32,Flagship store,Footwear,Kids
76594156867,273660,14-11-2012,12,6,2,1266,265.86,2797.86,MBR,Home and kitchen,Academic
93623242194,271036,14-11-2012,10,6,3,83,26.145,275.145,MBR,Home and kitchen,Audio and video
81491551398,272720,14-11-2012,10,5,1,1003,105.315,1108.315,e-Shop,Books,Audio and video
76526219325,268936,14-11-2012,4,4,1,598,62.79,660.79,MBR,Bags,Mens
66420638639,270152,14-11-2012,1,4,4,972,408.24,4296.24,MBR,Bags,Women
87976612174,275008,14-11-2012,10,6,3,1002,315.63,3321.63,MBR,Home and kitchen,Audio and video
17251526892,271430,13-11-2012,4,1,3,598,188.37,1982.37,MBR,Clothing,Mens
37692043112,275157,13-11-2012,11,5,-1,-1062,111.51,-1173.51,TeleShop,Books,Children
47922119090,273088,13-11-2012,4,1,4,1368,574.56,6046.56,e-Shop,Clothing,Mens
51419354177,268579,13-11-2012,10,6,5,807,423.675,4458.675,Flagship store,Home and kitchen,Audio and video
14835417047,268799,13-11-2012,6,5,2,1353,284.13,2990.13,e-Shop,Books,DIY
46200012955,272221,13-11-2012,3,1,1,670,70.35,740.35,Flagship store,Clothing,Kids
26388141892,269307,13-11-2012,11,6,2,663,139.23,1465.23,e-Shop,Home and kitchen,Children
35730311655,269433,13-11-2012,10,5,-4,-465,195.3,-2055.3,e-Shop,Books,Audio and video
35254606025,273641,13-11-2012,2,6,3,220,69.3,729.3,e-Shop,Home and kitchen,Furnishing
21440509488,267304,13-11-2012,4,1,1,213,22.365,235.365,Flagship store,Clothing,Mens
51958445760,275122,13-11-2012,3,5,5,736,386.4,4066.4,e-Shop,Books,Kids
6482997031,267801,13-11-2012,4,4,4,101,42.42,446.42,Flagship store,Bags,Mens
34885826494,267639,13-11-2012,12,6,2,1385,290.85,3060.85,e-Shop,Home and kitchen,Academic
37239244178,270008,13-11-2012,6,5,5,741,389.025,4094.025,Flagship store,Books,DIY
43706956845,272474,13-11-2012,1,4,5,959,503.475,5298.475,TeleShop,Bags,Women
80593636048,274652,13-11-2012,1,2,4,1434,602.28,6338.28,e-Shop,Footwear,Women
63627484676,269854,13-11-2012,4,3,2,451,94.71,996.71,TeleShop,Electronics,Mens
88053790752,273592,13-11-2012,1,1,5,824,432.6,4552.6,TeleShop,Clothing,Women
92816271000,270064,13-11-2012,11,5,3,497,156.555,1647.555,e-Shop,Books,Children
99552000780,273550,13-11-2012,10,6,1,1381,145.005,1526.005,e-Shop,Home and kitchen,Audio and video
99617854978,269331,13-11-2012,7,5,1,614,64.47,678.47,MBR,Books,Fiction
87896859908,275123,13-11-2012,1,4,1,1380,144.9,1524.9,MBR,Bags,Women
88456136036,274389,13-11-2012,3,2,1,1376,144.48,1520.48,TeleShop,Footwear,Kids
23550988120,267024,12/11/2012,12,5,2,1331,279.51,2941.51,e-Shop,Books,Academic
40746409420,271583,12/11/2012,4,1,-3,-1018,320.67,-3374.67,Flagship store,Clothing,Mens
58298561793,270628,12/11/2012,4,4,4,1400,588,6188,e-Shop,Bags,Mens
33526426293,272459,12/11/2012,12,6,2,1444,303.24,3191.24,MBR,Home and kitchen,Academic
35794986565,267929,12/11/2012,4,2,4,275,115.5,1215.5,MBR,Footwear,Mens
4829274051,268671,12/11/2012,1,2,3,694,218.61,2300.61,MBR,Footwear,Women
58330939561,274503,12/11/2012,3,5,4,95,39.9,419.9,MBR,Books,Kids
20979791732,271388,12/11/2012,7,5,3,643,202.545,2131.545,e-Shop,Books,Fiction
8392700923,272921,12/11/2012,6,5,5,1157,607.425,6392.425,e-Shop,Books,DIY
15831664202,271534,12/11/2012,4,2,3,443,139.545,1468.545,TeleShop,Footwear,Mens
55032993738,268992,12/11/2012,5,3,5,739,387.975,4082.975,TeleShop,Electronics,Computers
36482331087,272939,12/11/2012,9,3,2,497,104.37,1098.37,e-Shop,Electronics,Cameras
99655037365,271532,12/11/2012,1,1,4,1266,531.72,5595.72,e-Shop,Clothing,Women
95745244106,272902,12/11/2012,10,3,-5,-1185,622.125,-6547.125,Flagship store,Electronics,Audio and video
96789298499,267318,12/11/2012,12,6,5,910,477.75,5027.75,e-Shop,Home and kitchen,Academic
85366092947,268305,12/11/2012,3,2,2,1150,241.5,2541.5,MBR,Footwear,Kids
69099513501,271523,12/11/2012,7,5,2,1452,304.92,3208.92,TeleShop,Books,Fiction
91182939428,273302,12/11/2012,10,6,5,735,385.875,4060.875,MBR,Home and kitchen,Audio and video
98057266303,272999,12/11/2012,7,5,1,1188,124.74,1312.74,TeleShop,Books,Fiction
69410384952,268608,12/11/2012,4,2,2,467,98.07,1032.07,e-Shop,Footwear,Mens
476566626,267819,11/11/2012,3,1,5,198,103.95,1093.95,e-Shop,Clothing,Kids
7350897086,270310,11/11/2012,4,4,3,317,99.855,1050.855,e-Shop,Bags,Mens
15688293502,273224,11/11/2012,1,2,5,1365,716.625,7541.625,TeleShop,Footwear,Women
12229728995,268484,11/11/2012,8,3,2,835,175.35,1845.35,e-Shop,Electronics,Personal Appliances
956613233,270512,11/11/2012,11,6,3,1063,334.845,3523.845,e-Shop,Home and kitchen,Children
21844107872,273849,11/11/2012,12,5,2,844,177.24,1865.24,TeleShop,Books,Academic
55808347112,273383,11/11/2012,4,1,-3,-1127,355.005,-3736.005,MBR,Clothing,Mens
41483973081,267252,11/11/2012,3,2,3,129,40.635,427.635,Flagship store,Footwear,Kids
9802985987,271216,11/11/2012,10,3,1,406,42.63,448.63,MBR,Electronics,Audio and video
25542655470,274708,11/11/2012,1,2,-1,-358,37.59,-395.59,Flagship store,Footwear,Women
56185033230,268779,11/11/2012,1,1,3,641,201.915,2124.915,TeleShop,Clothing,Women
2907927662,268593,11/11/2012,4,1,1,342,35.91,377.91,Flagship store,Clothing,Mens
56066128002,269432,11/11/2012,7,5,5,229,120.225,1265.225,Flagship store,Books,Fiction
69352905161,273530,11/11/2012,3,2,4,446,187.32,1971.32,e-Shop,Footwear,Kids
83133730666,270590,11/11/2012,10,5,3,328,103.32,1087.32,e-Shop,Books,Audio and video
99589879842,270216,11/11/2012,11,6,3,1081,340.515,3583.515,Flagship store,Home and kitchen,Children
97917071902,268368,11/11/2012,11,5,-4,-177,74.34,-782.34,e-Shop,Books,Children
69899004109,269156,11/11/2012,4,2,1,983,103.215,1086.215,e-Shop,Footwear,Mens
67986421853,271942,11/11/2012,4,2,4,714,299.88,3155.88,MBR,Footwear,Mens
93003507719,273330,11/11/2012,2,6,1,1294,135.87,1429.87,e-Shop,Home and kitchen,Furnishing
86434157036,271348,11/11/2012,10,6,5,75,39.375,414.375,Flagship store,Home and kitchen,Audio and video
97374588809,268502,11/11/2012,3,2,4,229,96.18,1012.18,TeleShop,Footwear,Kids
87726841795,272043,11/11/2012,4,2,5,162,85.05,895.05,Flagship store,Footwear,Mens
73422660722,269674,11/11/2012,11,5,4,323,135.66,1427.66,TeleShop,Books,Children
49280709763,274801,10/11/2012,11,6,5,1200,630,6630,Flagship store,Home and kitchen,Children
57056605357,273988,10/11/2012,9,3,1,267,28.035,295.035,TeleShop,Electronics,Cameras
55734301840,270723,10/11/2012,1,2,5,303,159.075,1674.075,e-Shop,Footwear,Women
40018338406,273522,10/11/2012,8,3,2,1225,257.25,2707.25,MBR,Electronics,Personal Appliances
41138198243,274812,10/11/2012,6,5,2,659,138.39,1456.39,TeleShop,Books,DIY
43816482366,267480,10/11/2012,10,5,5,1042,547.05,5757.05,Flagship store,Books,Audio and video
14072978438,267918,10/11/2012,1,2,1,1325,139.125,1464.125,TeleShop,Footwear,Women
4264132292,271313,10/11/2012,4,4,3,115,36.225,381.225,TeleShop,Bags,Mens
5074308032,268148,10/11/2012,10,6,1,300,31.5,331.5,e-Shop,Home and kitchen,Audio and video
18775498183,268281,10/11/2012,4,3,1,359,37.695,396.695,TeleShop,Electronics,Mens
6499788263,273015,10/11/2012,10,5,2,449,94.29,992.29,MBR,Books,Audio and video
90998732631,270002,10/11/2012,3,2,5,381,200.025,2105.025,TeleShop,Footwear,Kids
81241664352,269596,10/11/2012,10,3,5,699,366.975,3861.975,e-Shop,Electronics,Audio and video
75067291538,271772,10/11/2012,4,2,5,1469,771.225,8116.225,Flagship store,Footwear,Mens
81737383280,266900,10/11/2012,4,1,5,1219,639.975,6734.975,e-Shop,Clothing,Mens
99782268655,271185,10/11/2012,9,3,2,285,59.85,629.85,TeleShop,Electronics,Cameras
75438086174,274972,10/11/2012,10,6,1,156,16.38,172.38,e-Shop,Home and kitchen,Audio and video
85008542517,272295,10/11/2012,3,2,1,587,61.635,648.635,Flagship store,Footwear,Kids
98655721375,271965,10/11/2012,4,2,5,128,67.2,707.2,MBR,Footwear,Mens
64595090192,271733,10/11/2012,2,6,1,1165,122.325,1287.325,e-Shop,Home and kitchen,Furnishing
82016786749,273901,10/11/2012,11,5,4,547,229.74,2417.74,MBR,Books,Children
42183352262,267906,9/11/2012,10,3,4,1387,582.54,6130.54,MBR,Electronics,Audio and video
49241190513,269320,9/11/2012,8,3,2,415,87.15,917.15,Flagship store,Electronics,Personal Appliances
29936312804,273395,9/11/2012,1,1,4,584,245.28,2581.28,e-Shop,Clothing,Women
38296758204,269499,9/11/2012,12,5,5,442,232.05,2442.05,e-Shop,Books,Academic
10130035530,272031,9/11/2012,11,5,3,1024,322.56,3394.56,Flagship store,Books,Children
50452849995,274468,9/11/2012,1,4,-1,-254,26.67,-280.67,MBR,Bags,Women
45450410112,270752,9/11/2012,1,1,1,916,96.18,1012.18,Flagship store,Clothing,Women
5744710688,268331,9/11/2012,4,2,4,1068,448.56,4720.56,e-Shop,Footwear,Mens
54576463397,271718,9/11/2012,10,3,1,987,103.635,1090.635,MBR,Electronics,Audio and video
37821537860,272756,9/11/2012,12,5,-5,-1020,535.5,-5635.5,e-Shop,Books,Academic
50711510399,270292,9/11/2012,3,2,2,755,158.55,1668.55,Flagship store,Footwear,Kids
24217904501,271762,9/11/2012,1,2,5,1261,662.025,6967.025,TeleShop,Footwear,Women
89259937157,267398,9/11/2012,11,5,5,933,489.825,5154.825,e-Shop,Books,Children
84694332194,275093,9/11/2012,10,5,3,279,87.885,924.885,Flagship store,Books,Audio and video
75061936385,270005,9/11/2012,4,4,-3,-261,82.215,-865.215,Flagship store,Bags,Mens
71502573518,272716,9/11/2012,11,6,3,474,149.31,1571.31,Flagship store,Home and kitchen,Children
86552466424,267053,9/11/2012,3,1,2,749,157.29,1655.29,e-Shop,Clothing,Kids
75827190845,272278,9/11/2012,8,3,3,722,227.43,2393.43,TeleShop,Electronics,Personal Appliances
99890833233,271172,9/11/2012,3,5,2,418,87.78,923.78,e-Shop,Books,Kids
97738507120,270922,9/11/2012,4,4,-2,-237,49.77,-523.77,MBR,Bags,Mens
63571136134,273951,9/11/2012,6,5,2,1250,262.5,2762.5,Flagship store,Books,DIY
94962616292,268479,9/11/2012,11,6,2,901,189.21,1991.21,e-Shop,Home and kitchen,Children
63832384601,270976,9/11/2012,4,1,4,1187,498.54,5246.54,e-Shop,Clothing,Mens
81928958055,269776,9/11/2012,9,3,2,475,99.75,1049.75,MBR,Electronics,Cameras
81774426208,269441,9/11/2012,9,3,2,958,201.18,2117.18,TeleShop,Electronics,Cameras
82288790509,274801,9/11/2012,4,3,5,266,139.65,1469.65,Flagship store,Electronics,Mens
90374941838,273045,9/11/2012,9,3,4,516,216.72,2280.72,MBR,Electronics,Cameras
44420547792,273417,8/11/2012,4,3,2,1386,291.06,3063.06,MBR,Electronics,Mens
35730311655,269433,8/11/2012,10,5,4,465,195.3,2055.3,e-Shop,Books,Audio and video
26326023111,273213,8/11/2012,10,3,5,982,515.55,5425.55,MBR,Electronics,Audio and video
18791279037,272665,8/11/2012,9,3,2,605,127.05,1337.05,MBR,Electronics,Cameras
46769984637,271207,8/11/2012,11,6,2,488,102.48,1078.48,Flagship store,Home and kitchen,Children
37821537860,272756,8/11/2012,12,5,5,1020,535.5,5635.5,e-Shop,Books,Academic
34546688067,268150,8/11/2012,1,4,5,363,190.575,2005.575,e-Shop,Bags,Women
25079230259,271318,8/11/2012,11,6,-1,-982,103.11,-1085.11,TeleShop,Home and kitchen,Children
55808347112,273383,8/11/2012,4,1,3,1127,355.005,3736.005,MBR,Clothing,Mens
43805323400,273256,8/11/2012,6,5,2,943,198.03,2084.03,TeleShop,Books,DIY
63003449914,270242,8/11/2012,3,1,4,969,406.98,4282.98,Flagship store,Clothing,Kids
5987134194,266865,8/11/2012,4,4,4,265,111.3,1171.3,e-Shop,Bags,Mens
59988861737,271500,8/11/2012,11,6,3,1449,456.435,4803.435,e-Shop,Home and kitchen,Children
37469223848,270786,8/11/2012,4,4,3,367,115.605,1216.605,MBR,Bags,Mens
71223241361,270413,8/11/2012,5,3,4,1026,430.92,4534.92,MBR,Electronics,Computers
98564069454,270664,8/11/2012,2,6,3,793,249.795,2628.795,e-Shop,Home and kitchen,Furnishing
73506464973,269793,8/11/2012,8,3,2,1251,262.71,2764.71,Flagship store,Electronics,Personal Appliances
91927787546,271338,8/11/2012,10,5,1,737,77.385,814.385,e-Shop,Books,Audio and video
88255047490,273758,8/11/2012,4,3,4,857,359.94,3787.94,e-Shop,Electronics,Mens
82502567848,268467,8/11/2012,12,5,3,1169,368.235,3875.235,e-Shop,Books,Academic
94476981193,267176,8/11/2012,10,5,3,181,57.015,600.015,e-Shop,Books,Audio and video
13643466240,269142,7/11/2012,8,3,2,1224,257.04,2705.04,e-Shop,Electronics,Personal Appliances
44360695528,268093,7/11/2012,4,1,5,952,499.8,5259.8,Flagship store,Clothing,Mens
57458486916,269201,7/11/2012,1,2,3,615,193.725,2038.725,TeleShop,Footwear,Women
24845583616,267323,7/11/2012,4,3,2,618,129.78,1365.78,TeleShop,Electronics,Mens
38315114911,271004,7/11/2012,10,6,1,784,82.32,866.32,TeleShop,Home and kitchen,Audio and video
358789714,270823,7/11/2012,12,6,4,90,37.8,397.8,e-Shop,Home and kitchen,Academic
61862969098,275000,7/11/2012,1,2,-3,-823,259.245,-2728.245,MBR,Footwear,Women
25079230259,271318,7/11/2012,11,6,1,982,103.11,1085.11,TeleShop,Home and kitchen,Children
62499433138,268137,7/11/2012,4,3,3,983,309.645,3258.645,MBR,Electronics,Mens
18208396283,268540,7/11/2012,4,1,4,128,53.76,565.76,Flagship store,Clothing,Mens
37513866609,268657,7/11/2012,6,5,4,76,31.92,335.92,e-Shop,Books,DIY
68035003586,267700,7/11/2012,1,4,2,1302,273.42,2877.42,Flagship store,Bags,Women
84843928349,270047,7/11/2012,8,3,2,259,54.39,572.39,MBR,Electronics,Personal Appliances
81355021463,274478,7/11/2012,1,4,4,632,265.44,2793.44,TeleShop,Bags,Women
35952288403,270156,6/11/2012,3,5,4,893,375.06,3947.06,e-Shop,Books,Kids
57111688332,272353,6/11/2012,3,5,5,660,346.5,3646.5,TeleShop,Books,Kids
2348958319,267654,6/11/2012,1,1,2,796,167.16,1759.16,TeleShop,Clothing,Women
56464326773,267360,6/11/2012,3,5,5,959,503.475,5298.475,e-Shop,Books,Kids
36490013127,274917,6/11/2012,5,3,-4,-255,107.1,-1127.1,TeleShop,Electronics,Computers
24961082595,272002,6/11/2012,3,5,2,173,36.33,382.33,e-Shop,Books,Kids
58887023484,274489,6/11/2012,7,5,4,879,369.18,3885.18,Flagship store,Books,Fiction
13099302723,275181,6/11/2012,8,3,4,722,303.24,3191.24,e-Shop,Electronics,Personal Appliances
33285153372,273839,6/11/2012,1,2,2,129,27.09,285.09,TeleShop,Footwear,Women
35796049690,272278,6/11/2012,4,2,1,651,68.355,719.355,Flagship store,Footwear,Mens
256086669,275119,6/11/2012,4,4,3,153,48.195,507.195,e-Shop,Bags,Mens
7827285174,269328,6/11/2012,10,3,4,879,369.18,3885.18,Flagship store,Electronics,Audio and video
73420089833,268445,6/11/2012,1,4,2,1193,250.53,2636.53,MBR,Bags,Women
79118983166,267826,6/11/2012,3,2,3,1225,385.875,4060.875,e-Shop,Footwear,Kids
90308772100,269904,6/11/2012,4,3,5,489,256.725,2701.725,TeleShop,Electronics,Mens
97738507120,270922,6/11/2012,4,4,2,237,49.77,523.77,MBR,Bags,Mens
75991761657,271169,6/11/2012,10,6,-3,-1136,357.84,-3765.84,e-Shop,Home and kitchen,Audio and video
78786784737,271965,6/11/2012,10,3,1,833,87.465,920.465,e-Shop,Electronics,Audio and video
82614123011,270484,6/11/2012,1,2,2,1230,258.3,2718.3,e-Shop,Footwear,Women
44540715272,274411,5/11/2012,4,1,3,633,199.395,2098.395,TeleShop,Clothing,Mens
50746164399,267356,5/11/2012,12,5,2,467,98.07,1032.07,e-Shop,Books,Academic
53474317568,273302,5/11/2012,4,3,4,1186,498.12,5242.12,e-Shop,Electronics,Mens
51244191144,268878,5/11/2012,12,5,4,966,405.72,4269.72,Flagship store,Books,Academic
23735326069,275163,5/11/2012,10,6,3,881,277.515,2920.515,MBR,Home and kitchen,Audio and video
26436737160,267483,5/11/2012,1,2,2,144,30.24,318.24,e-Shop,Footwear,Women
31461615886,271851,5/11/2012,1,2,3,383,120.645,1269.645,TeleShop,Footwear,Women
36128115882,267429,5/11/2012,11,5,2,782,164.22,1728.22,TeleShop,Books,Children
18602651519,267596,5/11/2012,1,1,5,1178,618.45,6508.45,Flagship store,Clothing,Women
26669511816,268430,5/11/2012,4,3,5,635,333.375,3508.375,Flagship store,Electronics,Mens
30855813283,268419,5/11/2012,4,3,4,660,277.2,2917.2,TeleShop,Electronics,Mens
19242807973,267165,5/11/2012,1,1,-3,-1297,408.555,-4299.555,TeleShop,Clothing,Women
29618403595,268659,5/11/2012,1,2,2,561,117.81,1239.81,TeleShop,Footwear,Women
45340860866,266885,5/11/2012,2,6,3,391,123.165,1296.165,Flagship store,Home and kitchen,Furnishing
19726484533,269480,5/11/2012,6,5,3,1286,405.09,4263.09,e-Shop,Books,DIY
83727988532,269028,5/11/2012,1,1,2,1015,213.15,2243.15,Flagship store,Clothing,Women
91764963780,274370,5/11/2012,11,6,4,973,408.66,4300.66,MBR,Home and kitchen,Children
95778402780,273861,5/11/2012,12,5,-5,-715,375.375,-3950.375,TeleShop,Books,Academic
96570979296,272080,5/11/2012,11,6,3,920,289.8,3049.8,TeleShop,Home and kitchen,Children
75061936385,270005,5/11/2012,4,4,3,261,82.215,865.215,Flagship store,Bags,Mens
80899290754,274605,5/11/2012,1,4,2,555,116.55,1226.55,e-Shop,Bags,Women
91866192175,274902,5/11/2012,10,6,4,132,55.44,583.44,TeleShop,Home and kitchen,Audio and video
65844717241,268164,5/11/2012,3,1,1,325,34.125,359.125,e-Shop,Clothing,Kids
91161067661,271891,5/11/2012,4,2,1,579,60.795,639.795,TeleShop,Footwear,Mens
5947374643,269411,4/11/2012,2,6,5,534,280.35,2950.35,Flagship store,Home and kitchen,Furnishing
38669144928,267943,4/11/2012,5,3,-5,-1087,570.675,-6005.675,TeleShop,Electronics,Computers
40746409420,271583,4/11/2012,4,1,3,1018,320.67,3374.67,Flagship store,Clothing,Mens
43225913195,267907,4/11/2012,2,6,4,198,83.16,875.16,Flagship store,Home and kitchen,Furnishing
7067333850,273063,4/11/2012,3,2,1,879,92.295,971.295,Flagship store,Footwear,Kids
54992793606,267422,4/11/2012,1,2,2,941,197.61,2079.61,e-Shop,Footwear,Women
26177579724,267812,4/11/2012,4,1,2,335,70.35,740.35,e-Shop,Clothing,Mens
2975455184,273708,4/11/2012,3,1,1,1340,140.7,1480.7,e-Shop,Clothing,Kids
56723789688,274782,4/11/2012,3,2,5,567,297.675,3132.675,e-Shop,Footwear,Kids
25597324692,267257,4/11/2012,3,5,2,792,166.32,1750.32,e-Shop,Books,Kids
50452849995,274468,4/11/2012,1,4,1,254,26.67,280.67,MBR,Bags,Women
29999626707,273958,4/11/2012,6,5,3,1332,419.58,4415.58,MBR,Books,DIY
56916702842,274869,4/11/2012,12,6,3,283,89.145,938.145,MBR,Home and kitchen,Academic
41601502344,271278,4/11/2012,12,6,3,492,154.98,1630.98,TeleShop,Home and kitchen,Academic
24828070383,272300,4/11/2012,11,6,1,663,69.615,732.615,e-Shop,Home and kitchen,Children
60444906847,271958,4/11/2012,8,3,5,1425,748.125,7873.125,Flagship store,Electronics,Personal Appliances
87008422396,270693,4/11/2012,10,6,4,103,43.26,455.26,e-Shop,Home and kitchen,Audio and video
95745244106,272902,4/11/2012,10,3,5,1185,622.125,6547.125,Flagship store,Electronics,Audio and video
68131806307,270363,4/11/2012,11,5,5,487,255.675,2690.675,e-Shop,Books,Children
85120927235,274632,4/11/2012,11,6,2,741,155.61,1637.61,TeleShop,Home and kitchen,Children
80462972976,272675,4/11/2012,3,1,5,751,394.275,4149.275,e-Shop,Clothing,Kids
93088859112,272584,4/11/2012,1,2,-1,-1168,122.64,-1290.64,e-Shop,Footwear,Women
90932423984,267971,4/11/2012,10,5,2,308,64.68,680.68,Flagship store,Books,Audio and video
91263385026,273627,4/11/2012,7,5,1,1300,136.5,1436.5,TeleShop,Books,Fiction
93088859112,272584,4/11/2012,1,2,-1,-1168,122.64,-1290.64,e-Shop,Footwear,Women
32120074551,267849,3/11/2012,11,5,4,622,261.24,2749.24,e-Shop,Books,Children
20462911983,273303,3/11/2012,2,6,1,819,85.995,904.995,e-Shop,Home and kitchen,Furnishing
34440299625,271834,3/11/2012,4,3,2,532,111.72,1175.72,Flagship store,Electronics,Mens
16885171397,271214,3/11/2012,4,1,5,527,276.675,2911.675,MBR,Clothing,Mens
51716973193,267426,3/11/2012,12,6,4,1475,619.5,6519.5,Flagship store,Home and kitchen,Academic
37692043112,275157,3/11/2012,11,5,1,1062,111.51,1173.51,TeleShop,Books,Children
33340483812,270906,3/11/2012,4,4,2,1479,310.59,3268.59,e-Shop,Bags,Mens
11216461389,273581,3/11/2012,7,5,4,168,70.56,742.56,e-Shop,Books,Fiction
21886516474,268086,3/11/2012,10,6,1,187,19.635,206.635,e-Shop,Home and kitchen,Audio and video
56477089017,274805,3/11/2012,10,3,1,1046,109.83,1155.83,TeleShop,Electronics,Audio and video
22186395287,272253,3/11/2012,5,3,4,165,69.3,729.3,e-Shop,Electronics,Computers
46982511176,269808,3/11/2012,6,5,3,345,108.675,1143.675,e-Shop,Books,DIY
29133713557,268098,3/11/2012,11,6,4,1397,586.74,6174.74,e-Shop,Home and kitchen,Children
4422681196,270625,3/11/2012,4,3,5,87,45.675,480.675,Flagship store,Electronics,Mens
11969779792,274966,3/11/2012,2,6,3,1138,358.47,3772.47,Flagship store,Home and kitchen,Furnishing
97917071902,268368,3/11/2012,11,5,4,177,74.34,782.34,e-Shop,Books,Children
95349024633,274077,3/11/2012,1,1,1,247,25.935,272.935,MBR,Clothing,Women
77894076757,271632,3/11/2012,12,6,3,443,139.545,1468.545,TeleShop,Home and kitchen,Academic
94213466844,270482,3/11/2012,3,5,1,1487,156.135,1643.135,e-Shop,Books,Kids
96355964375,268277,3/11/2012,3,5,1,1323,138.915,1461.915,e-Shop,Books,Kids
71420625043,273168,3/11/2012,10,5,1,445,46.725,491.725,e-Shop,Books,Audio and video
90722810115,270662,3/11/2012,12,6,4,512,215.04,2263.04,MBR,Home and kitchen,Academic
71221775542,269151,3/11/2012,6,5,5,445,233.625,2458.625,e-Shop,Books,DIY
87708824875,274355,3/11/2012,5,3,3,1298,408.87,4302.87,MBR,Electronics,Computers
66536700395,273216,3/11/2012,3,1,4,825,346.5,3646.5,MBR,Clothing,Kids
58679496268,274237,2/11/2012,5,3,2,876,183.96,1935.96,e-Shop,Electronics,Computers
47715446640,270288,2/11/2012,5,3,5,672,352.8,3712.8,e-Shop,Electronics,Computers
57102605778,271538,2/11/2012,3,1,5,1319,692.475,7287.475,Flagship store,Clothing,Kids
25542655470,274708,2/11/2012,1,2,1,358,37.59,395.59,Flagship store,Footwear,Women
3335091043,269472,2/11/2012,12,5,1,596,62.58,658.58,TeleShop,Books,Academic
61878566927,269257,2/11/2012,2,6,1,1423,149.415,1572.415,e-Shop,Home and kitchen,Furnishing
16249906147,272122,2/11/2012,1,4,5,966,507.15,5337.15,e-Shop,Bags,Women
11157464408,269291,2/11/2012,6,5,5,473,248.325,2613.325,TeleShop,Books,DIY
33532569497,272772,2/11/2012,10,5,4,1312,551.04,5799.04,e-Shop,Books,Audio and video
53855440294,271496,2/11/2012,2,6,-3,-1491,469.665,-4942.665,TeleShop,Home and kitchen,Furnishing
61862969098,275000,2/11/2012,1,2,3,823,259.245,2728.245,MBR,Footwear,Women
35945707505,268509,2/11/2012,3,2,1,461,48.405,509.405,Flagship store,Footwear,Kids
96458866652,269286,2/11/2012,1,2,4,1261,529.62,5573.62,MBR,Footwear,Women
84296348746,271201,2/11/2012,5,3,4,1392,584.64,6152.64,MBR,Electronics,Computers
65782231046,270568,2/11/2012,3,1,-1,-646,67.83,-713.83,MBR,Clothing,Kids
93231274021,269493,2/11/2012,6,5,2,402,84.42,888.42,MBR,Books,DIY
78504895837,267971,2/11/2012,11,5,4,607,254.94,2682.94,e-Shop,Books,Children
84006111228,271901,2/11/2012,12,6,2,519,108.99,1146.99,TeleShop,Home and kitchen,Academic
69273888118,274786,2/11/2012,6,5,2,1348,283.08,2979.08,Flagship store,Books,DIY
95778402780,273861,2/11/2012,12,5,5,715,375.375,3950.375,TeleShop,Books,Academic
42326129078,271264,1/11/2012,1,2,3,1265,398.475,4193.475,Flagship store,Footwear,Women
34749917660,266814,1/11/2012,11,6,4,632,265.44,2793.44,MBR,Home and kitchen,Children
40107398468,273280,1/11/2012,5,3,1,879,92.295,971.295,e-Shop,Electronics,Computers
28152618920,271994,1/11/2012,3,2,3,311,97.965,1030.965,Flagship store,Footwear,Kids
34073268055,269151,1/11/2012,10,6,3,1391,438.165,4611.165,TeleShop,Home and kitchen,Audio and video
51770774501,269636,1/11/2012,3,1,2,1151,241.71,2543.71,e-Shop,Clothing,Kids
56019714848,267950,1/11/2012,9,3,1,710,74.55,784.55,Flagship store,Electronics,Cameras
60720829878,270449,1/11/2012,6,5,1,880,92.4,972.4,TeleShop,Books,DIY
27262775822,274621,1/11/2012,8,3,1,1500,157.5,1657.5,TeleShop,Electronics,Personal Appliances
19125223727,272210,1/11/2012,1,2,5,201,105.525,1110.525,TeleShop,Footwear,Women
31024838106,271692,1/11/2012,10,3,1,1168,122.64,1290.64,MBR,Electronics,Audio and video
73491116973,270998,1/11/2012,10,3,1,522,54.81,576.81,MBR,Electronics,Audio and video
4226964099,272719,31-10-2012,4,3,2,1367,287.07,3021.07,MBR,Electronics,Mens
6171072742,271867,31-10-2012,4,2,4,1270,533.4,5613.4,TeleShop,Footwear,Mens
12679531826,267490,31-10-2012,4,3,3,553,174.195,1833.195,Flagship store,Electronics,Mens
46568197564,271873,31-10-2012,1,1,3,330,103.95,1093.95,TeleShop,Clothing,Women
5914139604,266788,31-10-2012,1,4,2,672,141.12,1485.12,MBR,Bags,Women
58830802334,271789,31-10-2012,4,1,4,837,351.54,3699.54,TeleShop,Clothing,Mens
26936470608,271634,31-10-2012,8,3,1,659,69.195,728.195,MBR,Electronics,Personal Appliances
43371969205,269296,31-10-2012,11,6,2,786,165.06,1737.06,e-Shop,Home and kitchen,Children
86785881444,273398,31-10-2012,3,1,5,1319,692.475,7287.475,MBR,Clothing,Kids
73676843747,272879,31-10-2012,11,5,4,1437,603.54,6351.54,TeleShop,Books,Children
73728086749,274086,31-10-2012,3,5,2,679,142.59,1500.59,TeleShop,Books,Kids
65782231046,270568,31-10-2012,3,1,1,646,67.83,713.83,MBR,Clothing,Kids
86087449675,272987,31-10-2012,1,1,1,398,41.79,439.79,e-Shop,Clothing,Women
86379932671,267279,31-10-2012,3,5,2,305,64.05,674.05,Flagship store,Books,Kids
74455511755,268337,31-10-2012,6,5,2,1180,247.8,2607.8,e-Shop,Books,DIY
42917776828,274083,30-10-2012,1,1,5,638,334.95,3524.95,TeleShop,Clothing,Women
45676695306,269923,30-10-2012,7,5,1,262,27.51,289.51,Flagship store,Books,Fiction
2472311845,273149,30-10-2012,4,2,1,1443,151.515,1594.515,e-Shop,Footwear,Mens
2059893477,274087,30-10-2012,3,5,3,93,29.295,308.295,TeleShop,Books,Kids
48139981947,273575,30-10-2012,12,5,4,585,245.7,2585.7,MBR,Books,Academic
13406133432,272416,30-10-2012,10,3,5,1192,625.8,6585.8,TeleShop,Electronics,Audio and video
59127482721,272336,30-10-2012,12,6,4,568,238.56,2510.56,MBR,Home and kitchen,Academic
58669042652,271816,30-10-2012,10,3,-4,-420,176.4,-1856.4,MBR,Electronics,Audio and video
55896657640,269118,30-10-2012,4,2,5,1159,608.475,6403.475,e-Shop,Footwear,Mens
53397781856,269143,30-10-2012,9,3,4,831,349.02,3673.02,Flagship store,Electronics,Cameras
58727049644,274475,30-10-2012,6,5,5,411,215.775,2270.775,e-Shop,Books,DIY
81849077991,274655,30-10-2012,11,5,-2,-1436,301.56,-3173.56,Flagship store,Books,Children
83259575410,270376,30-10-2012,11,5,3,595,187.425,1972.425,e-Shop,Books,Children
85356038550,269911,30-10-2012,11,6,-4,-1325,556.5,-5856.5,MBR,Home and kitchen,Children
97341485937,270775,30-10-2012,11,6,5,680,357,3757,MBR,Home and kitchen,Children
97076302174,275042,30-10-2012,1,2,-3,-1410,444.15,-4674.15,e-Shop,Footwear,Women
98111772934,274138,30-10-2012,10,5,1,457,47.985,504.985,e-Shop,Books,Audio and video
40645104883,269680,29-10-2012,11,5,1,1077,113.085,1190.085,MBR,Books,Children
2142167916,267786,29-10-2012,10,3,3,696,219.24,2307.24,TeleShop,Electronics,Audio and video
49901605307,267740,29-10-2012,4,3,4,753,316.26,3328.26,Flagship store,Electronics,Mens
30974145552,268335,29-10-2012,10,5,3,363,114.345,1203.345,e-Shop,Books,Audio and video
58669042652,271816,29-10-2012,10,3,4,420,176.4,1856.4,MBR,Electronics,Audio and video
19242807973,267165,29-10-2012,1,1,3,1297,408.555,4299.555,TeleShop,Clothing,Women
15687761160,269971,29-10-2012,10,3,4,1399,587.58,6183.58,TeleShop,Electronics,Audio and video
1156863399,274897,29-10-2012,11,6,4,1028,431.76,4543.76,TeleShop,Home and kitchen,Children
41963699352,274926,29-10-2012,1,1,5,224,117.6,1237.6,Flagship store,Clothing,Women
61434627739,271261,29-10-2012,4,1,4,432,181.44,1909.44,Flagship store,Clothing,Mens
2366345022,267852,29-10-2012,4,3,2,956,200.76,2112.76,Flagship store,Electronics,Mens
54847974476,268614,29-10-2012,3,2,1,168,17.64,185.64,Flagship store,Footwear,Kids
64348354665,267358,29-10-2012,4,1,1,612,64.26,676.26,TeleShop,Clothing,Mens
84697246702,273011,29-10-2012,1,4,3,1186,373.59,3931.59,Flagship store,Bags,Women
91768120512,268706,29-10-2012,1,2,1,1357,142.485,1499.485,TeleShop,Footwear,Women
94410687082,275153,29-10-2012,10,5,3,196,61.74,649.74,Flagship store,Books,Audio and video
90135381443,267361,29-10-2012,11,5,-4,-1231,517.02,-5441.02,e-Shop,Books,Children
82361501265,268765,29-10-2012,4,3,5,1034,542.85,5712.85,MBR,Electronics,Mens
64243291615,269073,29-10-2012,3,2,3,1160,365.4,3845.4,e-Shop,Footwear,Kids
84360226959,274208,29-10-2012,5,3,2,521,109.41,1151.41,TeleShop,Electronics,Computers
23339711396,275052,28-10-2012,4,1,5,268,140.7,1480.7,TeleShop,Clothing,Mens
15689800706,267010,28-10-2012,8,3,4,968,406.56,4278.56,e-Shop,Electronics,Personal Appliances
29946363070,273647,28-10-2012,4,4,3,402,126.63,1332.63,TeleShop,Bags,Mens
51586815062,271958,28-10-2012,3,5,5,191,100.275,1055.275,e-Shop,Books,Kids
14591566140,272661,28-10-2012,1,1,1,858,90.09,948.09,Flagship store,Clothing,Women
56977905325,272424,28-10-2012,8,3,4,1062,446.04,4694.04,e-Shop,Electronics,Personal Appliances
44597459834,267116,28-10-2012,3,5,1,658,69.09,727.09,TeleShop,Books,Kids
50902354287,272841,28-10-2012,1,4,2,523,109.83,1155.83,MBR,Bags,Women
33256662579,269629,28-10-2012,1,2,-1,-395,41.475,-436.475,MBR,Footwear,Women
7625526288,269270,28-10-2012,12,5,-1,-778,81.69,-859.69,MBR,Books,Academic
36490013127,274917,28-10-2012,5,3,4,255,107.1,1127.1,TeleShop,Electronics,Computers
36641074742,268070,28-10-2012,11,6,2,806,169.26,1781.26,Flagship store,Home and kitchen,Children
52793167205,267693,28-10-2012,1,1,4,693,291.06,3063.06,MBR,Clothing,Women
34506323332,268513,28-10-2012,1,2,1,1393,146.265,1539.265,e-Shop,Footwear,Women
1855122890,270322,28-10-2012,5,3,-4,-156,65.52,-689.52,e-Shop,Electronics,Computers
17551824090,272029,28-10-2012,3,1,3,648,204.12,2148.12,e-Shop,Clothing,Kids
19574999480,274707,28-10-2012,10,5,1,309,32.445,341.445,TeleShop,Books,Audio and video
55651566489,271927,28-10-2012,11,6,3,406,127.89,1345.89,e-Shop,Home and kitchen,Children
13855855134,270560,28-10-2012,5,3,1,878,92.19,970.19,MBR,Electronics,Computers
57210968780,270670,28-10-2012,11,5,2,817,171.57,1805.57,Flagship store,Books,Children
18620215861,271173,28-10-2012,4,2,5,1280,672,7072,TeleShop,Footwear,Mens
80137282287,269807,28-10-2012,7,5,2,741,155.61,1637.61,MBR,Books,Fiction
98313404934,268585,28-10-2012,10,5,1,848,89.04,937.04,e-Shop,Books,Audio and video
64066590623,271315,28-10-2012,1,2,4,1075,451.5,4751.5,Flagship store,Footwear,Women
73161792937,274482,28-10-2012,1,4,3,1011,318.465,3351.465,e-Shop,Bags,Women
73788302296,271406,28-10-2012,12,5,2,765,160.65,1690.65,e-Shop,Books,Academic
75991761657,271169,28-10-2012,10,6,3,1136,357.84,3765.84,e-Shop,Home and kitchen,Audio and video
81849077991,274655,28-10-2012,11,5,2,1436,301.56,3173.56,Flagship store,Books,Children
84856873041,273113,28-10-2012,6,5,2,957,200.97,2114.97,Flagship store,Books,DIY
2341177541,270572,27-10-2012,4,3,1,252,26.46,278.46,MBR,Electronics,Mens
25554803686,274014,27-10-2012,4,4,-2,-980,205.8,-2165.8,TeleShop,Bags,Mens
53855440294,271496,27-10-2012,2,6,3,1491,469.665,4942.665,TeleShop,Home and kitchen,Furnishing
8910771388,267024,27-10-2012,4,1,1,849,89.145,938.145,MBR,Clothing,Mens
35581355562,275031,27-10-2012,10,5,4,1484,623.28,6559.28,e-Shop,Books,Audio and video
30367706432,266862,27-10-2012,11,5,5,312,163.8,1723.8,e-Shop,Books,Children
33256662579,269629,27-10-2012,1,2,1,395,41.475,436.475,MBR,Footwear,Women
1854416787,272886,27-10-2012,9,3,1,700,73.5,773.5,TeleShop,Electronics,Cameras
31984875221,274359,27-10-2012,3,5,2,309,64.89,682.89,e-Shop,Books,Kids
49293551908,266945,27-10-2012,9,3,5,306,160.65,1690.65,TeleShop,Electronics,Cameras
29720005235,273575,27-10-2012,5,3,1,675,70.875,745.875,MBR,Electronics,Computers
58590422681,271757,27-10-2012,11,5,4,869,364.98,3840.98,e-Shop,Books,Children
4240549605,273662,27-10-2012,10,6,3,182,57.33,603.33,MBR,Home and kitchen,Audio and video
33166382562,270558,27-10-2012,3,5,3,172,54.18,570.18,MBR,Books,Kids
94403499807,271014,27-10-2012,3,1,2,1084,227.64,2395.64,e-Shop,Clothing,Kids
75612747028,267233,27-10-2012,11,5,3,590,185.85,1955.85,e-Shop,Books,Children
97076302174,275042,27-10-2012,1,2,3,1410,444.15,4674.15,e-Shop,Footwear,Women
93088859112,272584,27-10-2012,1,2,1,1168,122.64,1290.64,e-Shop,Footwear,Women
74756660938,273575,27-10-2012,1,1,1,677,71.085,748.085,MBR,Clothing,Women
78179974223,269245,27-10-2012,4,2,5,394,206.85,2176.85,Flagship store,Footwear,Mens
91459417968,270771,27-10-2012,10,3,2,81,17.01,179.01,e-Shop,Electronics,Audio and video
84775697313,270020,27-10-2012,3,5,-3,-1346,423.99,-4461.99,Flagship store,Books,Kids
25554803686,274014,26-10-2012,4,4,-2,-980,205.8,-2165.8,TeleShop,Bags,Mens
7625526288,269270,26-10-2012,12,5,1,778,81.69,859.69,MBR,Books,Academic
46783497606,267367,26-10-2012,4,3,1,346,36.33,382.33,MBR,Electronics,Mens
53856454048,271963,26-10-2012,6,5,5,1414,742.35,7812.35,e-Shop,Books,DIY
20380695054,271162,26-10-2012,7,5,3,1287,405.405,4266.405,e-Shop,Books,Fiction
40247218781,273648,26-10-2012,2,6,3,797,251.055,2642.055,e-Shop,Home and kitchen,Furnishing
3556165589,272358,26-10-2012,10,3,5,919,482.475,5077.475,e-Shop,Electronics,Audio and video
27098255650,271911,26-10-2012,10,3,5,920,483,5083,Flagship store,Electronics,Audio and video
12700805506,267167,26-10-2012,4,4,4,472,198.24,2086.24,e-Shop,Bags,Mens
32467546310,271353,26-10-2012,7,5,4,738,309.96,3261.96,Flagship store,Books,Fiction
6174483063,275167,26-10-2012,10,6,3,621,195.615,2058.615,e-Shop,Home and kitchen,Audio and video
38669144928,267943,26-10-2012,5,3,5,1087,570.675,6005.675,TeleShop,Electronics,Computers
925250958,269881,26-10-2012,3,1,1,440,46.2,486.2,e-Shop,Clothing,Kids
87229727122,274722,26-10-2012,9,3,-4,-1480,621.6,-6541.6,e-Shop,Electronics,Cameras
70626460860,274969,26-10-2012,3,1,2,884,185.64,1953.64,MBR,Clothing,Kids
91351028810,270370,26-10-2012,4,4,2,914,191.94,2019.94,Flagship store,Bags,Mens
92030724662,270888,26-10-2012,4,3,5,1136,596.4,6276.4,e-Shop,Electronics,Mens
65472175996,273524,26-10-2012,12,6,2,578,121.38,1277.38,e-Shop,Home and kitchen,Academic
87739670378,273968,26-10-2012,4,3,5,359,188.475,1983.475,Flagship store,Electronics,Mens
68331115587,267906,26-10-2012,11,6,4,161,67.62,711.62,Flagship store,Home and kitchen,Children
78250776402,274991,26-10-2012,4,1,4,114,47.88,503.88,Flagship store,Clothing,Mens
93317606399,267025,26-10-2012,4,3,2,188,39.48,415.48,Flagship store,Electronics,Mens
79577367752,269950,26-10-2012,8,3,5,78,40.95,430.95,Flagship store,Electronics,Personal Appliances
37894402855,274461,25-10-2012,10,5,2,179,37.59,395.59,Flagship store,Books,Audio and video
29977331726,269390,25-10-2012,1,2,1,173,18.165,191.165,Flagship store,Footwear,Women
21858863677,272289,25-10-2012,12,6,3,956,301.14,3169.14,e-Shop,Home and kitchen,Academic
5689574044,268600,25-10-2012,1,2,-2,-852,178.92,-1882.92,e-Shop,Footwear,Women
3414911246,269120,25-10-2012,11,6,1,111,11.655,122.655,MBR,Home and kitchen,Children
21737622909,270742,25-10-2012,1,4,2,1383,290.43,3056.43,MBR,Bags,Women
54440664088,274025,25-10-2012,3,1,3,395,124.425,1309.425,Flagship store,Clothing,Kids
24128401981,270675,25-10-2012,3,5,1,879,92.295,971.295,Flagship store,Books,Kids
5531468416,275252,25-10-2012,7,5,5,1306,685.65,7215.65,e-Shop,Books,Fiction
52876145402,270443,25-10-2012,9,3,4,1478,620.76,6532.76,MBR,Electronics,Cameras
79059585885,272141,25-10-2012,5,3,2,1354,284.34,2992.34,e-Shop,Electronics,Computers
84578293616,270428,25-10-2012,7,5,1,1477,155.085,1632.085,e-Shop,Books,Fiction
63809257513,271147,25-10-2012,4,1,4,1313,551.46,5803.46,e-Shop,Clothing,Mens
81301327576,274552,25-10-2012,11,6,3,962,303.03,3189.03,e-Shop,Home and kitchen,Children
83905966202,268402,25-10-2012,10,3,2,1336,280.56,2952.56,Flagship store,Electronics,Audio and video
93494920882,274896,25-10-2012,9,3,2,191,40.11,422.11,MBR,Electronics,Cameras
65984917274,267474,25-10-2012,4,4,4,205,86.1,906.1,Flagship store,Bags,Mens
69251043681,273909,25-10-2012,4,1,-3,-1246,392.49,-4130.49,e-Shop,Clothing,Mens
61815626775,275017,24-10-2012,1,4,3,884,278.46,2930.46,e-Shop,Bags,Women
42167751757,267652,24-10-2012,10,5,2,620,130.2,1370.2,TeleShop,Books,Audio and video
48405925018,271806,24-10-2012,10,5,4,1244,522.48,5498.48,e-Shop,Books,Audio and video
52462141051,268956,24-10-2012,5,3,5,1388,728.7,7668.7,Flagship store,Electronics,Computers
42996311295,271191,24-10-2012,6,5,3,1313,413.595,4352.595,e-Shop,Books,DIY
12433345014,274875,24-10-2012,4,2,2,1448,304.08,3200.08,MBR,Footwear,Mens
14790949468,273878,24-10-2012,3,5,1,643,67.515,710.515,e-Shop,Books,Kids
34615161504,268651,24-10-2012,7,5,4,700,294,3094,e-Shop,Books,Fiction
53908797476,274832,24-10-2012,4,4,4,1298,545.16,5737.16,Flagship store,Bags,Mens
89387755711,271042,24-10-2012,11,5,2,1136,238.56,2510.56,e-Shop,Books,Children
71528092462,270020,24-10-2012,3,1,5,250,131.25,1381.25,e-Shop,Clothing,Kids
81755117752,271286,24-10-2012,10,6,5,127,66.675,701.675,Flagship store,Home and kitchen,Audio and video
82212266378,267844,24-10-2012,10,5,4,1141,479.22,5043.22,MBR,Books,Audio and video
86546883501,267032,24-10-2012,7,5,-1,-648,68.04,-716.04,TeleShop,Books,Fiction
70687849103,273216,24-10-2012,4,3,4,317,133.14,1401.14,e-Shop,Electronics,Mens
37236787300,274362,23-10-2012,7,5,4,72,30.24,318.24,e-Shop,Books,Fiction
10702245538,272794,23-10-2012,4,3,3,1184,372.96,3924.96,e-Shop,Electronics,Mens
52281382652,269506,23-10-2012,12,5,2,582,122.22,1286.22,e-Shop,Books,Academic
54208881417,273011,23-10-2012,10,5,1,313,32.865,345.865,e-Shop,Books,Audio and video
19717873362,268512,23-10-2012,1,1,2,392,82.32,866.32,Flagship store,Clothing,Women
2105262892,272474,23-10-2012,2,6,1,75,7.875,82.875,TeleShop,Home and kitchen,Furnishing
6697912508,267246,23-10-2012,1,2,5,937,491.925,5176.925,MBR,Footwear,Women
12894419857,267012,23-10-2012,4,4,4,831,349.02,3673.02,e-Shop,Bags,Mens
56490484533,275162,23-10-2012,11,5,-5,-1134,595.35,-6265.35,e-Shop,Books,Children
34787302979,268343,23-10-2012,10,6,4,482,202.44,2130.44,e-Shop,Home and kitchen,Audio and video
59564330590,271313,23-10-2012,5,3,3,973,306.495,3225.495,e-Shop,Electronics,Computers
9415393233,272642,23-10-2012,1,4,2,399,83.79,881.79,e-Shop,Bags,Women
62405345595,275038,23-10-2012,4,2,4,1076,451.92,4755.92,Flagship store,Footwear,Mens
50672237319,274748,23-10-2012,4,3,-1,-93,9.765,-102.765,MBR,Electronics,Mens
78390842818,269997,23-10-2012,9,3,4,1371,575.82,6059.82,Flagship store,Electronics,Cameras
92901899164,272116,23-10-2012,6,5,3,962,303.03,3189.03,TeleShop,Books,DIY
75759842669,271862,23-10-2012,1,1,5,994,521.85,5491.85,e-Shop,Clothing,Women
90135381443,267361,23-10-2012,11,5,4,1231,517.02,5441.02,e-Shop,Books,Children
68994496317,271791,23-10-2012,9,3,4,815,342.3,3602.3,e-Shop,Electronics,Cameras
85765819235,267785,23-10-2012,1,1,5,71,37.275,392.275,e-Shop,Clothing,Women
85356038550,269911,23-10-2012,11,6,4,1325,556.5,5856.5,MBR,Home and kitchen,Children
64758538991,268799,23-10-2012,3,2,1,1250,131.25,1381.25,e-Shop,Footwear,Kids
68117662262,268090,23-10-2012,3,2,-2,-484,101.64,-1069.64,e-Shop,Footwear,Kids
91631152640,274924,23-10-2012,1,4,5,699,366.975,3861.975,TeleShop,Bags,Women
55465102259,273077,22-10-2012,4,4,3,1030,324.45,3414.45,e-Shop,Bags,Mens
23964942280,266936,22-10-2012,4,3,3,1479,465.885,4902.885,e-Shop,Electronics,Mens
13552452503,271278,22-10-2012,3,2,-3,-1379,434.385,-4571.385,e-Shop,Footwear,Kids
61812663262,267673,22-10-2012,11,5,1,117,12.285,129.285,MBR,Books,Children
56490484533,275162,22-10-2012,11,5,5,1134,595.35,6265.35,e-Shop,Books,Children
19411634130,270225,22-10-2012,4,2,2,878,184.38,1940.38,e-Shop,Footwear,Mens
44859779314,274145,22-10-2012,11,6,3,1086,342.09,3600.09,e-Shop,Home and kitchen,Children
55559238312,272664,22-10-2012,12,6,2,881,185.01,1947.01,e-Shop,Home and kitchen,Academic
25554803686,274014,22-10-2012,4,4,2,980,205.8,2165.8,TeleShop,Bags,Mens
32183248599,270384,22-10-2012,7,5,5,103,54.075,569.075,MBR,Books,Fiction
26208690928,274308,22-10-2012,1,2,2,898,188.58,1984.58,MBR,Footwear,Women
99834290885,272654,22-10-2012,7,5,5,369,193.725,2038.725,MBR,Books,Fiction
95369501742,269859,22-10-2012,4,4,-1,-394,41.37,-435.37,e-Shop,Bags,Mens
84610695408,272457,22-10-2012,12,5,4,929,390.18,4106.18,e-Shop,Books,Academic
91362249572,271160,22-10-2012,3,5,5,206,108.15,1138.15,e-Shop,Books,Kids
82583061356,272987,22-10-2012,3,1,5,972,510.3,5370.3,e-Shop,Clothing,Kids
84024846956,274087,22-10-2012,4,4,-3,-118,37.17,-391.17,Flagship store,Bags,Mens
98240802156,269002,22-10-2012,7,5,3,174,54.81,576.81,Flagship store,Books,Fiction
7943594171,268722,21-10-2012,12,5,1,859,90.195,949.195,e-Shop,Books,Academic
59022808459,271169,21-10-2012,4,4,3,1493,470.295,4949.295,Flagship store,Bags,Mens
48727689115,270330,21-10-2012,4,3,-4,-1158,486.36,-5118.36,TeleShop,Electronics,Mens
47649066925,273226,21-10-2012,12,6,1,939,98.595,1037.595,e-Shop,Home and kitchen,Academic
41516403948,275204,21-10-2012,11,6,-2,-324,68.04,-716.04,MBR,Home and kitchen,Children
1428024600,272225,21-10-2012,6,5,1,335,35.175,370.175,Flagship store,Books,DIY
45128515735,270664,21-10-2012,6,5,5,761,399.525,4204.525,Flagship store,Books,DIY
37084223238,270451,21-10-2012,3,5,2,642,134.82,1418.82,e-Shop,Books,Kids
36659165878,268562,21-10-2012,10,6,4,1057,443.94,4671.94,TeleShop,Home and kitchen,Audio and video
48727689115,270330,21-10-2012,4,3,-4,-1158,486.36,-5118.36,TeleShop,Electronics,Mens
228053768,272904,21-10-2012,11,5,3,1150,362.25,3812.25,TeleShop,Books,Children
37861794755,268312,21-10-2012,12,6,2,275,57.75,607.75,Flagship store,Home and kitchen,Academic
44059876965,273955,21-10-2012,8,3,1,1302,136.71,1438.71,e-Shop,Electronics,Personal Appliances
5914421333,275089,21-10-2012,8,3,5,1486,780.15,8210.15,e-Shop,Electronics,Personal Appliances
55135390765,271260,21-10-2012,11,6,5,438,229.95,2419.95,MBR,Home and kitchen,Children
16375450124,273202,21-10-2012,1,4,-2,-441,92.61,-974.61,Flagship store,Bags,Women
84775818821,269734,21-10-2012,1,2,2,604,126.84,1334.84,MBR,Footwear,Women
69540827894,272902,21-10-2012,1,1,4,288,120.96,1272.96,MBR,Clothing,Women
66758238709,267179,21-10-2012,10,3,5,462,242.55,2552.55,MBR,Electronics,Audio and video
67214655197,271562,21-10-2012,1,2,5,1178,618.45,6508.45,e-Shop,Footwear,Women
68854462935,266867,21-10-2012,12,5,1,862,90.51,952.51,MBR,Books,Academic
94526810386,273662,21-10-2012,10,3,5,1274,668.85,7038.85,e-Shop,Electronics,Audio and video
69259376056,268183,21-10-2012,6,5,1,1208,126.84,1334.84,Flagship store,Books,DIY
98477711300,266783,21-10-2012,4,1,3,93,29.295,308.295,TeleShop,Clothing,Mens
96748485354,269271,21-10-2012,4,3,3,742,233.73,2459.73,Flagship store,Electronics,Mens
51189134994,273251,20-10-2012,3,2,2,883,185.43,1951.43,e-Shop,Footwear,Kids
3267236908,266907,20-10-2012,4,4,3,519,163.485,1720.485,e-Shop,Bags,Mens
62612112025,269846,20-10-2012,4,3,-2,-622,130.62,-1374.62,e-Shop,Electronics,Mens
55025618656,273243,20-10-2012,12,6,3,1297,408.555,4299.555,e-Shop,Home and kitchen,Academic
22923775431,268419,20-10-2012,4,3,3,977,307.755,3238.755,e-Shop,Electronics,Mens
38642014721,273842,20-10-2012,10,6,4,1268,532.56,5604.56,e-Shop,Home and kitchen,Audio and video
17177339873,271322,20-10-2012,2,6,1,1353,142.065,1495.065,e-Shop,Home and kitchen,Furnishing
51564734932,272838,20-10-2012,8,3,3,1388,437.22,4601.22,TeleShop,Electronics,Personal Appliances
54634484211,267025,20-10-2012,12,5,4,398,167.16,1759.16,e-Shop,Books,Academic
5134485272,267419,20-10-2012,12,6,1,667,70.035,737.035,MBR,Home and kitchen,Academic
8209906333,272699,20-10-2012,1,2,2,1208,253.68,2669.68,TeleShop,Footwear,Women
41516403948,275204,20-10-2012,11,6,2,324,68.04,716.04,MBR,Home and kitchen,Children
48727689115,270330,20-10-2012,4,3,4,1158,486.36,5118.36,TeleShop,Electronics,Mens
73197006529,273100,20-10-2012,1,1,1,442,46.41,488.41,Flagship store,Clothing,Women
74573244983,270176,20-10-2012,12,6,1,355,37.275,392.275,MBR,Home and kitchen,Academic
85467930445,274566,20-10-2012,6,5,-1,-913,95.865,-1008.865,e-Shop,Books,DIY
82507677162,273537,20-10-2012,3,1,5,1035,543.375,5718.375,MBR,Clothing,Kids
75606758393,274044,20-10-2012,9,3,1,1185,124.425,1309.425,MBR,Electronics,Cameras
86661340759,274365,20-10-2012,11,6,5,1473,773.325,8138.325,Flagship store,Home and kitchen,Children
64744412893,271193,20-10-2012,4,1,3,332,104.58,1100.58,Flagship store,Clothing,Mens
69840722564,271665,20-10-2012,5,3,5,103,54.075,569.075,e-Shop,Electronics,Computers
85212459878,273849,20-10-2012,4,3,4,1337,561.54,5909.54,TeleShop,Electronics,Mens
84791485501,274462,20-10-2012,5,3,3,993,312.795,3291.795,TeleShop,Electronics,Computers
86546883501,267032,20-10-2012,7,5,1,648,68.04,716.04,TeleShop,Books,Fiction
87229727122,274722,20-10-2012,9,3,4,1480,621.6,6541.6,e-Shop,Electronics,Cameras
14620904872,267738,19-10-2012,4,4,1,382,40.11,422.11,e-Shop,Bags,Mens
11194778619,269273,19-10-2012,11,5,3,1257,395.955,4166.955,Flagship store,Books,Children
3171596266,270633,19-10-2012,12,5,-2,-1008,211.68,-2227.68,e-Shop,Books,Academic
38967780297,268473,19-10-2012,10,3,3,297,93.555,984.555,TeleShop,Electronics,Audio and video
36733514042,269052,19-10-2012,3,2,3,844,265.86,2797.86,MBR,Footwear,Kids
27393969401,273496,19-10-2012,8,3,1,242,25.41,267.41,TeleShop,Electronics,Personal Appliances
43147041577,273166,19-10-2012,1,4,1,1070,112.35,1182.35,e-Shop,Bags,Women
1855122890,270322,19-10-2012,5,3,4,156,65.52,689.52,e-Shop,Electronics,Computers
37434376269,274554,19-10-2012,1,2,5,1011,530.775,5585.775,TeleShop,Footwear,Women
16375450124,273202,19-10-2012,1,4,2,441,92.61,974.61,Flagship store,Bags,Women
43286387784,269155,19-10-2012,5,3,5,1157,607.425,6392.425,MBR,Electronics,Computers
32488059619,270302,19-10-2012,3,1,3,256,80.64,848.64,e-Shop,Clothing,Kids
24177114711,270309,19-10-2012,1,1,-4,-1073,450.66,-4742.66,e-Shop,Clothing,Women
86668912856,273595,19-10-2012,3,5,3,1139,358.785,3775.785,TeleShop,Books,Kids
91431403173,274076,19-10-2012,4,3,4,1014,425.88,4481.88,TeleShop,Electronics,Mens
97037129597,271827,19-10-2012,10,6,-1,-559,58.695,-617.695,e-Shop,Home and kitchen,Audio and video
69357056044,270291,19-10-2012,3,1,4,947,397.74,4185.74,e-Shop,Clothing,Kids
88790177677,269557,19-10-2012,1,4,2,831,174.51,1836.51,TeleShop,Bags,Women
82118341732,269508,19-10-2012,3,1,4,533,223.86,2355.86,e-Shop,Clothing,Kids
99412781754,273917,19-10-2012,12,6,2,153,32.13,338.13,e-Shop,Home and kitchen,Academic
34326183436,274054,18-10-2012,8,3,2,826,173.46,1825.46,e-Shop,Electronics,Personal Appliances
50672237319,274748,18-10-2012,4,3,1,93,9.765,102.765,MBR,Electronics,Mens
12256001048,270506,18-10-2012,2,6,1,1439,151.095,1590.095,e-Shop,Home and kitchen,Furnishing
36209551365,267924,18-10-2012,2,6,3,669,210.735,2217.735,e-Shop,Home and kitchen,Furnishing
22473497751,266806,18-10-2012,12,6,1,468,49.14,517.14,e-Shop,Home and kitchen,Academic
23923626371,269444,18-10-2012,4,4,5,733,384.825,4049.825,Flagship store,Bags,Mens
2905157586,269357,18-10-2012,12,6,1,1209,126.945,1335.945,TeleShop,Home and kitchen,Academic
45867479881,268383,18-10-2012,4,3,4,1409,591.78,6227.78,Flagship store,Electronics,Mens
1718291105,268081,18-10-2012,9,3,4,662,278.04,2926.04,MBR,Electronics,Cameras
855476755,275172,18-10-2012,12,6,5,833,437.325,4602.325,e-Shop,Home and kitchen,Academic
3131922819,269351,18-10-2012,1,1,3,815,256.725,2701.725,MBR,Clothing,Women
87150212980,274550,18-10-2012,11,5,1,1019,106.995,1125.995,e-Shop,Books,Children
82885924626,274861,18-10-2012,10,3,5,668,350.7,3690.7,Flagship store,Electronics,Audio and video
95850158775,272775,18-10-2012,11,6,5,1062,557.55,5867.55,Flagship store,Home and kitchen,Children
96440085749,270365,18-10-2012,4,4,1,699,73.395,772.395,MBR,Bags,Mens
77209969926,269519,18-10-2012,10,6,2,466,97.86,1029.86,e-Shop,Home and kitchen,Audio and video
71536054264,268486,18-10-2012,4,3,4,310,130.2,1370.2,TeleShop,Electronics,Mens
27103293370,273960,17-10-2012,3,1,2,1482,311.22,3275.22,TeleShop,Clothing,Kids
20555489190,273575,17-10-2012,3,5,4,668,280.56,2952.56,TeleShop,Books,Kids
3966210009,274237,17-10-2012,11,5,4,800,336,3536,Flagship store,Books,Children
5573849576,267698,17-10-2012,10,3,3,1355,426.825,4491.825,Flagship store,Electronics,Audio and video
43766129662,268973,17-10-2012,6,5,2,745,156.45,1646.45,MBR,Books,DIY
34518399421,269967,17-10-2012,1,1,2,729,153.09,1611.09,e-Shop,Clothing,Women
60802267740,273027,17-10-2012,10,6,3,1448,456.12,4800.12,TeleShop,Home and kitchen,Audio and video
60044258615,268018,17-10-2012,3,5,5,393,206.325,2171.325,e-Shop,Books,Kids
40494364031,268806,17-10-2012,8,3,3,627,197.505,2078.505,e-Shop,Electronics,Personal Appliances
34290927185,273737,17-10-2012,12,5,1,361,37.905,398.905,Flagship store,Books,Academic
48393648399,271793,17-10-2012,3,2,2,1357,284.97,2998.97,e-Shop,Footwear,Kids
30840764831,274483,17-10-2012,11,5,2,693,145.53,1531.53,e-Shop,Books,Children
50552007526,273337,17-10-2012,3,2,2,547,114.87,1208.87,e-Shop,Footwear,Kids
54591065653,273570,17-10-2012,9,3,1,802,84.21,886.21,e-Shop,Electronics,Cameras
31364521697,270037,17-10-2012,10,5,1,1359,142.695,1501.695,MBR,Books,Audio and video
55478085724,273201,17-10-2012,10,3,4,477,200.34,2108.34,e-Shop,Electronics,Audio and video
74986237009,272925,17-10-2012,9,3,3,277,87.255,918.255,e-Shop,Electronics,Cameras
89220429742,269033,17-10-2012,12,6,4,1013,425.46,4477.46,Flagship store,Home and kitchen,Academic
74742449100,267783,17-10-2012,4,3,3,488,153.72,1617.72,Flagship store,Electronics,Mens
68886181758,266921,17-10-2012,2,6,-1,-117,12.285,-129.285,MBR,Home and kitchen,Furnishing
80755397171,269172,17-10-2012,2,6,2,948,199.08,2095.08,e-Shop,Home and kitchen,Furnishing
74393352289,274247,17-10-2012,7,5,2,150,31.5,331.5,Flagship store,Books,Fiction
71779241870,272907,17-10-2012,10,6,3,410,129.15,1359.15,TeleShop,Home and kitchen,Audio and video
88923771189,273643,17-10-2012,9,3,5,834,437.85,4607.85,e-Shop,Electronics,Cameras
84024846956,274087,17-10-2012,4,4,3,118,37.17,391.17,Flagship store,Bags,Mens
84775697313,270020,17-10-2012,3,5,3,1346,423.99,4461.99,Flagship store,Books,Kids
72218052163,272473,17-10-2012,4,3,4,106,44.52,468.52,TeleShop,Electronics,Mens
85467930445,274566,17-10-2012,6,5,1,913,95.865,1008.865,e-Shop,Books,DIY
7778042642,270396,16-10-2012,6,5,1,989,103.845,1092.845,TeleShop,Books,DIY
5226415514,269356,16-10-2012,4,3,3,271,85.365,898.365,Flagship store,Electronics,Mens
39749212647,268740,16-10-2012,3,2,4,1254,526.68,5542.68,TeleShop,Footwear,Kids
46438728231,275177,16-10-2012,3,1,5,1251,656.775,6911.775,Flagship store,Clothing,Kids
4197062834,273481,16-10-2012,1,1,4,657,275.94,2903.94,MBR,Clothing,Women
61224229845,267295,16-10-2012,4,2,1,1115,117.075,1232.075,MBR,Footwear,Mens
24464318928,273821,16-10-2012,3,5,2,219,45.99,483.99,e-Shop,Books,Kids
5689574044,268600,16-10-2012,1,2,2,852,178.92,1882.92,e-Shop,Footwear,Women
62612112025,269846,16-10-2012,4,3,2,622,130.62,1374.62,e-Shop,Electronics,Mens
24177114711,270309,16-10-2012,1,1,4,1073,450.66,4742.66,e-Shop,Clothing,Women
43393564750,272919,16-10-2012,4,1,3,217,68.355,719.355,MBR,Clothing,Mens
83265778032,268994,16-10-2012,10,5,3,591,186.165,1959.165,TeleShop,Books,Audio and video
81383952229,271437,16-10-2012,4,4,4,1271,533.82,5617.82,Flagship store,Bags,Mens
96689377180,272791,16-10-2012,4,3,5,1089,571.725,6016.725,Flagship store,Electronics,Mens
99837614843,267974,16-10-2012,6,5,5,601,315.525,3320.525,TeleShop,Books,DIY
92403460787,269920,16-10-2012,4,2,3,1100,346.5,3646.5,Flagship store,Footwear,Mens
70895817259,272672,16-10-2012,4,1,5,953,500.325,5265.325,Flagship store,Clothing,Mens
23201340096,272515,15-10-2012,11,6,1,556,58.38,614.38,e-Shop,Home and kitchen,Children
37073738510,266959,15-10-2012,12,6,3,459,144.585,1521.585,TeleShop,Home and kitchen,Academic
13552452503,271278,15-10-2012,3,2,3,1379,434.385,4571.385,e-Shop,Footwear,Kids
25952758318,267639,15-10-2012,2,6,4,1250,525,5525,TeleShop,Home and kitchen,Furnishing
42065123299,274880,15-10-2012,1,2,1,1280,134.4,1414.4,e-Shop,Footwear,Women
8131501622,267580,15-10-2012,11,6,-1,-1294,135.87,-1429.87,TeleShop,Home and kitchen,Children
54022740171,274668,15-10-2012,3,2,4,891,374.22,3938.22,e-Shop,Footwear,Kids
11254489463,268456,15-10-2012,6,5,5,676,354.9,3734.9,MBR,Books,DIY
4663144753,274056,15-10-2012,10,6,4,1378,578.76,6090.76,e-Shop,Home and kitchen,Audio and video
58975463293,270072,15-10-2012,1,4,2,493,103.53,1089.53,e-Shop,Bags,Women
56702946263,269546,15-10-2012,12,5,2,1446,303.66,3195.66,MBR,Books,Academic
25622710837,274284,15-10-2012,3,5,2,1362,286.02,3010.02,MBR,Books,Kids
47916639450,269546,15-10-2012,2,6,2,134,28.14,296.14,TeleShop,Home and kitchen,Furnishing
49182764418,270803,15-10-2012,2,6,1,533,55.965,588.965,MBR,Home and kitchen,Furnishing
79993402328,272987,15-10-2012,10,5,-4,-256,107.52,-1131.52,TeleShop,Books,Audio and video
69251043681,273909,15-10-2012,4,1,3,1246,392.49,4130.49,e-Shop,Clothing,Mens
80605853786,271404,15-10-2012,1,1,5,1483,778.575,8193.575,TeleShop,Clothing,Women
72797678280,271205,15-10-2012,4,2,1,1256,131.88,1387.88,e-Shop,Footwear,Mens
95976875203,275064,15-10-2012,7,5,3,102,32.13,338.13,Flagship store,Books,Fiction
92487371579,269058,15-10-2012,10,6,1,82,8.61,90.61,MBR,Home and kitchen,Audio and video
77980343185,269026,15-10-2012,11,5,5,298,156.45,1646.45,e-Shop,Books,Children
67716801310,269792,15-10-2012,1,2,2,232,48.72,512.72,Flagship store,Footwear,Women
68117662262,268090,15-10-2012,3,2,2,484,101.64,1069.64,e-Shop,Footwear,Kids
39661079820,272564,14-10-2012,4,3,4,489,205.38,2161.38,Flagship store,Electronics,Mens
5929694444,270631,14-10-2012,4,4,3,131,41.265,434.265,MBR,Bags,Mens
48515918191,275188,14-10-2012,1,1,4,386,162.12,1706.12,e-Shop,Clothing,Women
14404429665,272470,14-10-2012,4,4,1,311,32.655,343.655,e-Shop,Bags,Mens
7449738565,271120,14-10-2012,3,5,2,519,108.99,1146.99,Flagship store,Books,Kids
54656841370,270407,14-10-2012,5,3,1,527,55.335,582.335,MBR,Electronics,Computers
3859045061,267547,14-10-2012,3,5,1,332,34.86,366.86,e-Shop,Books,Kids
25447628729,271307,14-10-2012,5,3,4,518,217.56,2289.56,e-Shop,Electronics,Computers
17023865499,267575,14-10-2012,6,5,2,877,184.17,1938.17,TeleShop,Books,DIY
7411449439,270706,14-10-2012,10,3,5,807,423.675,4458.675,e-Shop,Electronics,Audio and video
25764256262,272387,14-10-2012,12,5,3,86,27.09,285.09,TeleShop,Books,Academic
17527366245,271527,14-10-2012,1,2,5,1339,702.975,7397.975,e-Shop,Footwear,Women
40891283980,272939,14-10-2012,3,2,4,208,87.36,919.36,e-Shop,Footwear,Kids
62068865330,272127,14-10-2012,10,6,5,942,494.55,5204.55,e-Shop,Home and kitchen,Audio and video
48568933897,270337,14-10-2012,12,6,3,1396,439.74,4627.74,e-Shop,Home and kitchen,Academic
56196110905,269028,14-10-2012,10,5,1,593,62.265,655.265,TeleShop,Books,Audio and video
56844530655,268408,14-10-2012,1,2,5,1175,616.875,6491.875,MBR,Footwear,Women
35250843051,267558,14-10-2012,4,3,3,113,35.595,374.595,Flagship store,Electronics,Mens
71211988330,275216,14-10-2012,1,1,4,289,121.38,1277.38,e-Shop,Clothing,Women
66939595968,273532,14-10-2012,11,6,-1,-973,102.165,-1075.165,e-Shop,Home and kitchen,Children
86150409618,266919,14-10-2012,9,3,5,905,475.125,5000.125,TeleShop,Electronics,Cameras
88672510797,274093,14-10-2012,4,2,-5,-1378,723.45,-7613.45,MBR,Footwear,Mens
63476171668,267550,14-10-2012,12,5,2,1187,249.27,2623.27,e-Shop,Books,Academic
77120918687,267028,14-10-2012,7,5,5,1174,616.35,6486.35,TeleShop,Books,Fiction
80564181964,268074,14-10-2012,1,4,2,284,59.64,627.64,e-Shop,Bags,Women
78163640013,271543,14-10-2012,11,6,1,743,78.015,821.015,e-Shop,Home and kitchen,Children
82324989243,270526,14-10-2012,12,6,5,609,319.725,3364.725,MBR,Home and kitchen,Academic
27189675281,271897,13-10-2012,7,5,-5,-1129,592.725,-6237.725,e-Shop,Books,Fiction
27309075710,272916,13-10-2012,5,3,5,108,56.7,596.7,MBR,Electronics,Computers
7198999807,267649,13-10-2012,3,5,3,279,87.885,924.885,MBR,Books,Kids
12917093742,270098,13-10-2012,6,5,4,303,127.26,1339.26,e-Shop,Books,DIY
11345319006,268319,13-10-2012,1,1,5,1385,727.125,7652.125,TeleShop,Clothing,Women
36340935034,273878,13-10-2012,9,3,1,202,21.21,223.21,TeleShop,Electronics,Cameras
15734167533,271820,13-10-2012,3,5,5,1403,736.575,7751.575,e-Shop,Books,Kids
28592709527,269886,13-10-2012,1,2,3,351,110.565,1163.565,e-Shop,Footwear,Women
31059016475,271712,13-10-2012,1,1,3,626,197.19,2075.19,MBR,Clothing,Women
59689219581,274567,13-10-2012,6,5,3,622,195.93,2061.93,e-Shop,Books,DIY
23650595019,270675,13-10-2012,6,5,2,1320,277.2,2917.2,MBR,Books,DIY
29293751605,274644,13-10-2012,4,2,-2,-746,156.66,-1648.66,Flagship store,Footwear,Mens
44718128135,270349,13-10-2012,4,4,3,1417,446.355,4697.355,MBR,Bags,Mens
82498204494,273739,13-10-2012,3,1,2,207,43.47,457.47,MBR,Clothing,Kids
79029063790,273326,13-10-2012,3,5,5,72,37.8,397.8,Flagship store,Books,Kids
94725024895,268634,13-10-2012,6,5,4,1257,527.94,5555.94,MBR,Books,DIY
76108542776,273662,13-10-2012,1,1,-1,-1255,131.775,-1386.775,MBR,Clothing,Women
73814753956,274567,13-10-2012,11,6,3,931,293.265,3086.265,e-Shop,Home and kitchen,Children
95369501742,269859,13-10-2012,4,4,1,394,41.37,435.37,e-Shop,Bags,Mens
11386556752,268628,12/10/2012,4,2,5,1406,738.15,7768.15,Flagship store,Footwear,Mens
13927222613,273608,12/10/2012,8,3,2,749,157.29,1655.29,Flagship store,Electronics,Personal Appliances
16746087049,270741,12/10/2012,4,4,3,428,134.82,1418.82,e-Shop,Bags,Mens
5404039898,271907,12/10/2012,2,6,4,1125,472.5,4972.5,TeleShop,Home and kitchen,Furnishing
3171596266,270633,12/10/2012,12,5,2,1008,211.68,2227.68,e-Shop,Books,Academic
10498242288,275215,12/10/2012,1,2,-4,-482,202.44,-2130.44,e-Shop,Footwear,Women
58422555109,269739,12/10/2012,3,1,-4,-910,382.2,-4022.2,MBR,Clothing,Kids
22261461229,275123,12/10/2012,11,6,1,1152,120.96,1272.96,Flagship store,Home and kitchen,Children
8850460148,267016,12/10/2012,9,3,1,329,34.545,363.545,e-Shop,Electronics,Cameras
19250580034,272981,12/10/2012,11,6,3,1412,444.78,4680.78,MBR,Home and kitchen,Children
43654344815,273992,12/10/2012,1,2,5,1063,558.075,5873.075,e-Shop,Footwear,Women
62787059817,268906,12/10/2012,4,3,3,924,291.06,3063.06,Flagship store,Electronics,Mens
49840446696,267251,12/10/2012,8,3,3,624,196.56,2068.56,Flagship store,Electronics,Personal Appliances
17477202617,271039,12/10/2012,11,6,1,988,103.74,1091.74,e-Shop,Home and kitchen,Children
74227085818,273882,12/10/2012,5,3,5,1212,636.3,6696.3,MBR,Electronics,Computers
68886181758,266921,12/10/2012,2,6,1,117,12.285,129.285,MBR,Home and kitchen,Furnishing
79993402328,272987,12/10/2012,10,5,4,256,107.52,1131.52,TeleShop,Books,Audio and video
77899450512,271843,12/10/2012,4,3,5,227,119.175,1254.175,e-Shop,Electronics,Mens
92731353939,266854,12/10/2012,4,4,3,886,279.09,2937.09,e-Shop,Bags,Mens
72612714436,271104,12/10/2012,4,2,4,1118,469.56,4941.56,MBR,Footwear,Mens
97037129597,271827,12/10/2012,10,6,1,559,58.695,617.695,e-Shop,Home and kitchen,Audio and video
87049015584,271260,12/10/2012,1,1,3,574,180.81,1902.81,e-Shop,Clothing,Women
96400874447,273928,12/10/2012,12,6,3,964,303.66,3195.66,Flagship store,Home and kitchen,Academic
65988711103,274861,12/10/2012,10,3,1,1369,143.745,1512.745,e-Shop,Electronics,Audio and video
92421744558,272187,12/10/2012,6,5,-1,-329,34.545,-363.545,MBR,Books,DIY
68446080180,274652,12/10/2012,4,4,-1,-409,42.945,-451.945,TeleShop,Bags,Mens
26269109109,271306,11/10/2012,1,1,3,891,280.665,2953.665,MBR,Clothing,Women
1551902938,273081,11/10/2012,4,2,-3,-880,277.2,-2917.2,MBR,Footwear,Mens
36884167184,274068,11/10/2012,5,3,1,494,51.87,545.87,MBR,Electronics,Computers
45200790320,274798,11/10/2012,4,3,4,461,193.62,2037.62,Flagship store,Electronics,Mens
8131501622,267580,11/10/2012,11,6,1,1294,135.87,1429.87,TeleShop,Home and kitchen,Children
46573227481,267547,11/10/2012,12,5,-5,-442,232.05,-2442.05,MBR,Books,Academic
40678283758,270036,11/10/2012,1,2,-3,-370,116.55,-1226.55,e-Shop,Footwear,Women
27830691438,273739,11/10/2012,9,3,5,1392,730.8,7690.8,MBR,Electronics,Cameras
34139472146,267252,11/10/2012,3,2,5,1344,705.6,7425.6,TeleShop,Footwear,Kids
39596395443,268377,11/10/2012,8,3,3,555,174.825,1839.825,TeleShop,Electronics,Personal Appliances
4094485820,271740,11/10/2012,7,5,5,1469,771.225,8116.225,e-Shop,Books,Fiction
9115212680,275220,11/10/2012,10,5,2,888,186.48,1962.48,MBR,Books,Audio and video
10074127900,272735,11/10/2012,1,4,2,1339,281.19,2959.19,MBR,Bags,Women
29521793450,267890,11/10/2012,11,5,1,1448,152.04,1600.04,TeleShop,Books,Children
13672030234,268689,11/10/2012,1,2,5,168,88.2,928.2,TeleShop,Footwear,Women
39134084775,271407,11/10/2012,1,4,5,1281,672.525,7077.525,e-Shop,Bags,Women
55302963952,269536,11/10/2012,9,3,1,1309,137.445,1446.445,TeleShop,Electronics,Cameras
21188048882,267756,11/10/2012,5,3,4,1126,472.92,4976.92,e-Shop,Electronics,Computers
22043878633,269490,11/10/2012,3,1,4,846,355.32,3739.32,TeleShop,Clothing,Kids
75240060367,269718,11/10/2012,12,5,3,1297,408.555,4299.555,Flagship store,Books,Academic
90211110530,274040,11/10/2012,1,4,2,1315,276.15,2906.15,e-Shop,Bags,Women
63447621201,271950,11/10/2012,2,6,1,1408,147.84,1555.84,e-Shop,Home and kitchen,Furnishing
95490174442,269327,11/10/2012,4,2,2,160,33.6,353.6,Flagship store,Footwear,Mens
66939595968,273532,11/10/2012,11,6,1,973,102.165,1075.165,e-Shop,Home and kitchen,Children
76113339132,269991,11/10/2012,10,6,2,816,171.36,1803.36,MBR,Home and kitchen,Audio and video
84327532743,273110,11/10/2012,10,3,5,327,171.675,1806.675,e-Shop,Electronics,Audio and video
74536778075,273383,11/10/2012,4,3,5,1335,700.875,7375.875,Flagship store,Electronics,Mens
94947963332,272648,11/10/2012,10,5,1,1173,123.165,1296.165,MBR,Books,Audio and video
88842946711,274278,11/10/2012,12,5,-2,-133,27.93,-293.93,TeleShop,Books,Academic
71813051761,271821,11/10/2012,7,5,4,449,188.58,1984.58,MBR,Books,Fiction
69593026809,274101,11/10/2012,3,5,1,121,12.705,133.705,MBR,Books,Kids
26897900574,272911,10/10/2012,10,5,1,569,59.745,628.745,e-Shop,Books,Audio and video
44469515537,275006,10/10/2012,3,1,4,1174,493.08,5189.08,e-Shop,Clothing,Kids
53225250659,273896,10/10/2012,10,3,5,1085,569.625,5994.625,e-Shop,Electronics,Audio and video
62569973226,273317,10/10/2012,1,2,3,680,214.2,2254.2,MBR,Footwear,Women
58804781082,272331,10/10/2012,11,5,2,440,92.4,972.4,e-Shop,Books,Children
47270768194,274789,10/10/2012,10,5,2,296,62.16,654.16,e-Shop,Books,Audio and video
32876880290,267715,10/10/2012,3,1,-5,-212,111.3,-1171.3,Flagship store,Clothing,Kids
26044174564,271533,10/10/2012,1,2,3,878,276.57,2910.57,e-Shop,Footwear,Women
53571744079,275086,10/10/2012,4,2,3,844,265.86,2797.86,Flagship store,Footwear,Mens
41796411092,272383,10/10/2012,9,3,3,703,221.445,2330.445,Flagship store,Electronics,Cameras
55538130925,270234,10/10/2012,4,3,1,665,69.825,734.825,e-Shop,Electronics,Mens
3814639298,272831,10/10/2012,3,1,4,1267,532.14,5600.14,e-Shop,Clothing,Kids
71994606051,271475,10/10/2012,4,2,3,1047,329.805,3470.805,e-Shop,Footwear,Mens
85861933577,269235,10/10/2012,7,5,-1,-234,24.57,-258.57,e-Shop,Books,Fiction
65819685922,269818,10/10/2012,7,5,-4,-736,309.12,-3253.12,MBR,Books,Fiction
71442479722,268624,10/10/2012,2,6,3,1477,465.255,4896.255,Flagship store,Home and kitchen,Furnishing
94385596459,268858,10/10/2012,4,4,2,583,122.43,1288.43,e-Shop,Bags,Mens
91693081963,270480,10/10/2012,3,2,2,1441,302.61,3184.61,MBR,Footwear,Kids
63540378797,267812,10/10/2012,10,5,3,224,70.56,742.56,TeleShop,Books,Audio and video
89130242085,271078,10/10/2012,10,5,2,641,134.61,1416.61,TeleShop,Books,Audio and video
92421744558,272187,10/10/2012,6,5,1,329,34.545,363.545,MBR,Books,DIY
80329812250,267926,10/10/2012,1,1,4,1041,437.22,4601.22,TeleShop,Clothing,Women
6162371769,267248,9/10/2012,4,4,5,1082,568.05,5978.05,e-Shop,Bags,Mens
33501702322,267631,9/10/2012,3,1,2,477,100.17,1054.17,e-Shop,Clothing,Kids
19693699815,273771,9/10/2012,1,4,1,1296,136.08,1432.08,e-Shop,Bags,Women
40296640191,272244,9/10/2012,1,2,2,323,67.83,713.83,TeleShop,Footwear,Women
54636870485,273313,9/10/2012,10,6,3,939,295.785,3112.785,MBR,Home and kitchen,Audio and video
8527640573,267076,9/10/2012,6,5,4,181,76.02,800.02,e-Shop,Books,DIY
40133691866,272797,9/10/2012,9,3,2,1211,254.31,2676.31,TeleShop,Electronics,Cameras
36780737103,269883,9/10/2012,7,5,2,238,49.98,525.98,TeleShop,Books,Fiction
16586277804,274427,9/10/2012,10,3,5,107,56.175,591.175,e-Shop,Electronics,Audio and video
44297126732,268392,9/10/2012,12,6,1,1360,142.8,1502.8,e-Shop,Home and kitchen,Academic
44973312033,272219,9/10/2012,4,4,5,87,45.675,480.675,MBR,Bags,Mens
45437978846,269261,9/10/2012,3,2,5,1313,689.325,7254.325,Flagship store,Footwear,Kids
3546261616,270150,9/10/2012,11,5,-3,-1484,467.46,-4919.46,Flagship store,Books,Children
27162993121,270462,9/10/2012,4,3,5,155,81.375,856.375,e-Shop,Electronics,Mens
56583308002,270773,9/10/2012,1,2,1,455,47.775,502.775,Flagship store,Footwear,Women
89295950902,272741,9/10/2012,5,3,2,1427,299.67,3153.67,MBR,Electronics,Computers
69033191595,274699,9/10/2012,12,5,2,694,145.74,1533.74,e-Shop,Books,Academic
63890392202,272286,9/10/2012,1,2,4,676,283.92,2987.92,Flagship store,Footwear,Women
82763759133,269625,9/10/2012,3,2,4,1386,582.12,6126.12,TeleShop,Footwear,Kids
63317859593,272541,9/10/2012,2,6,3,603,189.945,1998.945,TeleShop,Home and kitchen,Furnishing
77236331901,270682,9/10/2012,4,3,1,579,60.795,639.795,e-Shop,Electronics,Mens
89584274379,270668,9/10/2012,4,4,3,459,144.585,1521.585,TeleShop,Bags,Mens
86588829062,267160,9/10/2012,12,6,2,1391,292.11,3074.11,Flagship store,Home and kitchen,Academic
82640837012,273763,9/10/2012,3,2,2,103,21.63,227.63,Flagship store,Footwear,Kids
95160155752,271740,9/10/2012,12,6,2,1245,261.45,2751.45,e-Shop,Home and kitchen,Academic
86774145479,269973,9/10/2012,1,2,-3,-218,68.67,-722.67,MBR,Footwear,Women
82547431135,268419,9/10/2012,11,6,2,1313,275.73,2901.73,MBR,Home and kitchen,Children
74824715679,268505,9/10/2012,6,5,2,1272,267.12,2811.12,e-Shop,Books,DIY
11910316794,272407,8/10/2012,8,3,5,1473,773.325,8138.325,MBR,Electronics,Personal Appliances
49139670795,269118,8/10/2012,11,5,-4,-602,252.84,-2660.84,MBR,Books,Children
61557943829,271213,8/10/2012,4,1,5,696,365.4,3845.4,e-Shop,Clothing,Mens
10498242288,275215,8/10/2012,1,2,4,482,202.44,2130.44,e-Shop,Footwear,Women
31268396292,269910,8/10/2012,1,1,-4,-921,386.82,-4070.82,e-Shop,Clothing,Women
39712353772,274053,8/10/2012,3,1,1,1180,123.9,1303.9,Flagship store,Clothing,Kids
21371413994,274909,8/10/2012,11,5,1,1102,115.71,1217.71,Flagship store,Books,Children
27839712923,273221,8/10/2012,4,4,1,415,43.575,458.575,e-Shop,Bags,Mens
6217722316,272430,8/10/2012,11,5,1,932,97.86,1029.86,TeleShop,Books,Children
35237163379,273899,8/10/2012,1,1,5,1056,554.4,5834.4,e-Shop,Clothing,Women
31316519688,274153,8/10/2012,4,3,-3,-1433,451.395,-4750.395,e-Shop,Electronics,Mens
24493965457,272886,8/10/2012,2,6,3,865,272.475,2867.475,e-Shop,Home and kitchen,Furnishing
67474351558,267542,8/10/2012,8,3,5,1138,597.45,6287.45,TeleShop,Electronics,Personal Appliances
75606253596,271017,8/10/2012,11,5,3,853,268.695,2827.695,TeleShop,Books,Children
76237133211,267503,8/10/2012,5,3,3,775,244.125,2569.125,e-Shop,Electronics,Computers
85686898890,270256,8/10/2012,9,3,1,463,48.615,511.615,Flagship store,Electronics,Cameras
91232387855,270098,8/10/2012,6,5,1,739,77.595,816.595,e-Shop,Books,DIY
85713628641,271198,8/10/2012,10,3,4,347,145.74,1533.74,Flagship store,Electronics,Audio and video
76108542776,273662,8/10/2012,1,1,1,1255,131.775,1386.775,MBR,Clothing,Women
86365084261,268207,8/10/2012,4,2,1,618,64.89,682.89,Flagship store,Footwear,Mens
95810870947,272255,8/10/2012,1,1,1,507,53.235,560.235,TeleShop,Clothing,Women
70293921901,270666,8/10/2012,10,6,3,214,67.41,709.41,e-Shop,Home and kitchen,Audio and video
58422555109,269739,7/10/2012,3,1,4,910,382.2,4022.2,MBR,Clothing,Kids
48385615177,269254,7/10/2012,1,1,5,496,260.4,2740.4,e-Shop,Clothing,Women
7062711497,271008,7/10/2012,10,6,3,1166,367.29,3865.29,e-Shop,Home and kitchen,Audio and video
18363388423,274934,7/10/2012,3,2,4,972,408.24,4296.24,MBR,Footwear,Kids
19964747794,273052,7/10/2012,12,6,4,297,124.74,1312.74,MBR,Home and kitchen,Academic
52393152682,267126,7/10/2012,1,2,3,711,223.965,2356.965,Flagship store,Footwear,Women
58750424080,272784,7/10/2012,4,4,3,1158,364.77,3838.77,MBR,Bags,Mens
28783566616,269250,7/10/2012,10,3,3,724,228.06,2400.06,MBR,Electronics,Audio and video
26118581722,267300,7/10/2012,5,3,2,778,163.38,1719.38,Flagship store,Electronics,Computers
58819597218,274576,7/10/2012,10,3,2,72,15.12,159.12,e-Shop,Electronics,Audio and video
88267150997,271770,7/10/2012,11,5,3,1154,363.51,3825.51,TeleShop,Books,Children
85754227313,274811,7/10/2012,6,5,2,1027,215.67,2269.67,Flagship store,Books,DIY
94774108608,274455,7/10/2012,11,5,4,701,294.42,3098.42,TeleShop,Books,Children
89255834891,270619,7/10/2012,11,6,2,591,124.11,1306.11,Flagship store,Home and kitchen,Children
50943143424,272902,6/10/2012,8,3,5,1264,663.6,6983.6,e-Shop,Electronics,Personal Appliances
56171806860,275009,6/10/2012,6,5,1,327,34.335,361.335,MBR,Books,DIY
43677424325,273167,6/10/2012,4,1,5,502,263.55,2773.55,e-Shop,Clothing,Mens
38932896662,269233,6/10/2012,3,5,5,923,484.575,5099.575,Flagship store,Books,Kids
23568927231,267439,6/10/2012,5,3,2,1242,260.82,2744.82,MBR,Electronics,Computers
47342423982,273258,6/10/2012,4,3,2,1448,304.08,3200.08,TeleShop,Electronics,Mens
31155377477,273606,6/10/2012,4,1,1,1064,111.72,1175.72,MBR,Clothing,Mens
29682607194,269201,6/10/2012,8,3,3,156,49.14,517.14,TeleShop,Electronics,Personal Appliances
30715330242,273075,6/10/2012,1,1,-2,-1107,232.47,-2446.47,MBR,Clothing,Women
33939179679,267402,6/10/2012,4,4,5,945,496.125,5221.125,e-Shop,Bags,Mens
19722308828,269211,6/10/2012,1,2,4,1244,522.48,5498.48,TeleShop,Footwear,Women
14531847881,269675,6/10/2012,2,6,4,648,272.16,2864.16,e-Shop,Home and kitchen,Furnishing
34290078309,267387,6/10/2012,10,5,4,1300,546,5746,Flagship store,Books,Audio and video
57289128244,271364,6/10/2012,3,5,2,222,46.62,490.62,e-Shop,Books,Kids
1300892127,268089,6/10/2012,3,1,-1,-1354,142.17,-1496.17,MBR,Clothing,Kids
28603819998,271492,6/10/2012,1,2,-4,-1257,527.94,-5555.94,TeleShop,Footwear,Women
34100181759,273250,6/10/2012,8,3,4,1197,502.74,5290.74,TeleShop,Electronics,Personal Appliances
11048816669,267228,6/10/2012,6,5,2,644,135.24,1423.24,e-Shop,Books,DIY
99506322061,268307,6/10/2012,5,3,2,777,163.17,1717.17,Flagship store,Electronics,Computers
64898172401,272690,6/10/2012,11,6,4,1238,519.96,5471.96,MBR,Home and kitchen,Children
70860694173,269729,6/10/2012,4,4,2,566,118.86,1250.86,MBR,Bags,Mens
66859430159,271046,6/10/2012,10,6,3,590,185.85,1955.85,Flagship store,Home and kitchen,Audio and video
98473978157,272690,6/10/2012,3,5,4,265,111.3,1171.3,Flagship store,Books,Kids
83130759994,267642,6/10/2012,8,3,1,565,59.325,624.325,e-Shop,Electronics,Personal Appliances
87136411003,274381,6/10/2012,3,2,1,352,36.96,388.96,e-Shop,Footwear,Kids
80403098901,269471,6/10/2012,10,3,4,421,176.82,1860.82,Flagship store,Electronics,Audio and video
72795565619,274583,6/10/2012,6,5,1,822,86.31,908.31,TeleShop,Books,DIY
85861933577,269235,6/10/2012,7,5,-1,-234,24.57,-258.57,e-Shop,Books,Fiction
88672510797,274093,6/10/2012,4,2,5,1378,723.45,7613.45,MBR,Footwear,Mens
91413390065,272684,6/10/2012,10,3,1,454,47.67,501.67,MBR,Electronics,Audio and video
70948991689,271405,6/10/2012,1,4,1,89,9.345,98.345,e-Shop,Bags,Women
22514494138,268076,5/10/2012,5,3,2,1349,283.29,2981.29,Flagship store,Electronics,Computers
3001188783,267126,5/10/2012,3,1,2,990,207.9,2187.9,TeleShop,Clothing,Kids
55636753569,274589,5/10/2012,10,3,1,648,68.04,716.04,MBR,Electronics,Audio and video
42195979521,268718,5/10/2012,9,3,4,268,112.56,1184.56,TeleShop,Electronics,Cameras
1551902938,273081,5/10/2012,4,2,3,880,277.2,2917.2,MBR,Footwear,Mens
3546261616,270150,5/10/2012,11,5,3,1484,467.46,4919.46,Flagship store,Books,Children
4902003103,268418,5/10/2012,2,6,2,1041,218.61,2300.61,e-Shop,Home and kitchen,Furnishing
15431880064,273290,5/10/2012,7,5,3,340,107.1,1127.1,Flagship store,Books,Fiction
46969357056,273143,5/10/2012,3,5,5,1326,696.15,7326.15,e-Shop,Books,Kids
11740014691,272920,5/10/2012,9,3,5,717,376.425,3961.425,e-Shop,Electronics,Cameras
43167259137,270855,5/10/2012,12,6,1,73,7.665,80.665,MBR,Home and kitchen,Academic
29293751605,274644,5/10/2012,4,2,2,746,156.66,1648.66,Flagship store,Footwear,Mens
11896007074,269449,5/10/2012,1,1,-3,-242,76.23,-802.23,e-Shop,Clothing,Women
38053958046,268490,5/10/2012,12,5,-4,-537,225.54,-2373.54,e-Shop,Books,Academic
81015939803,268332,5/10/2012,3,5,3,80,25.2,265.2,MBR,Books,Kids
93612118256,270670,5/10/2012,6,5,2,852,178.92,1882.92,TeleShop,Books,DIY
88842946711,274278,5/10/2012,12,5,2,133,27.93,293.93,TeleShop,Books,Academic
65819685922,269818,5/10/2012,7,5,4,736,309.12,3253.12,MBR,Books,Fiction
97922367134,273631,5/10/2012,10,3,2,1281,269.01,2831.01,e-Shop,Electronics,Audio and video
79268691364,272510,5/10/2012,10,6,3,1073,337.995,3556.995,e-Shop,Home and kitchen,Audio and video
64110880439,272509,5/10/2012,2,6,4,155,65.1,685.1,MBR,Home and kitchen,Furnishing
2429247892,269652,4/10/2012,4,3,5,1478,775.95,8165.95,MBR,Electronics,Mens
1600929978,271583,4/10/2012,12,5,3,1332,419.58,4415.58,Flagship store,Books,Academic
27189675281,271897,4/10/2012,7,5,5,1129,592.725,6237.725,e-Shop,Books,Fiction
15631816546,272420,4/10/2012,8,3,3,1390,437.85,4607.85,Flagship store,Electronics,Personal Appliances
5884683310,274668,4/10/2012,10,5,2,890,186.9,1966.9,e-Shop,Books,Audio and video
33363228053,270625,4/10/2012,8,3,3,1323,416.745,4385.745,TeleShop,Electronics,Personal Appliances
23193663443,274411,4/10/2012,1,4,1,1154,121.17,1275.17,e-Shop,Bags,Women
45880968528,273463,4/10/2012,7,5,5,684,359.1,3779.1,e-Shop,Books,Fiction
29312760414,273913,4/10/2012,4,1,3,1390,437.85,4607.85,MBR,Clothing,Mens
3057541728,269991,4/10/2012,9,3,4,1276,535.92,5639.92,e-Shop,Electronics,Cameras
87355468841,272060,4/10/2012,4,4,-5,-1237,649.425,-6834.425,e-Shop,Bags,Mens
74275997634,272228,4/10/2012,1,4,1,634,66.57,700.57,MBR,Bags,Women
75082279170,272404,4/10/2012,1,2,3,1356,427.14,4495.14,e-Shop,Footwear,Women
93438842631,273954,4/10/2012,4,2,-1,-1385,145.425,-1530.425,MBR,Footwear,Mens
68446080180,274652,4/10/2012,4,4,1,409,42.945,451.945,TeleShop,Bags,Mens
64197233949,272290,4/10/2012,4,4,3,354,111.51,1173.51,Flagship store,Bags,Mens
66480676519,272640,4/10/2012,11,5,1,609,63.945,672.945,Flagship store,Books,Children
86370665751,274138,4/10/2012,4,4,4,1104,463.68,4879.68,e-Shop,Bags,Mens
91146816825,275171,4/10/2012,11,6,2,453,95.13,1001.13,e-Shop,Home and kitchen,Children
79081177478,270544,4/10/2012,4,3,1,546,57.33,603.33,TeleShop,Electronics,Mens
17098126429,272514,3/10/2012,6,5,2,204,42.84,450.84,MBR,Books,DIY
32876880290,267715,3/10/2012,3,1,5,212,111.3,1171.3,Flagship store,Clothing,Kids
1215875049,267407,3/10/2012,7,5,1,1217,127.785,1344.785,TeleShop,Books,Fiction
25108159365,267573,3/10/2012,4,3,1,1455,152.775,1607.775,e-Shop,Electronics,Mens
31503352377,269606,3/10/2012,8,3,1,318,33.39,351.39,TeleShop,Electronics,Personal Appliances
3043531156,269409,3/10/2012,1,1,3,1120,352.8,3712.8,MBR,Clothing,Women
5665192204,272062,3/10/2012,4,2,2,918,192.78,2028.78,e-Shop,Footwear,Mens
46573227481,267547,3/10/2012,12,5,5,442,232.05,2442.05,MBR,Books,Academic
53681359963,274652,3/10/2012,10,3,3,415,130.725,1375.725,Flagship store,Electronics,Audio and video
47299039234,271872,3/10/2012,2,6,5,718,376.95,3966.95,e-Shop,Home and kitchen,Furnishing
49139670795,269118,3/10/2012,11,5,4,602,252.84,2660.84,MBR,Books,Children
51804184316,273659,3/10/2012,5,3,3,770,242.55,2552.55,Flagship store,Electronics,Computers
76968292623,269683,3/10/2012,1,2,4,1105,464.1,4884.1,MBR,Footwear,Women
76520915231,267537,3/10/2012,7,5,3,1328,418.32,4402.32,e-Shop,Books,Fiction
74145788377,272896,3/10/2012,6,5,-3,-470,148.05,-1558.05,e-Shop,Books,DIY
1300892127,268089,2/10/2012,3,1,1,1354,142.17,1496.17,MBR,Clothing,Kids
19127484803,274751,2/10/2012,4,3,3,652,205.38,2161.38,e-Shop,Electronics,Mens
32333824230,269216,2/10/2012,4,4,5,161,84.525,889.525,e-Shop,Bags,Mens
3062196410,268558,2/10/2012,10,6,4,441,185.22,1949.22,TeleShop,Home and kitchen,Audio and video
60189662253,267148,2/10/2012,11,6,3,964,303.66,3195.66,MBR,Home and kitchen,Children
59169253191,272079,2/10/2012,1,4,-1,-863,90.615,-953.615,Flagship store,Bags,Women
11896007074,269449,2/10/2012,1,1,3,242,76.23,802.23,e-Shop,Clothing,Women
23290434929,275076,2/10/2012,12,5,1,372,39.06,411.06,e-Shop,Books,Academic
17237928075,266865,2/10/2012,2,6,5,1466,769.65,8099.65,e-Shop,Home and kitchen,Furnishing
31954850344,269063,2/10/2012,7,5,4,917,385.14,4053.14,e-Shop,Books,Fiction
96570560565,269046,2/10/2012,11,6,2,534,112.14,1180.14,e-Shop,Home and kitchen,Children
77294135191,268797,2/10/2012,1,4,5,590,309.75,3259.75,Flagship store,Bags,Women
89879375266,274348,2/10/2012,1,4,4,431,181.02,1905.02,Flagship store,Bags,Women
85861933577,269235,2/10/2012,7,5,1,234,24.57,258.57,e-Shop,Books,Fiction
80421627196,273139,2/10/2012,8,3,4,183,76.86,808.86,Flagship store,Electronics,Personal Appliances
91006347297,267260,2/10/2012,8,3,4,419,175.98,1851.98,Flagship store,Electronics,Personal Appliances
66871852437,271985,2/10/2012,7,5,5,672,352.8,3712.8,TeleShop,Books,Fiction
86524476380,267436,2/10/2012,6,5,4,854,358.68,3774.68,e-Shop,Books,DIY
69975984871,271330,2/10/2012,8,3,5,328,172.2,1812.2,e-Shop,Electronics,Personal Appliances
66116846245,273420,2/10/2012,5,3,-1,-538,56.49,-594.49,e-Shop,Electronics,Computers
79447403228,274322,2/10/2012,8,3,5,1060,556.5,5856.5,TeleShop,Electronics,Personal Appliances
98387101275,274675,2/10/2012,11,5,5,1239,650.475,6845.475,e-Shop,Books,Children
7584766288,268723,1/10/2012,10,6,4,615,258.3,2718.3,TeleShop,Home and kitchen,Audio and video
28603819998,271492,1/10/2012,1,2,4,1257,527.94,5555.94,TeleShop,Footwear,Women
10482676506,268012,1/10/2012,7,5,2,995,208.95,2198.95,MBR,Books,Fiction
55003180843,267721,1/10/2012,3,5,4,787,330.54,3478.54,e-Shop,Books,Kids
31268396292,269910,1/10/2012,1,1,4,921,386.82,4070.82,e-Shop,Clothing,Women
40678283758,270036,1/10/2012,1,2,3,370,116.55,1226.55,e-Shop,Footwear,Women
16480644056,267273,1/10/2012,8,3,5,362,190.05,2000.05,e-Shop,Electronics,Personal Appliances
52269631883,272664,1/10/2012,4,3,2,486,102.06,1074.06,e-Shop,Electronics,Mens
2419981337,272388,1/10/2012,8,3,5,209,109.725,1154.725,MBR,Electronics,Personal Appliances
15036214099,267302,1/10/2012,3,1,1,201,21.105,222.105,MBR,Clothing,Kids
93191944782,266827,1/10/2012,3,2,2,928,194.88,2050.88,TeleShop,Footwear,Kids
66045624585,274035,1/10/2012,11,5,4,989,415.38,4371.38,TeleShop,Books,Children
95990739894,267348,1/10/2012,4,4,1,1324,139.02,1463.02,Flagship store,Bags,Mens
84797005831,268421,1/10/2012,11,5,-5,-1178,618.45,-6508.45,e-Shop,Books,Children
82621709480,268569,1/10/2012,5,3,2,743,156.03,1642.03,e-Shop,Electronics,Computers
86774145479,269973,1/10/2012,1,2,3,218,68.67,722.67,MBR,Footwear,Women
87522893902,267008,1/10/2012,5,3,4,1280,537.6,5657.6,Flagship store,Electronics,Computers
87860293413,270801,1/10/2012,10,5,1,472,49.56,521.56,Flagship store,Books,Audio and video
64125365467,274731,1/10/2012,10,5,1,336,35.28,371.28,e-Shop,Books,Audio and video
23229651519,272777,30-09-2012,3,1,4,1031,433.02,4557.02,TeleShop,Clothing,Kids
44856852006,266929,30-09-2012,11,5,3,1132,356.58,3752.58,MBR,Books,Children
24107684867,269851,30-09-2012,11,6,2,132,27.72,291.72,TeleShop,Home and kitchen,Children
28703359687,269574,30-09-2012,1,1,5,177,92.925,977.925,e-Shop,Clothing,Women
46432881733,274802,30-09-2012,3,2,3,789,248.535,2615.535,e-Shop,Footwear,Kids
19000643799,268765,30-09-2012,10,6,3,204,64.26,676.26,TeleShop,Home and kitchen,Audio and video
62814863826,268751,30-09-2012,12,5,5,608,319.2,3359.2,e-Shop,Books,Academic
47264125009,272369,30-09-2012,11,5,2,276,57.96,609.96,MBR,Books,Children
43574030248,269031,30-09-2012,12,5,3,1065,335.475,3530.475,Flagship store,Books,Academic
25958244205,267596,30-09-2012,7,5,5,1297,680.925,7165.925,e-Shop,Books,Fiction
17578459258,275028,30-09-2012,9,3,1,207,21.735,228.735,MBR,Electronics,Cameras
75548143238,274629,30-09-2012,2,6,5,104,54.6,574.6,Flagship store,Home and kitchen,Furnishing
96232368358,267125,30-09-2012,4,3,3,438,137.97,1451.97,e-Shop,Electronics,Mens
80828136651,268506,30-09-2012,10,3,2,494,103.74,1091.74,TeleShop,Electronics,Audio and video
77255303408,271604,30-09-2012,1,1,4,1075,451.5,4751.5,TeleShop,Clothing,Women
70455913517,267180,30-09-2012,4,1,1,136,14.28,150.28,MBR,Clothing,Mens
80266637567,269836,30-09-2012,4,3,5,943,495.075,5210.075,TeleShop,Electronics,Mens
83179895251,268562,30-09-2012,10,3,1,246,25.83,271.83,e-Shop,Electronics,Audio and video
81541766449,268819,30-09-2012,9,3,5,815,427.875,4502.875,e-Shop,Electronics,Cameras
87355468841,272060,30-09-2012,4,4,5,1237,649.425,6834.425,e-Shop,Bags,Mens
31494368868,267286,29-09-2012,3,5,5,476,249.9,2629.9,TeleShop,Books,Kids
20079952684,273768,29-09-2012,11,5,5,1227,644.175,6779.175,MBR,Books,Children
31316519688,274153,29-09-2012,4,3,3,1433,451.395,4750.395,e-Shop,Electronics,Mens
19551189990,268502,29-09-2012,3,2,4,408,171.36,1803.36,e-Shop,Footwear,Kids
38053958046,268490,29-09-2012,12,5,-4,-537,225.54,-2373.54,e-Shop,Books,Academic
52052556799,272402,29-09-2012,9,3,3,833,262.395,2761.395,e-Shop,Electronics,Cameras
3029500384,272120,29-09-2012,2,6,-3,-1497,471.555,-4962.555,e-Shop,Home and kitchen,Furnishing
61258552790,271555,29-09-2012,10,5,1,193,20.265,213.265,e-Shop,Books,Audio and video
5123071302,271729,29-09-2012,3,5,2,807,169.47,1783.47,Flagship store,Books,Kids
42757610225,273991,29-09-2012,5,3,3,319,100.485,1057.485,TeleShop,Electronics,Computers
26651285731,273796,29-09-2012,8,3,-4,-1091,458.22,-4822.22,Flagship store,Electronics,Personal Appliances
41834328141,270350,29-09-2012,1,4,-3,-877,276.255,-2907.255,e-Shop,Bags,Women
41456577486,270437,29-09-2012,12,6,2,421,88.41,930.41,e-Shop,Home and kitchen,Academic
64717873454,269306,29-09-2012,4,2,2,436,91.56,963.56,Flagship store,Footwear,Mens
87301926204,272503,29-09-2012,7,5,-5,-372,195.3,-2055.3,e-Shop,Books,Fiction
81904918669,271863,29-09-2012,3,5,4,998,419.16,4411.16,e-Shop,Books,Kids
65557042064,269890,29-09-2012,9,3,4,1069,448.98,4724.98,TeleShop,Electronics,Cameras
74145788377,272896,29-09-2012,6,5,3,470,148.05,1558.05,e-Shop,Books,DIY
94615705938,268350,29-09-2012,3,2,5,1248,655.2,6895.2,TeleShop,Footwear,Kids
79078141190,267473,29-09-2012,10,3,4,1139,478.38,5034.38,TeleShop,Electronics,Audio and video
93438842631,273954,29-09-2012,4,2,-1,-1385,145.425,-1530.425,MBR,Footwear,Mens
95170105310,270740,29-09-2012,3,5,4,316,132.72,1396.72,e-Shop,Books,Kids
36793806874,268351,28-09-2012,4,2,1,1442,151.41,1593.41,TeleShop,Footwear,Mens
6524655399,271547,28-09-2012,4,2,5,423,222.075,2337.075,TeleShop,Footwear,Mens
3705769203,271987,28-09-2012,5,3,-3,-1083,341.145,-3590.145,e-Shop,Electronics,Computers
45979063268,269195,28-09-2012,4,4,3,1130,355.95,3745.95,TeleShop,Bags,Mens
48005237956,268367,28-09-2012,10,5,2,550,115.5,1215.5,e-Shop,Books,Audio and video
9158848630,274556,28-09-2012,4,1,3,908,286.02,3010.02,TeleShop,Clothing,Mens
12844193712,273741,28-09-2012,3,1,4,339,142.38,1498.38,MBR,Clothing,Kids
28471390674,269936,28-09-2012,11,6,3,1249,393.435,4140.435,Flagship store,Home and kitchen,Children
15115700712,269471,28-09-2012,1,1,3,1446,455.49,4793.49,e-Shop,Clothing,Women
51883516973,271803,28-09-2012,12,5,5,507,266.175,2801.175,TeleShop,Books,Academic
50988502564,273303,28-09-2012,5,3,5,1045,548.625,5773.625,Flagship store,Electronics,Computers
95087944640,268892,28-09-2012,12,5,-3,-1401,441.315,-4644.315,e-Shop,Books,Academic
92546612824,275057,28-09-2012,5,3,2,224,47.04,495.04,e-Shop,Electronics,Computers
69512752613,267211,28-09-2012,1,2,5,1009,529.725,5574.725,MBR,Footwear,Women
98993608579,273548,28-09-2012,10,5,5,1156,606.9,6386.9,MBR,Books,Audio and video
89399442836,273911,28-09-2012,3,5,4,502,210.84,2218.84,MBR,Books,Kids
91674734311,272704,28-09-2012,3,2,4,701,294.42,3098.42,e-Shop,Footwear,Kids
90744176048,270263,28-09-2012,1,4,1,983,103.215,1086.215,TeleShop,Bags,Women
13508129844,267005,27-09-2012,4,3,4,258,108.36,1140.36,e-Shop,Electronics,Mens
11122155261,269911,27-09-2012,10,6,1,572,60.06,632.06,e-Shop,Home and kitchen,Audio and video
62008658770,273521,27-09-2012,2,6,1,566,59.43,625.43,MBR,Home and kitchen,Furnishing
3887652975,267832,27-09-2012,5,3,5,1003,526.575,5541.575,MBR,Electronics,Computers
29784068770,268473,27-09-2012,4,1,5,955,501.375,5276.375,TeleShop,Clothing,Mens
50715455,274729,27-09-2012,4,2,2,324,68.04,716.04,e-Shop,Footwear,Mens
35510499066,274609,27-09-2012,3,1,1,141,14.805,155.805,MBR,Clothing,Kids
22541481870,270399,27-09-2012,9,3,5,289,151.725,1596.725,TeleShop,Electronics,Cameras
960989022,271907,27-09-2012,11,5,2,1275,267.75,2817.75,MBR,Books,Children
9284843917,271012,27-09-2012,4,4,1,1471,154.455,1625.455,e-Shop,Bags,Mens
56221123716,270981,27-09-2012,2,6,4,600,252,2652,MBR,Home and kitchen,Furnishing
15099182234,267547,27-09-2012,9,3,1,784,82.32,866.32,TeleShop,Electronics,Cameras
21841539937,269728,27-09-2012,5,3,3,615,193.725,2038.725,Flagship store,Electronics,Computers
89815668280,272540,27-09-2012,1,4,2,1054,221.34,2329.34,MBR,Bags,Women
66857694550,272555,27-09-2012,10,5,-5,-95,49.875,-524.875,TeleShop,Books,Audio and video
68136320991,267726,27-09-2012,7,5,4,806,338.52,3562.52,e-Shop,Books,Fiction
99258945404,270225,27-09-2012,1,2,1,846,88.83,934.83,TeleShop,Footwear,Women
91820527054,271814,27-09-2012,10,6,2,84,17.64,185.64,e-Shop,Home and kitchen,Audio and video
75387120326,272434,27-09-2012,8,3,4,407,170.94,1798.94,e-Shop,Electronics,Personal Appliances
95077828243,273121,27-09-2012,10,3,1,1090,114.45,1204.45,TeleShop,Electronics,Audio and video
82716298222,275082,27-09-2012,4,2,5,584,306.6,3226.6,e-Shop,Footwear,Mens
80935962876,271940,27-09-2012,8,3,5,1391,730.275,7685.275,TeleShop,Electronics,Personal Appliances
45732804336,269219,26-09-2012,3,5,1,847,88.935,935.935,TeleShop,Books,Kids
36003408427,272627,26-09-2012,6,5,5,1100,577.5,6077.5,e-Shop,Books,DIY
16996645701,273487,26-09-2012,4,1,5,977,512.925,5397.925,Flagship store,Clothing,Mens
55075120944,270033,26-09-2012,4,1,3,418,131.67,1385.67,TeleShop,Clothing,Mens
37308487948,268196,26-09-2012,7,5,3,764,240.66,2532.66,TeleShop,Books,Fiction
9998330971,272642,26-09-2012,3,5,1,983,103.215,1086.215,Flagship store,Books,Kids
3384656988,270593,26-09-2012,7,5,5,172,90.3,950.3,e-Shop,Books,Fiction
2968910640,274107,26-09-2012,1,1,1,609,63.945,672.945,MBR,Clothing,Women
39821348394,267211,26-09-2012,3,1,5,718,376.95,3966.95,e-Shop,Clothing,Kids
31219079081,274517,26-09-2012,2,6,1,1066,111.93,1177.93,Flagship store,Home and kitchen,Furnishing
49612567621,268223,26-09-2012,4,2,5,440,231,2431,MBR,Footwear,Mens
30715330242,273075,26-09-2012,1,1,2,1107,232.47,2446.47,MBR,Clothing,Women
38053958046,268490,26-09-2012,12,5,4,537,225.54,2373.54,e-Shop,Books,Academic
28727427241,270981,26-09-2012,1,2,2,1138,238.98,2514.98,TeleShop,Footwear,Women
32632132643,274934,26-09-2012,5,3,2,582,122.22,1286.22,Flagship store,Electronics,Computers
61497359844,271851,26-09-2012,3,1,-2,-1011,212.31,-2234.31,e-Shop,Clothing,Kids
81941169134,267804,26-09-2012,1,1,4,501,210.42,2214.42,e-Shop,Clothing,Women
84744201944,268689,26-09-2012,11,5,2,552,115.92,1219.92,TeleShop,Books,Children
87301926204,272503,26-09-2012,7,5,5,372,195.3,2055.3,e-Shop,Books,Fiction
91066013995,268397,26-09-2012,3,2,5,437,229.425,2414.425,Flagship store,Footwear,Kids
81709318458,267158,26-09-2012,1,4,-2,-888,186.48,-1962.48,MBR,Bags,Women
75115112186,269503,26-09-2012,10,3,2,207,43.47,457.47,MBR,Electronics,Audio and video
81377033941,272269,26-09-2012,10,6,3,1491,469.665,4942.665,e-Shop,Home and kitchen,Audio and video
98529874479,271683,26-09-2012,4,3,5,154,80.85,850.85,e-Shop,Electronics,Mens
11163396267,267010,25-09-2012,6,5,3,1406,442.89,4660.89,TeleShop,Books,DIY
18626630136,270568,25-09-2012,1,2,5,536,281.4,2961.4,e-Shop,Footwear,Women
61157892576,272063,25-09-2012,2,6,3,170,53.55,563.55,e-Shop,Home and kitchen,Furnishing
35076548234,269338,25-09-2012,8,3,4,1371,575.82,6059.82,e-Shop,Electronics,Personal Appliances
56483286096,273572,25-09-2012,6,5,1,1105,116.025,1221.025,e-Shop,Books,DIY
21867013436,269936,25-09-2012,4,1,3,1175,370.125,3895.125,TeleShop,Clothing,Mens
8907226729,269449,25-09-2012,3,1,3,110,34.65,364.65,Flagship store,Clothing,Kids
2876981199,270590,25-09-2012,12,5,5,442,232.05,2442.05,e-Shop,Books,Academic
26651285731,273796,25-09-2012,8,3,4,1091,458.22,4822.22,Flagship store,Electronics,Personal Appliances
24176562147,267193,25-09-2012,4,4,4,575,241.5,2541.5,TeleShop,Bags,Mens
93438842631,273954,25-09-2012,4,2,1,1385,145.425,1530.425,MBR,Footwear,Mens
69233504098,271847,25-09-2012,10,5,3,824,259.56,2731.56,e-Shop,Books,Audio and video
84797005831,268421,25-09-2012,11,5,5,1178,618.45,6508.45,e-Shop,Books,Children
77018512148,271323,25-09-2012,12,6,1,916,96.18,1012.18,MBR,Home and kitchen,Academic
84872416053,274600,25-09-2012,1,2,4,306,128.52,1352.52,MBR,Footwear,Women
49002678799,269367,24-09-2012,4,4,3,259,81.585,858.585,e-Shop,Bags,Mens
47912993260,274832,24-09-2012,11,5,3,643,202.545,2131.545,e-Shop,Books,Children
59821938967,270320,24-09-2012,12,5,-4,-1030,432.6,-4552.6,TeleShop,Books,Academic
52561052670,269104,24-09-2012,5,3,2,1083,227.43,2393.43,e-Shop,Electronics,Computers
27152171621,272080,24-09-2012,12,5,5,1250,656.25,6906.25,e-Shop,Books,Academic
51068267236,269888,24-09-2012,4,1,1,1318,138.39,1456.39,e-Shop,Clothing,Mens
36326703889,271694,24-09-2012,8,3,5,401,210.525,2215.525,e-Shop,Electronics,Personal Appliances
19380265529,268200,24-09-2012,1,1,4,179,75.18,791.18,Flagship store,Clothing,Women
28215491405,272086,24-09-2012,7,5,2,1009,211.89,2229.89,e-Shop,Books,Fiction
62590052217,273823,24-09-2012,3,2,2,522,109.62,1153.62,MBR,Footwear,Kids
94617061569,271544,24-09-2012,1,1,3,934,294.21,3096.21,TeleShop,Clothing,Women
97569306437,268651,24-09-2012,4,3,-2,-952,199.92,-2103.92,TeleShop,Electronics,Mens
81129952693,267455,24-09-2012,1,1,1,247,25.935,272.935,e-Shop,Clothing,Women
66857694550,272555,24-09-2012,10,5,5,95,49.875,524.875,TeleShop,Books,Audio and video
85037832041,268070,24-09-2012,4,3,5,1270,666.75,7016.75,MBR,Electronics,Mens
73237340662,273825,24-09-2012,3,2,4,510,214.2,2254.2,MBR,Footwear,Kids
95126964838,268211,24-09-2012,4,4,4,974,409.08,4305.08,e-Shop,Bags,Mens
68486172068,274284,24-09-2012,4,3,5,211,110.775,1165.775,MBR,Electronics,Mens
65773073977,272412,24-09-2012,8,3,4,203,85.26,897.26,TeleShop,Electronics,Personal Appliances
14096266074,273077,23-09-2012,3,5,-1,-148,15.54,-163.54,TeleShop,Books,Kids
61497359844,271851,23-09-2012,3,1,2,1011,212.31,2234.31,e-Shop,Clothing,Kids
21560784451,266916,23-09-2012,4,4,4,242,101.64,1069.64,TeleShop,Bags,Mens
36189032377,270684,23-09-2012,7,5,-5,-1435,753.375,-7928.375,e-Shop,Books,Fiction
13189545351,269124,23-09-2012,10,6,2,1494,313.74,3301.74,Flagship store,Home and kitchen,Audio and video
50124117266,275134,23-09-2012,4,1,5,938,492.45,5182.45,MBR,Clothing,Mens
23072232994,272016,23-09-2012,4,1,2,874,183.54,1931.54,e-Shop,Clothing,Mens
58806827667,269239,23-09-2012,4,4,2,1047,219.87,2313.87,MBR,Bags,Mens
43799411919,269602,23-09-2012,7,5,3,1092,343.98,3619.98,MBR,Books,Fiction
59169253191,272079,23-09-2012,1,4,1,863,90.615,953.615,Flagship store,Bags,Women
68418013930,268751,23-09-2012,4,2,3,1167,367.605,3868.605,e-Shop,Footwear,Mens
95087944640,268892,23-09-2012,12,5,3,1401,441.315,4644.315,e-Shop,Books,Academic
75114276244,269921,23-09-2012,4,1,2,288,60.48,636.48,e-Shop,Clothing,Mens
79546724765,267734,23-09-2012,1,2,-2,-594,124.74,-1312.74,Flagship store,Footwear,Women
82324054646,274761,23-09-2012,4,4,3,905,285.075,3000.075,MBR,Bags,Mens
69639790135,270413,23-09-2012,10,5,1,259,27.195,286.195,e-Shop,Books,Audio and video
66116846245,273420,23-09-2012,5,3,1,538,56.49,594.49,e-Shop,Electronics,Computers
92212586116,272816,23-09-2012,5,3,5,412,216.3,2276.3,e-Shop,Electronics,Computers
95104140252,267811,23-09-2012,12,6,3,1081,340.515,3583.515,TeleShop,Home and kitchen,Academic
83865160239,272317,23-09-2012,9,3,1,591,62.055,653.055,TeleShop,Electronics,Cameras
11193063056,268342,22-09-2012,9,3,2,1484,311.64,3279.64,TeleShop,Electronics,Cameras
2306623224,272904,22-09-2012,4,3,3,650,204.75,2154.75,MBR,Electronics,Mens
26286121145,271510,22-09-2012,11,5,1,157,16.485,173.485,Flagship store,Books,Children
28833994476,273195,22-09-2012,4,4,-1,-746,78.33,-824.33,Flagship store,Bags,Mens
10636605004,274334,22-09-2012,10,5,5,486,255.15,2685.15,Flagship store,Books,Audio and video
41631224299,272348,22-09-2012,1,4,1,225,23.625,248.625,e-Shop,Bags,Women
45424834607,274641,22-09-2012,11,5,-5,-646,339.15,-3569.15,TeleShop,Books,Children
7681279398,270710,22-09-2012,10,3,3,555,174.825,1839.825,TeleShop,Electronics,Audio and video
8901145723,272920,22-09-2012,3,2,4,502,210.84,2218.84,Flagship store,Footwear,Kids
17553222043,271675,22-09-2012,7,5,5,1320,693,7293,TeleShop,Books,Fiction
85966494672,271080,22-09-2012,4,2,1,1183,124.215,1307.215,Flagship store,Footwear,Mens
91470001012,272500,22-09-2012,4,2,4,275,115.5,1215.5,e-Shop,Footwear,Mens
81709318458,267158,22-09-2012,1,4,2,888,186.48,1962.48,MBR,Bags,Women
76137675269,266982,22-09-2012,3,5,1,105,11.025,116.025,TeleShop,Books,Kids
84582176743,269570,22-09-2012,1,4,3,1245,392.175,4127.175,TeleShop,Bags,Women
75674839238,269345,22-09-2012,4,4,-1,-1119,117.495,-1236.495,TeleShop,Bags,Mens
79061525686,267306,22-09-2012,8,3,3,918,289.17,3043.17,e-Shop,Electronics,Personal Appliances
87325030499,270181,22-09-2012,12,5,2,185,38.85,408.85,MBR,Books,Academic
97358549537,272336,22-09-2012,2,6,1,1024,107.52,1131.52,e-Shop,Home and kitchen,Furnishing
74486341005,275076,22-09-2012,1,1,2,584,122.64,1290.64,Flagship store,Clothing,Women
66758821488,272088,22-09-2012,2,6,2,247,51.87,545.87,Flagship store,Home and kitchen,Furnishing
80331995704,271131,22-09-2012,4,3,5,1363,715.575,7530.575,e-Shop,Electronics,Mens
84185740298,267699,22-09-2012,2,6,1,528,55.44,583.44,MBR,Home and kitchen,Furnishing
99046331274,272241,22-09-2012,5,3,-4,-378,158.76,-1670.76,e-Shop,Electronics,Computers
96927935745,269606,22-09-2012,10,3,3,755,237.825,2502.825,e-Shop,Electronics,Audio and video
27664373786,271808,21-09-2012,9,3,4,1016,426.72,4490.72,e-Shop,Electronics,Cameras
38624775622,271722,21-09-2012,4,1,4,110,46.2,486.2,TeleShop,Clothing,Mens
11592930159,272985,21-09-2012,12,6,-5,-1208,634.2,-6674.2,TeleShop,Home and kitchen,Academic
3705769203,271987,21-09-2012,5,3,3,1083,341.145,3590.145,e-Shop,Electronics,Computers
57124240458,273398,21-09-2012,1,1,5,1449,760.725,8005.725,MBR,Clothing,Women
24138108051,271031,21-09-2012,9,3,-4,-697,292.74,-3080.74,TeleShop,Electronics,Cameras
49886330847,268106,21-09-2012,12,5,5,630,330.75,3480.75,e-Shop,Books,Academic
2843789565,270820,21-09-2012,10,6,2,1187,249.27,2623.27,e-Shop,Home and kitchen,Audio and video
99046331274,272241,21-09-2012,5,3,4,378,158.76,1670.76,e-Shop,Electronics,Computers
99524831546,274326,21-09-2012,10,3,1,922,96.81,1018.81,e-Shop,Electronics,Audio and video
67404661634,271797,21-09-2012,10,5,5,196,102.9,1082.9,Flagship store,Books,Audio and video
74681676207,274900,21-09-2012,12,5,3,78,24.57,258.57,TeleShop,Books,Academic
65524605366,267403,21-09-2012,1,2,1,1081,113.505,1194.505,e-Shop,Footwear,Women
9898784405,274591,20-09-2012,12,6,2,449,94.29,992.29,MBR,Home and kitchen,Academic
3029500384,272120,20-09-2012,2,6,3,1497,471.555,4962.555,e-Shop,Home and kitchen,Furnishing
14337896909,274163,20-09-2012,11,6,2,1052,220.92,2324.92,e-Shop,Home and kitchen,Children
37703830555,272385,20-09-2012,10,3,4,370,155.4,1635.4,TeleShop,Electronics,Audio and video
56380306161,272018,20-09-2012,4,4,4,217,91.14,959.14,e-Shop,Bags,Mens
45880316876,271567,20-09-2012,11,6,4,851,357.42,3761.42,Flagship store,Home and kitchen,Children
59821938967,270320,20-09-2012,12,5,4,1030,432.6,4552.6,TeleShop,Books,Academic
14096266074,273077,20-09-2012,3,5,1,148,15.54,163.54,TeleShop,Books,Kids
50104044382,273771,20-09-2012,1,4,-2,-677,142.17,-1496.17,e-Shop,Bags,Women
26341288142,270788,20-09-2012,1,4,5,402,211.05,2221.05,e-Shop,Bags,Women
27934684578,269555,20-09-2012,10,6,3,97,30.555,321.555,e-Shop,Home and kitchen,Audio and video
62067727208,267146,20-09-2012,6,5,5,1134,595.35,6265.35,e-Shop,Books,DIY
55043386500,273053,20-09-2012,5,3,5,1488,781.2,8221.2,e-Shop,Electronics,Computers
36907540604,268292,20-09-2012,10,6,1,339,35.595,374.595,e-Shop,Home and kitchen,Audio and video
41529028673,268773,20-09-2012,12,5,3,1256,395.64,4163.64,Flagship store,Books,Academic
33435722127,270824,20-09-2012,1,2,-4,-1163,488.46,-5140.46,MBR,Footwear,Women
54906265327,268659,20-09-2012,10,3,2,876,183.96,1935.96,e-Shop,Electronics,Audio and video
20604795788,269459,20-09-2012,8,3,5,348,182.7,1922.7,TeleShop,Electronics,Personal Appliances
79546724765,267734,20-09-2012,1,2,2,594,124.74,1312.74,Flagship store,Footwear,Women
95549033683,274018,20-09-2012,7,5,2,370,77.7,817.7,e-Shop,Books,Fiction
73882970999,270388,20-09-2012,7,5,4,730,306.6,3226.6,Flagship store,Books,Fiction
89200535153,272002,20-09-2012,3,5,-4,-1320,554.4,-5834.4,MBR,Books,Kids
64762436292,267103,20-09-2012,3,1,5,87,45.675,480.675,e-Shop,Clothing,Kids
41834328141,270350,19-09-2012,1,4,3,877,276.255,2907.255,e-Shop,Bags,Women
29920666043,273403,19-09-2012,8,3,2,1026,215.46,2267.46,MBR,Electronics,Personal Appliances
61041835845,271669,19-09-2012,12,5,5,1470,771.75,8121.75,e-Shop,Books,Academic
60145502078,273848,19-09-2012,11,5,2,170,35.7,375.7,MBR,Books,Children
1973141897,267595,19-09-2012,4,4,5,1357,712.425,7497.425,e-Shop,Bags,Mens
36301034859,266991,19-09-2012,7,5,1,936,98.28,1034.28,MBR,Books,Fiction
60353220237,267214,19-09-2012,11,5,2,499,104.79,1102.79,e-Shop,Books,Children
57083772465,271488,19-09-2012,4,1,3,600,189,1989,MBR,Clothing,Mens
4764607806,267265,19-09-2012,10,5,4,646,271.32,2855.32,e-Shop,Books,Audio and video
89061505054,268562,19-09-2012,4,4,1,1355,142.275,1497.275,e-Shop,Bags,Mens
70765700206,267522,19-09-2012,3,1,-5,-657,344.925,-3629.925,MBR,Clothing,Kids
84624129524,266939,19-09-2012,2,6,3,652,205.38,2161.38,TeleShop,Home and kitchen,Furnishing
93711185880,267794,19-09-2012,1,2,5,1003,526.575,5541.575,TeleShop,Footwear,Women
88604139672,271697,19-09-2012,3,1,2,239,50.19,528.19,TeleShop,Clothing,Kids
82009605792,271145,19-09-2012,1,2,4,1337,561.54,5909.54,e-Shop,Footwear,Women
84118578708,267825,19-09-2012,8,3,5,1118,586.95,6176.95,Flagship store,Electronics,Personal Appliances
97771997444,275048,19-09-2012,4,1,4,1413,593.46,6245.46,e-Shop,Clothing,Mens
94375236488,271794,19-09-2012,1,2,5,929,487.725,5132.725,Flagship store,Footwear,Women
66826963369,267464,19-09-2012,11,6,1,177,18.585,195.585,TeleShop,Home and kitchen,Children
73408747231,272122,19-09-2012,4,3,1,1280,134.4,1414.4,TeleShop,Electronics,Mens
77612727219,268540,19-09-2012,3,1,2,1290,270.9,2850.9,TeleShop,Clothing,Kids
96770964050,272675,19-09-2012,3,5,1,321,33.705,354.705,e-Shop,Books,Kids
66988200376,267117,19-09-2012,4,3,-4,-1126,472.92,-4976.92,e-Shop,Electronics,Mens
78049832867,268654,19-09-2012,6,5,5,382,200.55,2110.55,MBR,Books,DIY
88492825929,273635,19-09-2012,2,6,4,472,198.24,2086.24,Flagship store,Home and kitchen,Furnishing
83325424005,272223,19-09-2012,11,6,1,169,17.745,186.745,e-Shop,Home and kitchen,Children
69527814630,269854,19-09-2012,2,6,5,768,403.2,4243.2,e-Shop,Home and kitchen,Furnishing
1370187999,271076,18-09-2012,12,5,5,179,93.975,988.975,e-Shop,Books,Academic
40262573048,268004,18-09-2012,11,5,5,509,267.225,2812.225,Flagship store,Books,Children
13769289636,271843,18-09-2012,2,6,1,432,45.36,477.36,e-Shop,Home and kitchen,Furnishing
56454025977,267269,18-09-2012,4,4,-4,-1339,562.38,-5918.38,TeleShop,Bags,Mens
54711299381,274226,18-09-2012,4,3,5,825,433.125,4558.125,TeleShop,Electronics,Mens
50591768705,271784,18-09-2012,11,6,2,273,57.33,603.33,MBR,Home and kitchen,Children
42208442480,273032,18-09-2012,4,2,2,914,191.94,2019.94,e-Shop,Footwear,Mens
31308096126,273730,18-09-2012,1,1,4,242,101.64,1069.64,TeleShop,Clothing,Women
48942689601,270448,18-09-2012,4,1,5,1315,690.375,7265.375,Flagship store,Clothing,Mens
35118089853,274236,18-09-2012,10,6,2,463,97.23,1023.23,e-Shop,Home and kitchen,Audio and video
55319381425,269409,18-09-2012,10,3,2,310,65.1,685.1,TeleShop,Electronics,Audio and video
36189032377,270684,18-09-2012,7,5,5,1435,753.375,7928.375,e-Shop,Books,Fiction
52965463149,270857,18-09-2012,12,6,3,608,191.52,2015.52,Flagship store,Home and kitchen,Academic
10008786951,267242,18-09-2012,5,3,2,512,107.52,1131.52,TeleShop,Electronics,Computers
65874961447,268078,18-09-2012,10,6,2,314,65.94,693.94,Flagship store,Home and kitchen,Audio and video
98398100136,274239,18-09-2012,7,5,4,432,181.44,1909.44,TeleShop,Books,Fiction
85895834597,270860,18-09-2012,3,5,3,1243,391.545,4120.545,TeleShop,Books,Kids
83101002917,270830,18-09-2012,10,6,5,221,116.025,1221.025,e-Shop,Home and kitchen,Audio and video
64650602273,269506,18-09-2012,10,3,4,1311,550.62,5794.62,TeleShop,Electronics,Audio and video
90184263273,271992,18-09-2012,3,5,5,1035,543.375,5718.375,MBR,Books,Kids
95143035139,269392,18-09-2012,4,3,-3,-1353,426.195,-4485.195,Flagship store,Electronics,Mens
78701128353,274757,18-09-2012,3,2,5,210,110.25,1160.25,e-Shop,Footwear,Kids
75511378800,267419,18-09-2012,6,5,5,1306,685.65,7215.65,e-Shop,Books,DIY
74270565422,267760,18-09-2012,2,6,5,215,112.875,1187.875,TeleShop,Home and kitchen,Furnishing
67742904025,269631,18-09-2012,1,4,3,954,300.51,3162.51,Flagship store,Bags,Women
78275940162,272297,18-09-2012,3,5,3,1251,394.065,4147.065,Flagship store,Books,Kids
83297713218,268495,18-09-2012,1,4,-5,-669,351.225,-3696.225,Flagship store,Bags,Women
73580676107,272665,18-09-2012,10,5,2,513,107.73,1133.73,Flagship store,Books,Audio and video
59723015302,272049,17-09-2012,4,1,2,509,106.89,1124.89,MBR,Clothing,Mens
27787509038,274121,17-09-2012,7,5,1,1492,156.66,1648.66,e-Shop,Books,Fiction
43301603393,274791,17-09-2012,12,6,1,1294,135.87,1429.87,MBR,Home and kitchen,Academic
17754674784,274665,17-09-2012,3,2,-3,-120,37.8,-397.8,MBR,Footwear,Kids
20834311699,270261,17-09-2012,6,5,4,198,83.16,875.16,TeleShop,Books,DIY
25375831292,272772,17-09-2012,3,5,4,303,127.26,1339.26,MBR,Books,Kids
32537937507,267780,17-09-2012,9,3,-4,-1470,617.4,-6497.4,TeleShop,Electronics,Cameras
3731928519,268654,17-09-2012,1,4,1,853,89.565,942.565,e-Shop,Bags,Women
63148574345,269742,17-09-2012,3,2,1,1388,145.74,1533.74,Flagship store,Footwear,Kids
63774033633,273936,17-09-2012,1,4,2,383,80.43,846.43,e-Shop,Bags,Women
89470983560,268450,17-09-2012,11,5,3,717,225.855,2376.855,MBR,Books,Children
96252834476,269886,17-09-2012,10,5,3,524,165.06,1737.06,Flagship store,Books,Audio and video
87204879277,269370,17-09-2012,3,5,5,1473,773.325,8138.325,TeleShop,Books,Kids
99475949169,274845,17-09-2012,1,1,4,496,208.32,2192.32,MBR,Clothing,Women
97467262818,270428,17-09-2012,1,1,5,1129,592.725,6237.725,MBR,Clothing,Women
86080373133,268275,17-09-2012,12,6,2,677,142.17,1496.17,e-Shop,Home and kitchen,Academic
88393274205,269500,17-09-2012,2,6,1,1398,146.79,1544.79,TeleShop,Home and kitchen,Furnishing
46041539200,271586,16-09-2012,3,1,5,1320,693,7293,MBR,Clothing,Kids
15754316603,268973,16-09-2012,10,5,4,1202,504.84,5312.84,TeleShop,Books,Audio and video
1631349777,273922,16-09-2012,3,1,-3,-976,307.44,-3235.44,TeleShop,Clothing,Kids
34056242066,272889,16-09-2012,11,5,5,1191,625.275,6580.275,Flagship store,Books,Children
46527956053,267462,16-09-2012,4,3,2,552,115.92,1219.92,e-Shop,Electronics,Mens
42197759666,270977,16-09-2012,7,5,4,807,338.94,3566.94,MBR,Books,Fiction
98837433613,275208,16-09-2012,1,2,4,154,64.68,680.68,e-Shop,Footwear,Women
97569306437,268651,16-09-2012,4,3,2,952,199.92,2103.92,TeleShop,Electronics,Mens
91695033545,273250,16-09-2012,3,2,2,431,90.51,952.51,e-Shop,Footwear,Kids
83928240241,267465,16-09-2012,11,5,4,291,122.22,1286.22,TeleShop,Books,Children
88447637660,270523,16-09-2012,3,2,5,1338,702.45,7392.45,e-Shop,Footwear,Kids
75674839238,269345,16-09-2012,4,4,1,1119,117.495,1236.495,TeleShop,Bags,Mens
95523406151,273937,16-09-2012,8,3,-5,-483,253.575,-2668.575,e-Shop,Electronics,Personal Appliances
95523406151,273937,16-09-2012,8,3,-5,-483,253.575,-2668.575,e-Shop,Electronics,Personal Appliances
89929259011,267558,16-09-2012,9,3,2,89,18.69,196.69,TeleShop,Electronics,Cameras
72173790483,273131,16-09-2012,12,6,1,504,52.92,556.92,e-Shop,Home and kitchen,Academic
43378186684,270743,15-09-2012,4,1,3,388,122.22,1286.22,Flagship store,Clothing,Mens
56454025977,267269,15-09-2012,4,4,-4,-1339,562.38,-5918.38,TeleShop,Bags,Mens
27846902114,269847,15-09-2012,12,6,4,1118,469.56,4941.56,TeleShop,Home and kitchen,Academic
340294477,271882,15-09-2012,12,5,3,1027,323.505,3404.505,TeleShop,Books,Academic
15569821000,274787,15-09-2012,12,5,2,672,141.12,1485.12,TeleShop,Books,Academic
54559614807,267644,15-09-2012,1,2,3,669,210.735,2217.735,MBR,Footwear,Women
38113433049,269636,15-09-2012,12,6,-5,-234,122.85,-1292.85,MBR,Home and kitchen,Academic
16530045716,274128,15-09-2012,10,3,4,763,320.46,3372.46,MBR,Electronics,Audio and video
50104044382,273771,15-09-2012,1,4,2,677,142.17,1496.17,e-Shop,Bags,Women
5970716638,271275,15-09-2012,12,5,3,70,22.05,232.05,e-Shop,Books,Academic
28833994476,273195,15-09-2012,4,4,1,746,78.33,824.33,Flagship store,Bags,Mens
51283555445,268077,15-09-2012,8,3,4,1284,539.28,5675.28,Flagship store,Electronics,Personal Appliances
30580357861,266821,15-09-2012,12,6,1,636,66.78,702.78,TeleShop,Home and kitchen,Academic
51109684076,267056,15-09-2012,4,3,5,593,311.325,3276.325,TeleShop,Electronics,Mens
65813881903,268343,15-09-2012,10,6,1,154,16.17,170.17,Flagship store,Home and kitchen,Audio and video
65287192942,268004,15-09-2012,5,3,3,462,145.53,1531.53,e-Shop,Electronics,Computers
91456983452,274306,15-09-2012,11,5,-3,-309,97.335,-1024.335,e-Shop,Books,Children
89200535153,272002,15-09-2012,3,5,4,1320,554.4,5834.4,MBR,Books,Kids
83594623603,274049,15-09-2012,4,1,2,1388,291.48,3067.48,e-Shop,Clothing,Mens
95481059381,271790,15-09-2012,10,3,2,617,129.57,1363.57,TeleShop,Electronics,Audio and video
90661055330,267146,15-09-2012,12,6,3,217,68.355,719.355,e-Shop,Home and kitchen,Academic
58526890625,274509,14-09-2012,1,2,5,391,205.275,2160.275,TeleShop,Footwear,Women
47717248588,270459,14-09-2012,3,2,3,1158,364.77,3838.77,Flagship store,Footwear,Kids
44573020926,268961,14-09-2012,10,6,4,1046,439.32,4623.32,e-Shop,Home and kitchen,Audio and video
56316432549,270590,14-09-2012,10,3,-3,-1406,442.89,-4660.89,Flagship store,Electronics,Audio and video
18713609155,269055,14-09-2012,8,3,4,828,347.76,3659.76,MBR,Electronics,Personal Appliances
36675481663,269754,14-09-2012,2,6,1,830,87.15,917.15,e-Shop,Home and kitchen,Furnishing
60375952334,270722,14-09-2012,4,3,5,736,386.4,4066.4,TeleShop,Electronics,Mens
55875874922,272860,14-09-2012,5,3,4,784,329.28,3465.28,TeleShop,Electronics,Computers
39599842776,266817,14-09-2012,4,2,5,194,101.85,1071.85,e-Shop,Footwear,Mens
3169089998,271359,14-09-2012,10,5,-5,-772,405.3,-4265.3,TeleShop,Books,Audio and video
11275973455,269774,14-09-2012,11,6,4,1186,498.12,5242.12,MBR,Home and kitchen,Children
20106358576,273040,14-09-2012,3,1,4,1079,453.18,4769.18,e-Shop,Clothing,Kids
12534082983,267480,14-09-2012,4,2,2,889,186.69,1964.69,e-Shop,Footwear,Mens
51656978003,274884,14-09-2012,2,6,4,414,173.88,1829.88,TeleShop,Home and kitchen,Furnishing
2291770184,270210,14-09-2012,4,4,5,146,76.65,806.65,TeleShop,Bags,Mens
36140141588,273506,14-09-2012,1,2,2,499,104.79,1102.79,e-Shop,Footwear,Women
99664855899,273748,14-09-2012,10,6,2,169,35.49,373.49,Flagship store,Home and kitchen,Audio and video
75891395650,272541,14-09-2012,11,6,3,585,184.275,1939.275,MBR,Home and kitchen,Children
85285603417,266936,14-09-2012,4,4,4,1018,427.56,4499.56,Flagship store,Bags,Mens
96794973702,274770,14-09-2012,3,2,2,356,74.76,786.76,e-Shop,Footwear,Kids
83297713218,268495,14-09-2012,1,4,5,669,351.225,3696.225,Flagship store,Bags,Women
89512795170,270170,14-09-2012,1,1,1,1243,130.515,1373.515,MBR,Clothing,Women
52876515479,270653,13-09-2012,10,6,2,734,154.14,1622.14,e-Shop,Home and kitchen,Audio and video
3169089998,271359,13-09-2012,10,5,5,772,405.3,4265.3,TeleShop,Books,Audio and video
54197728534,274481,13-09-2012,12,5,5,1267,665.175,7000.175,TeleShop,Books,Academic
9880069499,270328,13-09-2012,12,5,4,569,238.98,2514.98,MBR,Books,Academic
46162343220,270327,13-09-2012,12,6,1,191,20.055,211.055,e-Shop,Home and kitchen,Academic
12289303787,268442,13-09-2012,9,3,5,1258,660.45,6950.45,TeleShop,Electronics,Cameras
32964520593,274224,13-09-2012,1,4,1,1329,139.545,1468.545,MBR,Bags,Women
33435722127,270824,13-09-2012,1,2,4,1163,488.46,5140.46,MBR,Footwear,Women
43180215901,273579,13-09-2012,5,3,4,1396,586.32,6170.32,e-Shop,Electronics,Computers
24138108051,271031,13-09-2012,9,3,4,697,292.74,3080.74,TeleShop,Electronics,Cameras
74419238839,269220,13-09-2012,8,3,2,986,207.06,2179.06,Flagship store,Electronics,Personal Appliances
89446987355,267447,13-09-2012,4,4,2,645,135.45,1425.45,MBR,Bags,Mens
70110040876,270485,13-09-2012,12,6,4,414,173.88,1829.88,MBR,Home and kitchen,Academic
82634598678,270811,13-09-2012,10,5,3,1270,400.05,4210.05,e-Shop,Books,Audio and video
97957474355,269015,13-09-2012,11,6,5,1156,606.9,6386.9,e-Shop,Home and kitchen,Children
91965296512,269178,13-09-2012,1,1,2,356,74.76,786.76,e-Shop,Clothing,Women
75073788038,270162,13-09-2012,4,4,5,354,185.85,1955.85,Flagship store,Bags,Mens
79214057091,274569,13-09-2012,1,2,1,951,99.855,1050.855,MBR,Footwear,Women
73506808752,269006,13-09-2012,11,6,1,176,18.48,194.48,Flagship store,Home and kitchen,Children
28618511753,267056,12/9/2012,10,3,5,449,235.725,2480.725,Flagship store,Electronics,Audio and video
1369342894,268654,12/9/2012,12,6,5,633,332.325,3497.325,TeleShop,Home and kitchen,Academic
45424834607,274641,12/9/2012,11,5,5,646,339.15,3569.15,TeleShop,Books,Children
15049572899,267485,12/9/2012,12,5,4,1176,493.92,5197.92,e-Shop,Books,Academic
22895486964,268376,12/9/2012,10,3,3,257,80.955,851.955,e-Shop,Electronics,Audio and video
23341998191,273862,12/9/2012,9,3,4,1169,490.98,5166.98,TeleShop,Electronics,Cameras
28634945138,273344,12/9/2012,6,5,4,886,372.12,3916.12,Flagship store,Books,DIY
39873486768,267234,12/9/2012,2,6,3,1232,388.08,4084.08,TeleShop,Home and kitchen,Furnishing
11592930159,272985,12/9/2012,12,6,5,1208,634.2,6674.2,TeleShop,Home and kitchen,Academic
17184974394,270905,12/9/2012,5,3,1,538,56.49,594.49,e-Shop,Electronics,Computers
38113433049,269636,12/9/2012,12,6,5,234,122.85,1292.85,MBR,Home and kitchen,Academic
18393221380,272059,12/9/2012,1,4,4,1026,430.92,4534.92,MBR,Bags,Women
91456983452,274306,12/9/2012,11,5,3,309,97.335,1024.335,e-Shop,Books,Children
87464574402,275020,12/9/2012,4,2,4,1415,594.3,6254.3,MBR,Footwear,Mens
99493927947,268708,12/9/2012,11,5,3,1271,400.365,4213.365,Flagship store,Books,Children
96703682335,270480,12/9/2012,3,1,5,384,201.6,2121.6,e-Shop,Clothing,Kids
98570243852,269659,12/9/2012,1,2,1,115,12.075,127.075,e-Shop,Footwear,Women
69295980606,267830,12/9/2012,11,6,4,416,174.72,1838.72,TeleShop,Home and kitchen,Children
71682867084,268143,12/9/2012,5,3,1,1023,107.415,1130.415,e-Shop,Electronics,Computers
90075761157,269877,12/9/2012,11,6,3,662,208.53,2194.53,TeleShop,Home and kitchen,Children
8011329238,268093,11/9/2012,3,2,2,1470,308.7,3248.7,Flagship store,Footwear,Kids
56909555941,268720,11/9/2012,7,5,3,1301,409.815,4312.815,MBR,Books,Fiction
9827954893,275229,11/9/2012,12,6,2,977,205.17,2159.17,e-Shop,Home and kitchen,Academic
12794290176,272766,11/9/2012,3,1,4,384,161.28,1697.28,e-Shop,Clothing,Kids
42434369409,266794,11/9/2012,10,3,2,325,68.25,718.25,Flagship store,Electronics,Audio and video
57377469793,273380,11/9/2012,4,1,5,748,392.7,4132.7,TeleShop,Clothing,Mens
52398563524,272313,11/9/2012,3,2,3,1096,345.24,3633.24,e-Shop,Footwear,Kids
48122710035,273399,11/9/2012,10,6,4,162,68.04,716.04,e-Shop,Home and kitchen,Audio and video
46773783918,274155,11/9/2012,11,5,2,1034,217.14,2285.14,Flagship store,Books,Children
73209782246,267273,11/9/2012,3,1,3,1448,456.12,4800.12,e-Shop,Clothing,Kids
70765700206,267522,11/9/2012,3,1,5,657,344.925,3629.925,MBR,Clothing,Kids
72131301505,270928,11/9/2012,7,5,2,1226,257.46,2709.46,Flagship store,Books,Fiction
86136115248,269991,11/9/2012,2,6,3,1203,378.945,3987.945,e-Shop,Home and kitchen,Furnishing
95523406151,273937,11/9/2012,8,3,5,483,253.575,2668.575,e-Shop,Electronics,Personal Appliances
93176455701,274952,11/9/2012,10,6,4,981,412.02,4336.02,Flagship store,Home and kitchen,Audio and video
69730643231,268506,11/9/2012,10,3,2,194,40.74,428.74,e-Shop,Electronics,Audio and video
83747897952,270922,11/9/2012,4,4,4,1024,430.08,4526.08,e-Shop,Bags,Mens
29362776015,271611,10/9/2012,1,4,3,839,264.285,2781.285,e-Shop,Bags,Women
56454025977,267269,10/9/2012,4,4,4,1339,562.38,5918.38,TeleShop,Bags,Mens
48408181352,272525,10/9/2012,11,5,5,1123,589.575,6204.575,TeleShop,Books,Children
9497527510,273815,10/9/2012,3,1,3,194,61.11,643.11,e-Shop,Clothing,Kids
43819560068,269691,10/9/2012,8,3,1,719,75.495,794.495,e-Shop,Electronics,Personal Appliances
50486388105,270210,10/9/2012,8,3,3,71,22.365,235.365,e-Shop,Electronics,Personal Appliances
40002073309,267240,10/9/2012,11,6,4,401,168.42,1772.42,e-Shop,Home and kitchen,Children
57865498835,269228,10/9/2012,10,3,4,220,92.4,972.4,TeleShop,Electronics,Audio and video
6627109571,270938,10/9/2012,2,6,5,203,106.575,1121.575,e-Shop,Home and kitchen,Furnishing
50237519418,271023,10/9/2012,1,4,2,1036,217.56,2289.56,MBR,Bags,Women
61026034013,273373,10/9/2012,3,1,5,314,164.85,1734.85,e-Shop,Clothing,Kids
50491025028,269611,10/9/2012,10,6,2,852,178.92,1882.92,Flagship store,Home and kitchen,Audio and video
92964828389,267540,10/9/2012,12,5,1,1212,127.26,1339.26,Flagship store,Books,Academic
74019693790,268494,10/9/2012,4,2,4,435,182.7,1922.7,e-Shop,Footwear,Mens
66959931839,266939,10/9/2012,1,4,2,571,119.91,1261.91,e-Shop,Bags,Women
79375630604,272187,10/9/2012,10,3,3,960,302.4,3182.4,TeleShop,Electronics,Audio and video
90790745000,267886,10/9/2012,3,2,5,1386,727.65,7657.65,e-Shop,Footwear,Kids
92284015192,273226,10/9/2012,10,5,4,1348,566.16,5958.16,Flagship store,Books,Audio and video
63981520035,268930,10/9/2012,5,3,-1,-1070,112.35,-1182.35,TeleShop,Electronics,Computers
74800170661,273915,10/9/2012,10,6,3,1038,326.97,3440.97,e-Shop,Home and kitchen,Audio and video
66988200376,267117,10/9/2012,4,3,4,1126,472.92,4976.92,e-Shop,Electronics,Mens
80360060391,274364,10/9/2012,4,3,4,198,83.16,875.16,e-Shop,Electronics,Mens
82606518696,270831,10/9/2012,3,1,5,365,191.625,2016.625,e-Shop,Clothing,Kids
13834233237,273270,9/9/2012,10,6,-1,-1111,116.655,-1227.655,TeleShop,Home and kitchen,Audio and video
15425462861,267656,9/9/2012,3,5,2,812,170.52,1794.52,Flagship store,Books,Kids
26167870162,270721,9/9/2012,4,4,2,800,168,1768,MBR,Bags,Mens
16748925066,271286,9/9/2012,11,5,4,1212,509.04,5357.04,MBR,Books,Children
23916179615,269499,9/9/2012,4,2,3,1478,465.57,4899.57,Flagship store,Footwear,Mens
60388819520,267099,9/9/2012,6,5,1,1230,129.15,1359.15,TeleShop,Books,DIY
27051905326,273113,9/9/2012,4,1,5,732,384.3,4044.3,TeleShop,Clothing,Mens
26928161256,266784,9/9/2012,7,5,5,176,92.4,972.4,e-Shop,Books,Fiction
18757687509,270613,9/9/2012,7,5,3,81,25.515,268.515,e-Shop,Books,Fiction
29952339913,271077,9/9/2012,10,5,2,408,85.68,901.68,MBR,Books,Audio and video
1616853579,268044,9/9/2012,10,6,3,909,286.335,3013.335,MBR,Home and kitchen,Audio and video
28789649321,273332,9/9/2012,2,6,3,1172,369.18,3885.18,MBR,Home and kitchen,Furnishing
20001619288,268186,9/9/2012,12,6,3,1459,459.585,4836.585,e-Shop,Home and kitchen,Academic
51732821392,266934,9/9/2012,3,5,4,261,109.62,1153.62,e-Shop,Books,Kids
45582965717,266806,9/9/2012,1,2,5,790,414.75,4364.75,e-Shop,Footwear,Women
95441296223,271108,9/9/2012,2,6,1,1421,149.205,1570.205,e-Shop,Home and kitchen,Furnishing
98973820527,266887,9/9/2012,9,3,2,280,58.8,618.8,MBR,Electronics,Cameras
95143035139,269392,9/9/2012,4,3,3,1353,426.195,4485.195,Flagship store,Electronics,Mens
75988305152,266953,9/9/2012,3,2,5,255,133.875,1408.875,e-Shop,Footwear,Kids
99655945717,267361,9/9/2012,3,1,3,1345,423.675,4458.675,MBR,Clothing,Kids
12830826558,268438,8/9/2012,3,1,5,1493,783.825,8248.825,TeleShop,Clothing,Kids
41796840008,273083,8/9/2012,4,3,2,139,29.19,307.19,Flagship store,Electronics,Mens
57685095006,273478,8/9/2012,4,2,-4,-676,283.92,-2987.92,TeleShop,Footwear,Mens
25994294621,274107,8/9/2012,5,3,3,910,286.65,3016.65,e-Shop,Electronics,Computers
9202875199,268295,8/9/2012,3,1,1,711,74.655,785.655,Flagship store,Clothing,Kids
5928250764,268431,8/9/2012,4,1,3,188,59.22,623.22,e-Shop,Clothing,Mens
24459892181,270403,8/9/2012,9,3,2,708,148.68,1564.68,Flagship store,Electronics,Cameras
29110029045,267618,8/9/2012,11,6,1,768,80.64,848.64,e-Shop,Home and kitchen,Children
44903643783,271705,8/9/2012,1,1,1,827,86.835,913.835,Flagship store,Clothing,Women
15839657184,267745,8/9/2012,3,2,5,834,437.85,4607.85,TeleShop,Footwear,Kids
52342659186,268458,8/9/2012,5,3,2,1361,285.81,3007.81,Flagship store,Electronics,Computers
20817469716,269640,8/9/2012,11,6,3,171,53.865,566.865,Flagship store,Home and kitchen,Children
26893731143,270428,8/9/2012,3,5,3,96,30.24,318.24,Flagship store,Books,Kids
35468578131,267296,8/9/2012,6,5,-1,-622,65.31,-687.31,e-Shop,Books,DIY
32537937507,267780,8/9/2012,9,3,-4,-1470,617.4,-6497.4,TeleShop,Electronics,Cameras
67200659884,268502,8/9/2012,3,1,4,1228,515.76,5427.76,e-Shop,Clothing,Kids
86048561342,267233,8/9/2012,3,1,5,285,149.625,1574.625,e-Shop,Clothing,Kids
78231972953,266835,8/9/2012,1,1,3,1374,432.81,4554.81,Flagship store,Clothing,Women
99508715653,273373,8/9/2012,11,5,4,1228,515.76,5427.76,e-Shop,Books,Children
99830679415,270141,8/9/2012,5,3,3,171,53.865,566.865,TeleShop,Electronics,Computers
86744931742,270951,8/9/2012,10,5,2,1407,295.47,3109.47,MBR,Books,Audio and video
19516063887,268408,7/9/2012,10,3,4,650,273,2873,e-Shop,Electronics,Audio and video
57685095006,273478,7/9/2012,4,2,4,676,283.92,2987.92,TeleShop,Footwear,Mens
42163093542,269293,7/9/2012,3,5,5,966,507.15,5337.15,TeleShop,Books,Kids
23086331942,268171,7/9/2012,8,3,1,1102,115.71,1217.71,MBR,Electronics,Personal Appliances
21873005492,273663,7/9/2012,3,1,1,339,35.595,374.595,MBR,Clothing,Kids
12009976049,272343,7/9/2012,3,1,4,1421,596.82,6280.82,e-Shop,Clothing,Kids
32537937507,267780,7/9/2012,9,3,4,1470,617.4,6497.4,TeleShop,Electronics,Cameras
14109060463,272171,7/9/2012,5,3,5,600,315,3315,e-Shop,Electronics,Computers
56316432549,270590,7/9/2012,10,3,3,1406,442.89,4660.89,Flagship store,Electronics,Audio and video
17754674784,274665,7/9/2012,3,2,3,120,37.8,397.8,MBR,Footwear,Kids
35742510865,267376,7/9/2012,3,2,3,938,295.47,3109.47,MBR,Footwear,Kids
60721129883,274625,7/9/2012,2,6,3,1194,376.11,3958.11,Flagship store,Home and kitchen,Furnishing
2384122165,267083,7/9/2012,3,5,4,654,274.68,2890.68,e-Shop,Books,Kids
59299691179,272208,7/9/2012,4,1,5,854,448.35,4718.35,e-Shop,Clothing,Mens
60949296542,273928,7/9/2012,4,4,1,1083,113.715,1196.715,e-Shop,Bags,Mens
91710570274,272602,7/9/2012,5,3,2,410,86.1,906.1,e-Shop,Electronics,Computers
66464342845,272278,7/9/2012,4,1,3,769,242.235,2549.235,MBR,Clothing,Mens
84525511504,274964,7/9/2012,12,5,3,1336,420.84,4428.84,TeleShop,Books,Academic
64578695593,271639,7/9/2012,3,1,2,1169,245.49,2583.49,MBR,Clothing,Kids
63981520035,268930,7/9/2012,5,3,1,1070,112.35,1182.35,TeleShop,Electronics,Computers
56454358165,273347,6/9/2012,3,2,4,1020,428.4,4508.4,e-Shop,Footwear,Kids
1631349777,273922,6/9/2012,3,1,3,976,307.44,3235.44,TeleShop,Clothing,Kids
18879501329,267278,6/9/2012,11,5,4,1183,496.86,5228.86,e-Shop,Books,Children
37760459170,269514,6/9/2012,4,4,3,875,275.625,2900.625,MBR,Bags,Mens
26101352581,275231,6/9/2012,10,5,5,921,483.525,5088.525,TeleShop,Books,Audio and video
50600218453,271468,6/9/2012,8,3,4,171,71.82,755.82,MBR,Electronics,Personal Appliances
19147038992,269999,6/9/2012,4,2,4,1406,590.52,6214.52,e-Shop,Footwear,Mens
24385463216,268995,6/9/2012,9,3,1,1451,152.355,1603.355,MBR,Electronics,Cameras
61252506565,267125,6/9/2012,8,3,3,1177,370.755,3901.755,e-Shop,Electronics,Personal Appliances
42648779907,272699,6/9/2012,11,5,1,1200,126,1326,e-Shop,Books,Children
30348039582,270349,6/9/2012,12,5,3,380,119.7,1259.7,MBR,Books,Academic
47973159517,269143,6/9/2012,10,6,-5,-822,431.55,-4541.55,e-Shop,Home and kitchen,Audio and video
34921049666,274275,6/9/2012,4,3,1,1245,130.725,1375.725,e-Shop,Electronics,Mens
44872218882,271021,6/9/2012,1,4,3,379,119.385,1256.385,Flagship store,Bags,Women
3482581244,273463,6/9/2012,6,5,2,1147,240.87,2534.87,e-Shop,Books,DIY
4806913995,272306,6/9/2012,7,5,5,669,351.225,3696.225,e-Shop,Books,Fiction
11056505950,269927,6/9/2012,11,6,2,726,152.46,1604.46,TeleShop,Home and kitchen,Children
41050529616,274128,6/9/2012,1,1,4,460,193.2,2033.2,TeleShop,Clothing,Women
3213260731,270493,6/9/2012,1,4,5,1487,780.675,8215.675,Flagship store,Bags,Women
29106376452,270913,6/9/2012,5,3,2,533,111.93,1177.93,e-Shop,Electronics,Computers
52181747941,273886,6/9/2012,4,3,1,1410,148.05,1558.05,TeleShop,Electronics,Mens
80033138911,274493,6/9/2012,4,4,1,215,22.575,237.575,TeleShop,Bags,Mens
65487816142,269002,6/9/2012,5,3,2,403,84.63,890.63,e-Shop,Electronics,Computers
76980013820,275257,6/9/2012,11,5,3,1051,331.065,3484.065,e-Shop,Books,Children
75530021494,272928,6/9/2012,4,4,4,457,191.94,2019.94,e-Shop,Bags,Mens
68641642219,273378,6/9/2012,11,6,1,214,22.47,236.47,Flagship store,Home and kitchen,Children
90568538129,269355,6/9/2012,4,4,5,1211,635.775,6690.775,Flagship store,Bags,Mens
64940848329,273583,6/9/2012,11,5,4,985,413.7,4353.7,e-Shop,Books,Children
7919124013,269852,5/9/2012,11,5,5,403,211.575,2226.575,Flagship store,Books,Children
34239069179,267273,5/9/2012,9,3,-3,-479,150.885,-1587.885,MBR,Electronics,Cameras
17136492626,268638,5/9/2012,2,6,1,859,90.195,949.195,MBR,Home and kitchen,Furnishing
4506838935,272607,5/9/2012,4,3,2,306,64.26,676.26,MBR,Electronics,Mens
27643398629,272545,5/9/2012,5,3,5,708,371.7,3911.7,e-Shop,Electronics,Computers
62423836582,272091,5/9/2012,7,5,5,1269,666.225,7011.225,MBR,Books,Fiction
48694091638,267345,5/9/2012,4,4,1,424,44.52,468.52,e-Shop,Bags,Mens
57358822237,274308,5/9/2012,1,2,4,876,367.92,3871.92,e-Shop,Footwear,Women
62642032083,269368,5/9/2012,3,5,3,939,295.785,3112.785,e-Shop,Books,Kids
57909276269,267786,5/9/2012,4,1,5,1239,650.475,6845.475,TeleShop,Clothing,Mens
29626705986,269849,5/9/2012,3,1,5,924,485.1,5105.1,e-Shop,Clothing,Kids
33960381224,268903,5/9/2012,3,2,2,355,74.55,784.55,e-Shop,Footwear,Kids
11418264093,268022,5/9/2012,11,6,1,674,70.77,744.77,TeleShop,Home and kitchen,Children
26927873141,271348,5/9/2012,11,6,2,1142,239.82,2523.82,Flagship store,Home and kitchen,Children
16637125140,267420,5/9/2012,10,6,5,691,362.775,3817.775,e-Shop,Home and kitchen,Audio and video
41209280459,272244,5/9/2012,3,5,2,1216,255.36,2687.36,MBR,Books,Kids
54953351543,269517,5/9/2012,11,5,5,884,464.1,4884.1,MBR,Books,Children
71326854418,270301,5/9/2012,4,4,1,92,9.66,101.66,MBR,Bags,Mens
84786500442,271352,5/9/2012,4,3,5,1230,645.75,6795.75,TeleShop,Electronics,Mens
63380527821,270734,5/9/2012,3,5,3,162,51.03,537.03,e-Shop,Books,Kids
80612622666,274073,5/9/2012,4,3,2,922,193.62,2037.62,MBR,Electronics,Mens
96506510302,271218,5/9/2012,10,6,4,1191,500.22,5264.22,MBR,Home and kitchen,Audio and video
73381830128,274943,5/9/2012,11,6,1,322,33.81,355.81,TeleShop,Home and kitchen,Children
18988595840,269337,4/9/2012,8,3,1,619,64.995,683.995,MBR,Electronics,Personal Appliances
21464577767,274939,4/9/2012,11,5,1,1000,105,1105,TeleShop,Books,Children
12943656708,271995,4/9/2012,10,3,4,307,128.94,1356.94,MBR,Electronics,Audio and video
1351359961,268834,4/9/2012,3,5,4,450,189,1989,MBR,Books,Kids
13834233237,273270,4/9/2012,10,6,1,1111,116.655,1227.655,TeleShop,Home and kitchen,Audio and video
24428942560,273243,4/9/2012,1,1,5,800,420,4420,Flagship store,Clothing,Women
27284466617,274963,4/9/2012,1,1,1,1373,144.165,1517.165,TeleShop,Clothing,Women
17914038846,272101,4/9/2012,5,3,4,337,141.54,1489.54,Flagship store,Electronics,Computers
1909613298,273767,4/9/2012,12,5,1,975,102.375,1077.375,MBR,Books,Academic
38311914601,269181,4/9/2012,3,5,1,1073,112.665,1185.665,e-Shop,Books,Kids
17543401070,273070,4/9/2012,3,1,-1,-1162,122.01,-1284.01,TeleShop,Clothing,Kids
56810036581,269979,4/9/2012,11,6,2,1378,289.38,3045.38,Flagship store,Home and kitchen,Children
58485982615,274437,4/9/2012,7,5,1,231,24.255,255.255,Flagship store,Books,Fiction
65215855800,271063,4/9/2012,3,2,3,1337,421.155,4432.155,Flagship store,Footwear,Kids
77772352678,267125,4/9/2012,1,1,-5,-416,218.4,-2298.4,MBR,Clothing,Women
91729729563,273342,4/9/2012,4,2,1,85,8.925,93.925,TeleShop,Footwear,Mens
96935201829,271154,4/9/2012,7,5,4,208,87.36,919.36,Flagship store,Books,Fiction
87158802240,271797,4/9/2012,1,4,-3,-571,179.865,-1892.865,Flagship store,Bags,Women
23782668007,268649,3/9/2012,9,3,5,610,320.25,3370.25,e-Shop,Electronics,Cameras
60813900771,270865,3/9/2012,7,5,1,295,30.975,325.975,Flagship store,Books,Fiction
26313038708,268828,3/9/2012,1,4,3,472,148.68,1564.68,e-Shop,Bags,Women
42219352593,269852,3/9/2012,10,5,-2,-1372,288.12,-3032.12,TeleShop,Books,Audio and video
13407077428,271418,3/9/2012,12,6,-4,-258,108.36,-1140.36,e-Shop,Home and kitchen,Academic
17852484526,273346,3/9/2012,1,2,-3,-1203,378.945,-3987.945,e-Shop,Footwear,Women
7488096821,269675,3/9/2012,4,4,4,1479,621.18,6537.18,TeleShop,Bags,Mens
59206185820,269073,3/9/2012,1,1,1,473,49.665,522.665,Flagship store,Clothing,Women
47973159517,269143,3/9/2012,10,6,5,822,431.55,4541.55,e-Shop,Home and kitchen,Audio and video
43456191344,272816,3/9/2012,4,3,4,216,90.72,954.72,MBR,Electronics,Mens
50417836758,273014,3/9/2012,5,3,1,218,22.89,240.89,e-Shop,Electronics,Computers
2697483647,274390,3/9/2012,11,5,3,770,242.55,2552.55,Flagship store,Books,Children
45533124333,273758,3/9/2012,10,6,4,936,393.12,4137.12,MBR,Home and kitchen,Audio and video
55392880300,269497,3/9/2012,9,3,1,921,96.705,1017.705,MBR,Electronics,Cameras
48562538583,271868,3/9/2012,1,2,5,165,86.625,911.625,e-Shop,Footwear,Women
58747068444,268983,3/9/2012,10,3,2,232,48.72,512.72,e-Shop,Electronics,Audio and video
12468054879,272059,3/9/2012,6,5,5,1261,662.025,6967.025,e-Shop,Books,DIY
6213293201,272939,3/9/2012,8,3,2,1061,222.81,2344.81,Flagship store,Electronics,Personal Appliances
12640991336,272151,3/9/2012,10,5,3,456,143.64,1511.64,e-Shop,Books,Audio and video
71815229640,273290,3/9/2012,4,4,3,606,190.89,2008.89,e-Shop,Bags,Mens
87428816232,273757,3/9/2012,4,1,3,776,244.44,2572.44,e-Shop,Clothing,Mens
81304829629,270503,3/9/2012,4,2,-1,-223,23.415,-246.415,Flagship store,Footwear,Mens
81713356721,268327,3/9/2012,1,2,3,1474,464.31,4886.31,MBR,Footwear,Women
78186625527,271460,3/9/2012,6,5,-4,-1146,481.32,-5065.32,MBR,Books,DIY
75671068788,272416,3/9/2012,10,3,-5,-1148,602.7,-6342.7,MBR,Electronics,Audio and video
62280168536,272933,2/9/2012,7,5,1,857,89.985,946.985,Flagship store,Books,Fiction
25299842375,274319,2/9/2012,4,4,5,1402,736.05,7746.05,e-Shop,Bags,Mens
35356728082,271548,2/9/2012,2,6,1,1031,108.255,1139.255,e-Shop,Home and kitchen,Furnishing
62847416507,268674,2/9/2012,4,1,-4,-1120,470.4,-4950.4,Flagship store,Clothing,Mens
35468578131,267296,2/9/2012,6,5,1,622,65.31,687.31,e-Shop,Books,DIY
40256405291,270607,2/9/2012,10,5,5,133,69.825,734.825,Flagship store,Books,Audio and video
24921216098,268592,2/9/2012,3,2,1,1262,132.51,1394.51,Flagship store,Footwear,Kids
16551472534,269624,2/9/2012,6,5,3,1420,447.3,4707.3,Flagship store,Books,DIY
16662177716,272021,2/9/2012,10,3,2,979,205.59,2163.59,TeleShop,Electronics,Audio and video
24372867151,271922,2/9/2012,3,5,2,1050,220.5,2320.5,MBR,Books,Kids
31914865798,271993,2/9/2012,1,1,5,1034,542.85,5712.85,e-Shop,Clothing,Women
69574473706,274478,2/9/2012,4,1,1,496,52.08,548.08,Flagship store,Clothing,Mens
93841600551,272248,2/9/2012,8,3,3,473,148.995,1567.995,MBR,Electronics,Personal Appliances
78291960485,272067,2/9/2012,4,4,4,338,141.96,1493.96,e-Shop,Bags,Mens
67881542485,267347,2/9/2012,4,2,5,1359,713.475,7508.475,e-Shop,Footwear,Mens
2193455671,275136,1/9/2012,12,5,3,175,55.125,580.125,Flagship store,Books,Academic
641536043,275244,1/9/2012,4,1,3,351,110.565,1163.565,Flagship store,Clothing,Mens
17977703874,266998,1/9/2012,1,4,3,770,242.55,2552.55,e-Shop,Bags,Women
7428057613,270683,1/9/2012,10,5,3,669,210.735,2217.735,e-Shop,Books,Audio and video
15154120914,272525,1/9/2012,7,5,5,1110,582.75,6132.75,MBR,Books,Fiction
54629190992,270876,1/9/2012,10,3,5,1340,703.5,7403.5,TeleShop,Electronics,Audio and video
53315869427,273667,1/9/2012,3,2,5,1224,642.6,6762.6,TeleShop,Footwear,Kids
56827412216,268275,1/9/2012,10,6,2,1329,279.09,2937.09,e-Shop,Home and kitchen,Audio and video
46421420732,268402,1/9/2012,1,1,5,892,468.3,4928.3,MBR,Clothing,Women
29188197913,269790,1/9/2012,5,3,2,1120,235.2,2475.2,MBR,Electronics,Computers
14325869491,267326,1/9/2012,12,6,5,414,217.35,2287.35,TeleShop,Home and kitchen,Academic
31729113269,269570,1/9/2012,10,3,-1,-269,28.245,-297.245,Flagship store,Electronics,Audio and video
41726898983,268835,1/9/2012,3,1,1,470,49.35,519.35,TeleShop,Clothing,Kids
57742886097,275251,1/9/2012,9,3,3,96,30.24,318.24,MBR,Electronics,Cameras
86099604878,268826,1/9/2012,5,3,4,519,217.98,2293.98,e-Shop,Electronics,Computers
95932913530,270597,1/9/2012,12,6,1,121,12.705,133.705,MBR,Home and kitchen,Academic
91076378437,272617,1/9/2012,6,5,3,384,120.96,1272.96,e-Shop,Books,DIY
67356960799,274492,1/9/2012,12,5,4,432,181.44,1909.44,e-Shop,Books,Academic
86482278453,274021,1/9/2012,1,1,5,1289,676.725,7121.725,TeleShop,Clothing,Women
78066275678,270402,1/9/2012,8,3,5,893,468.825,4933.825,Flagship store,Electronics,Personal Appliances
83304619240,275031,1/9/2012,10,5,4,861,361.62,3805.62,Flagship store,Books,Audio and video
96827906194,270773,1/9/2012,3,2,-4,-1093,459.06,-4831.06,e-Shop,Footwear,Kids
43797339582,269859,31-08-2012,12,5,5,130,68.25,718.25,e-Shop,Books,Academic
15582208763,272926,31-08-2012,10,5,4,671,281.82,2965.82,MBR,Books,Audio and video
56813476737,273556,31-08-2012,5,3,2,1168,245.28,2581.28,Flagship store,Electronics,Computers
24067719402,272274,31-08-2012,11,5,1,995,104.475,1099.475,Flagship store,Books,Children
12133638935,275119,31-08-2012,5,3,2,1030,216.3,2276.3,MBR,Electronics,Computers
25371361092,274896,31-08-2012,1,4,1,1456,152.88,1608.88,TeleShop,Bags,Women
7503457200,274795,31-08-2012,11,6,4,502,210.84,2218.84,Flagship store,Home and kitchen,Children
31488690448,273120,31-08-2012,11,5,3,1321,416.115,4379.115,Flagship store,Books,Children
11303908460,273368,31-08-2012,4,3,5,936,491.4,5171.4,e-Shop,Electronics,Mens
38746786541,268961,31-08-2012,3,1,3,1157,364.455,3835.455,e-Shop,Clothing,Kids
48709591132,271787,31-08-2012,10,6,5,1068,560.7,5900.7,TeleShop,Home and kitchen,Audio and video
36812210667,271784,31-08-2012,4,3,3,294,92.61,974.61,e-Shop,Electronics,Mens
34588082440,270506,31-08-2012,2,6,3,491,154.665,1627.665,MBR,Home and kitchen,Furnishing
23054270469,267778,31-08-2012,4,3,5,277,145.425,1530.425,MBR,Electronics,Mens
56088898811,267826,31-08-2012,3,1,2,863,181.23,1907.23,MBR,Clothing,Kids
94401654402,272472,31-08-2012,2,6,4,820,344.4,3624.4,MBR,Home and kitchen,Furnishing
77736749241,273110,31-08-2012,4,3,1,418,43.89,461.89,e-Shop,Electronics,Mens
72190889247,271200,31-08-2012,4,1,1,1352,141.96,1493.96,e-Shop,Clothing,Mens
77772352678,267125,31-08-2012,1,1,5,416,218.4,2298.4,MBR,Clothing,Women
88826480678,273867,31-08-2012,4,4,2,110,23.1,243.1,TeleShop,Bags,Mens
88243631447,271222,31-08-2012,6,5,-2,-783,164.43,-1730.43,e-Shop,Books,DIY
95779277872,272054,31-08-2012,12,6,3,336,105.84,1113.84,e-Shop,Home and kitchen,Academic
78186625527,271460,31-08-2012,6,5,4,1146,481.32,5065.32,MBR,Books,DIY
1723212765,274489,30-08-2012,6,5,1,179,18.795,197.795,TeleShop,Books,DIY
10963572650,269223,30-08-2012,3,2,3,175,55.125,580.125,MBR,Footwear,Kids
50341947705,268817,30-08-2012,3,2,1,1432,150.36,1582.36,MBR,Footwear,Kids
45866694432,273026,30-08-2012,12,6,1,493,51.765,544.765,e-Shop,Home and kitchen,Academic
604922736,270669,30-08-2012,10,6,5,986,517.65,5447.65,e-Shop,Home and kitchen,Audio and video
35474086111,269499,30-08-2012,4,3,4,316,132.72,1396.72,Flagship store,Electronics,Mens
48510428128,275025,30-08-2012,12,5,2,733,153.93,1619.93,e-Shop,Books,Academic
59523784301,272670,30-08-2012,11,6,4,517,217.14,2285.14,Flagship store,Home and kitchen,Children
17852484526,273346,30-08-2012,1,2,3,1203,378.945,3987.945,e-Shop,Footwear,Women
32182345041,268860,30-08-2012,2,6,-3,-1172,369.18,-3885.18,MBR,Home and kitchen,Furnishing
44346594740,274232,30-08-2012,1,1,5,1282,673.05,7083.05,e-Shop,Clothing,Women
60001199037,271427,30-08-2012,3,1,1,222,23.31,245.31,Flagship store,Clothing,Kids
47939640695,268006,30-08-2012,12,6,1,562,59.01,621.01,Flagship store,Home and kitchen,Academic
34239069179,267273,30-08-2012,9,3,3,479,150.885,1587.885,MBR,Electronics,Cameras
60645980915,273060,30-08-2012,1,1,2,361,75.81,797.81,TeleShop,Clothing,Women
37280314475,271307,30-08-2012,4,2,2,303,63.63,669.63,Flagship store,Footwear,Mens
34940246252,267577,30-08-2012,9,3,1,265,27.825,292.825,e-Shop,Electronics,Cameras
9307819998,267002,30-08-2012,10,3,1,627,65.835,692.835,e-Shop,Electronics,Audio and video
23741553799,271694,30-08-2012,1,2,2,125,26.25,276.25,TeleShop,Footwear,Women
56083618831,270406,30-08-2012,4,1,5,764,401.1,4221.1,Flagship store,Clothing,Mens
88133045474,271815,30-08-2012,4,2,5,1234,647.85,6817.85,e-Shop,Footwear,Mens
83537163928,271046,30-08-2012,1,2,3,440,138.6,1458.6,e-Shop,Footwear,Women
85491543253,268393,30-08-2012,4,1,-2,-365,76.65,-806.65,MBR,Clothing,Mens
98019780729,267828,30-08-2012,11,5,1,712,74.76,786.76,TeleShop,Books,Children
81304829629,270503,30-08-2012,4,2,-1,-223,23.415,-246.415,Flagship store,Footwear,Mens
90087347879,269491,30-08-2012,1,1,1,381,40.005,421.005,Flagship store,Clothing,Women
84711914842,269703,30-08-2012,10,3,3,502,158.13,1664.13,e-Shop,Electronics,Audio and video
98926434376,274171,30-08-2012,1,1,2,1165,244.65,2574.65,Flagship store,Clothing,Women
75671068788,272416,30-08-2012,10,3,5,1148,602.7,6342.7,MBR,Electronics,Audio and video
39776256170,273012,29-08-2012,5,3,1,699,73.395,772.395,Flagship store,Electronics,Computers
19201861415,272900,29-08-2012,4,2,2,485,101.85,1071.85,MBR,Footwear,Mens
47268844205,272896,29-08-2012,2,6,-1,-789,82.845,-871.845,TeleShop,Home and kitchen,Furnishing
39926694773,267234,29-08-2012,10,5,1,433,45.465,478.465,TeleShop,Books,Audio and video
50232945649,272532,29-08-2012,9,3,-4,-1202,504.84,-5312.84,Flagship store,Electronics,Cameras
34726547732,272703,29-08-2012,1,1,2,935,196.35,2066.35,e-Shop,Clothing,Women
11623739281,267486,29-08-2012,10,3,5,1275,669.375,7044.375,e-Shop,Electronics,Audio and video
32517090538,267482,29-08-2012,4,2,4,728,305.76,3217.76,e-Shop,Footwear,Mens
12734582770,274367,29-08-2012,6,5,-2,-797,167.37,-1761.37,MBR,Books,DIY
38353293960,273506,29-08-2012,11,6,1,1251,131.355,1382.355,TeleShop,Home and kitchen,Children
13407077428,271418,29-08-2012,12,6,4,258,108.36,1140.36,e-Shop,Home and kitchen,Academic
13743137074,267888,29-08-2012,1,2,1,678,71.19,749.19,MBR,Footwear,Women
52548591101,267247,29-08-2012,1,1,5,432,226.8,2386.8,e-Shop,Clothing,Women
961369127,271104,29-08-2012,3,1,5,637,334.425,3519.425,MBR,Clothing,Kids
76828452676,268151,29-08-2012,1,4,4,1109,465.78,4901.78,TeleShop,Bags,Women
75196405012,267349,29-08-2012,3,2,5,265,139.125,1464.125,e-Shop,Footwear,Kids
88571084340,271629,29-08-2012,1,4,5,1470,771.75,8121.75,e-Shop,Bags,Women
83227637077,274139,29-08-2012,6,5,5,319,167.475,1762.475,Flagship store,Books,DIY
87158802240,271797,29-08-2012,1,4,3,571,179.865,1892.865,Flagship store,Bags,Women
25637581383,267525,28-08-2012,8,3,1,1486,156.03,1642.03,TeleShop,Electronics,Personal Appliances
21865170386,274824,28-08-2012,10,6,-2,-341,71.61,-753.61,e-Shop,Home and kitchen,Audio and video
39463939825,269318,28-08-2012,8,3,1,1332,139.86,1471.86,e-Shop,Electronics,Personal Appliances
54108507268,269927,28-08-2012,11,6,4,542,227.64,2395.64,e-Shop,Home and kitchen,Children
39382841925,274208,28-08-2012,4,4,2,1359,285.39,3003.39,MBR,Bags,Mens
26269632607,272627,28-08-2012,10,3,3,248,78.12,822.12,e-Shop,Electronics,Audio and video
23736469876,273989,28-08-2012,3,5,4,229,96.18,1012.18,e-Shop,Books,Kids
50232945649,272532,28-08-2012,9,3,4,1202,504.84,5312.84,Flagship store,Electronics,Cameras
25841236394,269613,28-08-2012,4,1,3,1500,472.5,4972.5,Flagship store,Clothing,Mens
40798093279,269182,28-08-2012,3,5,4,1348,566.16,5958.16,MBR,Books,Kids
44108087215,266878,28-08-2012,9,3,5,1304,684.6,7204.6,MBR,Electronics,Cameras
62949372484,271910,28-08-2012,9,3,5,1399,734.475,7729.475,TeleShop,Electronics,Cameras
23491278038,274875,28-08-2012,11,6,3,425,133.875,1408.875,Flagship store,Home and kitchen,Children
12734582770,274367,28-08-2012,6,5,2,797,167.37,1761.37,MBR,Books,DIY
4629206829,268612,28-08-2012,11,6,4,365,153.3,1613.3,TeleShop,Home and kitchen,Children
25373272660,271973,28-08-2012,1,2,5,375,196.875,2071.875,TeleShop,Footwear,Women
44374436499,268513,28-08-2012,6,5,3,281,88.515,931.515,MBR,Books,DIY
13453989891,267742,28-08-2012,6,5,2,1324,278.04,2926.04,e-Shop,Books,DIY
98067879375,274876,28-08-2012,10,3,3,900,283.5,2983.5,TeleShop,Electronics,Audio and video
89322614459,270661,28-08-2012,6,5,3,510,160.65,1690.65,e-Shop,Books,DIY
90881364439,272116,28-08-2012,2,6,1,360,37.8,397.8,e-Shop,Home and kitchen,Furnishing
93243049149,271460,28-08-2012,11,5,3,818,257.67,2711.67,TeleShop,Books,Children
96827906194,270773,28-08-2012,3,2,4,1093,459.06,4831.06,e-Shop,Footwear,Kids
73339677351,272379,28-08-2012,10,3,2,402,84.42,888.42,e-Shop,Electronics,Audio and video
85920727944,268659,28-08-2012,4,4,3,223,70.245,739.245,e-Shop,Bags,Mens
66175026207,272323,28-08-2012,1,4,2,937,196.77,2070.77,TeleShop,Bags,Women
83213300031,274034,28-08-2012,10,6,2,334,70.14,738.14,Flagship store,Home and kitchen,Audio and video
38702800191,268593,27-08-2012,1,2,-3,-757,238.455,-2509.455,e-Shop,Footwear,Women
17543401070,273070,27-08-2012,3,1,1,1162,122.01,1284.01,TeleShop,Clothing,Kids
47268844205,272896,27-08-2012,2,6,1,789,82.845,871.845,TeleShop,Home and kitchen,Furnishing
8370924146,268688,27-08-2012,10,5,2,983,206.43,2172.43,TeleShop,Books,Audio and video
43151564751,267110,27-08-2012,11,5,2,1411,296.31,3118.31,Flagship store,Books,Children
23239793157,269174,27-08-2012,10,5,4,333,139.86,1471.86,e-Shop,Books,Audio and video
33058455505,275178,27-08-2012,11,6,5,468,245.7,2585.7,e-Shop,Home and kitchen,Children
57079322513,267901,27-08-2012,2,6,3,85,26.775,281.775,e-Shop,Home and kitchen,Furnishing
45468181797,267620,27-08-2012,3,2,5,1080,567,5967,e-Shop,Footwear,Kids
14370532742,269921,27-08-2012,1,2,1,576,60.48,636.48,e-Shop,Footwear,Women
28799179166,267962,27-08-2012,12,6,1,1022,107.31,1129.31,e-Shop,Home and kitchen,Academic
46333907134,268814,27-08-2012,7,5,4,216,90.72,954.72,Flagship store,Books,Fiction
7863738568,268848,27-08-2012,1,1,3,104,32.76,344.76,TeleShop,Clothing,Women
87841299654,272729,27-08-2012,4,1,-4,-1125,472.5,-4972.5,e-Shop,Clothing,Mens
65542733376,273389,27-08-2012,1,1,4,1439,604.38,6360.38,e-Shop,Clothing,Women
99604769122,274008,27-08-2012,3,1,3,142,44.73,470.73,MBR,Clothing,Kids
83195456271,269318,27-08-2012,6,5,4,307,128.94,1356.94,e-Shop,Books,DIY
78394675722,274972,27-08-2012,10,6,2,516,108.36,1140.36,e-Shop,Home and kitchen,Audio and video
88243631447,271222,27-08-2012,6,5,2,783,164.43,1730.43,e-Shop,Books,DIY
98554493589,270515,27-08-2012,5,3,5,391,205.275,2160.275,e-Shop,Electronics,Computers
63570545622,270418,27-08-2012,4,3,2,1167,245.07,2579.07,e-Shop,Electronics,Mens
88086181738,274278,27-08-2012,3,2,5,71,37.275,392.275,MBR,Footwear,Kids
18641342105,269455,26-08-2012,10,3,3,100,31.5,331.5,e-Shop,Electronics,Audio and video
8745919288,272796,26-08-2012,4,4,1,400,42,442,TeleShop,Bags,Mens
52665853682,268284,26-08-2012,3,5,-4,-153,64.26,-676.26,TeleShop,Books,Kids
40658856961,268434,26-08-2012,3,5,2,946,198.66,2090.66,TeleShop,Books,Kids
45176920842,274268,26-08-2012,10,3,4,357,149.94,1577.94,TeleShop,Electronics,Audio and video
25513628691,268108,26-08-2012,4,4,4,515,216.3,2276.3,e-Shop,Bags,Mens
31729113269,269570,26-08-2012,10,3,1,269,28.245,297.245,Flagship store,Electronics,Audio and video
55466873730,273247,26-08-2012,11,5,2,998,209.58,2205.58,MBR,Books,Children
36008520813,272352,26-08-2012,2,6,1,948,99.54,1047.54,Flagship store,Home and kitchen,Furnishing
13717285000,272626,26-08-2012,11,5,2,446,93.66,985.66,TeleShop,Books,Children
10011215362,270641,26-08-2012,3,1,4,936,393.12,4137.12,TeleShop,Clothing,Kids
25446425834,267629,26-08-2012,10,5,1,1230,129.15,1359.15,e-Shop,Books,Audio and video
59705886965,272948,26-08-2012,10,6,3,482,151.83,1597.83,Flagship store,Home and kitchen,Audio and video
71492367129,268943,26-08-2012,1,2,3,1465,461.475,4856.475,e-Shop,Footwear,Women
63184387944,270375,26-08-2012,2,6,3,778,245.07,2579.07,e-Shop,Home and kitchen,Furnishing
99952735718,270699,26-08-2012,4,4,3,840,264.6,2784.6,Flagship store,Bags,Mens
89125832179,267844,26-08-2012,6,5,4,419,175.98,1851.98,TeleShop,Books,DIY
1025879720,274006,25-08-2012,7,5,2,359,75.39,793.39,TeleShop,Books,Fiction
26647407989,268241,25-08-2012,4,1,4,282,118.44,1246.44,e-Shop,Clothing,Mens
6260924019,267230,25-08-2012,3,5,3,240,75.6,795.6,e-Shop,Books,Kids
62915527412,270470,25-08-2012,3,2,3,756,238.14,2506.14,e-Shop,Footwear,Kids
27576150785,267224,25-08-2012,8,3,2,957,200.97,2114.97,Flagship store,Electronics,Personal Appliances
42255136382,270202,25-08-2012,12,5,-4,-841,353.22,-3717.22,e-Shop,Books,Academic
60615420139,274923,25-08-2012,10,5,4,1447,607.74,6395.74,Flagship store,Books,Audio and video
30312376112,271346,25-08-2012,12,5,2,317,66.57,700.57,e-Shop,Books,Academic
42219352593,269852,25-08-2012,10,5,2,1372,288.12,3032.12,TeleShop,Books,Audio and video
58949323762,269470,25-08-2012,9,3,1,898,94.29,992.29,Flagship store,Electronics,Cameras
60031078072,268468,25-08-2012,10,6,5,700,367.5,3867.5,e-Shop,Home and kitchen,Audio and video
37889752092,268953,25-08-2012,4,3,1,126,13.23,139.23,e-Shop,Electronics,Mens
42255136382,270202,25-08-2012,12,5,-4,-841,353.22,-3717.22,e-Shop,Books,Academic
60438780179,270873,25-08-2012,4,4,4,1484,623.28,6559.28,Flagship store,Bags,Mens
28273819437,269820,25-08-2012,11,5,1,1158,121.59,1279.59,e-Shop,Books,Children
62847416507,268674,25-08-2012,4,1,4,1120,470.4,4950.4,Flagship store,Clothing,Mens
47261518272,271737,25-08-2012,10,5,5,446,234.15,2464.15,MBR,Books,Audio and video
39215000774,271188,25-08-2012,5,3,3,686,216.09,2274.09,e-Shop,Electronics,Computers
38621155609,268867,25-08-2012,10,6,3,428,134.82,1418.82,e-Shop,Home and kitchen,Audio and video
73179767998,267453,25-08-2012,1,4,3,1239,390.285,4107.285,e-Shop,Bags,Women
64662243036,269902,25-08-2012,10,3,1,1379,144.795,1523.795,Flagship store,Electronics,Audio and video
81304829629,270503,25-08-2012,4,2,1,223,23.415,246.415,Flagship store,Footwear,Mens
89384579110,271275,25-08-2012,10,3,1,386,40.53,426.53,Flagship store,Electronics,Audio and video
81931093361,269080,25-08-2012,9,3,2,1102,231.42,2435.42,Flagship store,Electronics,Cameras
85965535098,274744,25-08-2012,10,6,4,622,261.24,2749.24,Flagship store,Home and kitchen,Audio and video
74377676559,267504,25-08-2012,10,3,5,1453,762.825,8027.825,e-Shop,Electronics,Audio and video
97795354146,271145,25-08-2012,3,2,3,375,118.125,1243.125,TeleShop,Footwear,Kids
70230515258,273462,25-08-2012,6,5,4,619,259.98,2735.98,e-Shop,Books,DIY
87151320244,268776,25-08-2012,9,3,2,1110,233.1,2453.1,Flagship store,Electronics,Cameras
81704904030,269708,25-08-2012,3,5,-3,-1438,452.97,-4766.97,e-Shop,Books,Kids
74748142133,270663,25-08-2012,6,5,5,443,232.575,2447.575,e-Shop,Books,DIY
89637980965,268126,25-08-2012,5,3,3,1490,469.35,4939.35,e-Shop,Electronics,Computers
19395228248,271492,24-08-2012,4,3,-2,-109,22.89,-240.89,TeleShop,Electronics,Mens
12297890596,270066,24-08-2012,8,3,2,946,198.66,2090.66,TeleShop,Electronics,Personal Appliances
54410826575,267293,24-08-2012,2,6,3,116,36.54,384.54,e-Shop,Home and kitchen,Furnishing
49686096818,271927,24-08-2012,1,4,1,767,80.535,847.535,e-Shop,Bags,Women
11568545403,273369,24-08-2012,2,6,3,608,191.52,2015.52,MBR,Home and kitchen,Furnishing
32655117501,270971,24-08-2012,11,6,3,342,107.73,1133.73,Flagship store,Home and kitchen,Children
61795898381,272362,24-08-2012,9,3,4,227,95.34,1003.34,e-Shop,Electronics,Cameras
9137584805,272426,24-08-2012,3,2,4,301,126.42,1330.42,e-Shop,Footwear,Kids
42255136382,270202,24-08-2012,12,5,4,841,353.22,3717.22,e-Shop,Books,Academic
56960319474,269981,24-08-2012,10,5,3,1229,387.135,4074.135,MBR,Books,Audio and video
99432837112,275008,24-08-2012,12,5,1,664,69.72,733.72,Flagship store,Books,Academic
96346895347,269200,24-08-2012,9,3,4,1279,537.18,5653.18,Flagship store,Electronics,Cameras
64722377086,275011,24-08-2012,3,1,1,407,42.735,449.735,MBR,Clothing,Kids
64421626956,266923,24-08-2012,12,6,1,136,14.28,150.28,Flagship store,Home and kitchen,Academic
78109483849,270154,24-08-2012,6,5,1,506,53.13,559.13,Flagship store,Books,DIY
54234600611,266784,23-08-2012,10,5,3,1291,406.665,4279.665,TeleShop,Books,Audio and video
18083689660,271352,23-08-2012,12,6,4,1059,444.78,4680.78,e-Shop,Home and kitchen,Academic
29025913880,271266,23-08-2012,4,2,3,1116,351.54,3699.54,TeleShop,Footwear,Mens
54690426919,268305,23-08-2012,4,3,2,76,15.96,167.96,TeleShop,Electronics,Mens
61190023282,275151,23-08-2012,12,6,-2,-651,136.71,-1438.71,Flagship store,Home and kitchen,Academic
25377198952,268878,23-08-2012,4,3,1,986,103.53,1089.53,e-Shop,Electronics,Mens
47747209902,270667,23-08-2012,5,3,5,1500,787.5,8287.5,MBR,Electronics,Computers
57262331706,268523,23-08-2012,12,6,4,1476,619.92,6523.92,Flagship store,Home and kitchen,Academic
47616641173,269861,23-08-2012,4,3,5,421,221.025,2326.025,e-Shop,Electronics,Mens
6135881155,267942,23-08-2012,10,3,1,303,31.815,334.815,e-Shop,Electronics,Audio and video
24227063586,271430,23-08-2012,12,6,2,730,153.3,1613.3,Flagship store,Home and kitchen,Academic
32182345041,268860,23-08-2012,2,6,3,1172,369.18,3885.18,MBR,Home and kitchen,Furnishing
92950760837,271596,23-08-2012,4,3,1,1081,113.505,1194.505,e-Shop,Electronics,Mens
77805818245,270376,23-08-2012,6,5,4,1373,576.66,6068.66,Flagship store,Books,DIY
73124596403,275052,23-08-2012,10,6,3,455,143.325,1508.325,MBR,Home and kitchen,Audio and video
88297603041,273271,23-08-2012,3,1,5,415,217.875,2292.875,TeleShop,Clothing,Kids
82615473076,269106,23-08-2012,9,3,1,799,83.895,882.895,e-Shop,Electronics,Cameras
86027796582,269624,23-08-2012,1,2,1,1296,136.08,1432.08,MBR,Footwear,Women
74539045261,268387,23-08-2012,4,2,2,1463,307.23,3233.23,TeleShop,Footwear,Mens
83617849126,270254,23-08-2012,3,2,3,1339,421.785,4438.785,e-Shop,Footwear,Kids
80402818784,272222,23-08-2012,3,1,-1,-418,43.89,-461.89,MBR,Clothing,Kids
56656820882,268240,22-08-2012,7,5,5,452,237.3,2497.3,Flagship store,Books,Fiction
43702427796,270921,22-08-2012,3,2,3,1227,386.505,4067.505,Flagship store,Footwear,Kids
31988582041,271285,22-08-2012,1,1,2,288,60.48,636.48,e-Shop,Clothing,Women
44248259654,272501,22-08-2012,3,5,4,559,234.78,2470.78,e-Shop,Books,Kids
37016171927,271606,22-08-2012,2,6,3,1062,334.53,3520.53,e-Shop,Home and kitchen,Furnishing
47719628414,271639,22-08-2012,3,5,2,731,153.51,1615.51,TeleShop,Books,Kids
21608857339,271784,22-08-2012,4,1,2,929,195.09,2053.09,Flagship store,Clothing,Mens
3431774057,270457,22-08-2012,1,4,2,846,177.66,1869.66,TeleShop,Bags,Women
19312855774,267169,22-08-2012,10,5,2,1015,213.15,2243.15,MBR,Books,Audio and video
55908020302,269447,22-08-2012,3,1,-4,-884,371.28,-3907.28,Flagship store,Clothing,Kids
38149948609,273913,22-08-2012,3,5,4,576,241.92,2545.92,MBR,Books,Kids
538308297,270802,22-08-2012,8,3,1,454,47.67,501.67,e-Shop,Electronics,Personal Appliances
79268658239,270047,22-08-2012,8,3,4,839,352.38,3708.38,e-Shop,Electronics,Personal Appliances
64051204635,270150,22-08-2012,3,2,5,141,74.025,779.025,e-Shop,Footwear,Kids
69353791693,274278,22-08-2012,12,5,5,705,370.125,3895.125,TeleShop,Books,Academic
87862139112,273278,22-08-2012,9,3,-1,-585,61.425,-646.425,MBR,Electronics,Cameras
95365990654,274468,22-08-2012,7,5,1,789,82.845,871.845,e-Shop,Books,Fiction
67898417311,272326,22-08-2012,7,5,-1,-172,18.06,-190.06,Flagship store,Books,Fiction
77988900417,272162,22-08-2012,4,2,3,451,142.065,1495.065,e-Shop,Footwear,Mens
97549629512,270257,22-08-2012,9,3,-1,-519,54.495,-573.495,MBR,Electronics,Cameras
23205973373,268860,21-08-2012,10,5,3,1082,340.83,3586.83,Flagship store,Books,Audio and video
23251397790,269307,21-08-2012,5,3,5,771,404.775,4259.775,TeleShop,Electronics,Computers
21695461148,269681,21-08-2012,10,5,3,231,72.765,765.765,Flagship store,Books,Audio and video
12890098094,274718,21-08-2012,8,3,4,1180,495.6,5215.6,e-Shop,Electronics,Personal Appliances
14298816917,269213,21-08-2012,4,1,1,1391,146.055,1537.055,MBR,Clothing,Mens
5648195955,268443,21-08-2012,4,2,3,913,287.595,3026.595,Flagship store,Footwear,Mens
61190023282,275151,21-08-2012,12,6,2,651,136.71,1438.71,Flagship store,Home and kitchen,Academic
3484853152,269357,21-08-2012,3,2,1,587,61.635,648.635,e-Shop,Footwear,Kids
7694221471,267887,21-08-2012,11,6,4,874,367.08,3863.08,TeleShop,Home and kitchen,Children
50221143808,268292,21-08-2012,1,2,-5,-546,286.65,-3016.65,MBR,Footwear,Women
12451116256,268069,21-08-2012,10,6,3,751,236.565,2489.565,Flagship store,Home and kitchen,Audio and video
16575811225,274367,21-08-2012,4,4,5,1210,635.25,6685.25,Flagship store,Bags,Mens
54456463748,270850,21-08-2012,12,5,2,438,91.98,967.98,TeleShop,Books,Academic
12081555316,271635,21-08-2012,3,5,5,1499,786.975,8281.975,TeleShop,Books,Kids
15733891140,272075,21-08-2012,10,3,2,724,152.04,1600.04,MBR,Electronics,Audio and video
80678887518,269221,21-08-2012,3,5,3,1441,453.915,4776.915,TeleShop,Books,Kids
63819255286,274358,21-08-2012,11,6,-4,-179,75.18,-791.18,e-Shop,Home and kitchen,Children
74593894385,274534,21-08-2012,1,1,3,1005,316.575,3331.575,e-Shop,Clothing,Women
85491543253,268393,21-08-2012,4,1,2,365,76.65,806.65,MBR,Clothing,Mens
63381713152,274625,21-08-2012,12,6,4,1286,540.12,5684.12,Flagship store,Home and kitchen,Academic
94673080070,274479,21-08-2012,4,2,5,1336,701.4,7381.4,e-Shop,Footwear,Mens
75131354933,272837,21-08-2012,7,5,5,423,222.075,2337.075,TeleShop,Books,Fiction
93881106687,270120,21-08-2012,5,3,5,1025,538.125,5663.125,e-Shop,Electronics,Computers
80775903508,274590,21-08-2012,10,3,1,1197,125.685,1322.685,TeleShop,Electronics,Audio and video
73916403003,268688,21-08-2012,2,6,-4,-195,81.9,-861.9,e-Shop,Home and kitchen,Furnishing
85169590608,273367,21-08-2012,7,5,5,824,432.6,4552.6,MBR,Books,Fiction
68697884211,270256,21-08-2012,3,5,5,639,335.475,3530.475,e-Shop,Books,Kids
80402818784,272222,21-08-2012,3,1,1,418,43.89,461.89,MBR,Clothing,Kids
21865170386,274824,20-08-2012,10,6,2,341,71.61,753.61,e-Shop,Home and kitchen,Audio and video
58824387060,268922,20-08-2012,12,6,5,1005,527.625,5552.625,e-Shop,Home and kitchen,Academic
749674186,270240,20-08-2012,3,5,1,165,17.325,182.325,e-Shop,Books,Kids
37522201342,266943,20-08-2012,6,5,1,858,90.09,948.09,Flagship store,Books,DIY
26317249324,268243,20-08-2012,2,6,4,1180,495.6,5215.6,e-Shop,Home and kitchen,Furnishing
45888334809,269972,20-08-2012,4,1,-4,-161,67.62,-711.62,Flagship store,Clothing,Mens
49144175637,269645,20-08-2012,3,2,1,1178,123.69,1301.69,Flagship store,Footwear,Kids
52665853682,268284,20-08-2012,3,5,4,153,64.26,676.26,TeleShop,Books,Kids
46321998187,269718,20-08-2012,6,5,4,1089,457.38,4813.38,TeleShop,Books,DIY
4332391558,274542,20-08-2012,4,3,2,349,73.29,771.29,TeleShop,Electronics,Mens
38136953834,268672,20-08-2012,11,6,5,270,141.75,1491.75,TeleShop,Home and kitchen,Children
20765767939,268572,20-08-2012,3,1,2,120,25.2,265.2,TeleShop,Clothing,Kids
97506754602,269285,20-08-2012,10,5,4,354,148.68,1564.68,TeleShop,Books,Audio and video
96308571282,270690,20-08-2012,12,5,5,1206,633.15,6663.15,e-Shop,Books,Academic
95158829604,272559,20-08-2012,1,2,5,474,248.85,2618.85,e-Shop,Footwear,Women
63257871464,269886,20-08-2012,4,4,4,106,44.52,468.52,e-Shop,Bags,Mens
72878992985,273010,20-08-2012,5,3,1,1119,117.495,1236.495,Flagship store,Electronics,Computers
68252814238,269827,20-08-2012,3,1,1,1247,130.935,1377.935,e-Shop,Clothing,Kids
76350486681,269293,20-08-2012,4,2,4,762,320.04,3368.04,MBR,Footwear,Mens
76348621721,274390,20-08-2012,7,5,5,1257,659.925,6944.925,MBR,Books,Fiction
43316371654,268701,19-08-2012,4,2,4,1350,567,5967,e-Shop,Footwear,Mens
13196466541,272032,19-08-2012,1,2,4,1105,464.1,4884.1,TeleShop,Footwear,Women
10298680937,271455,19-08-2012,4,4,-2,-890,186.9,-1966.9,Flagship store,Bags,Mens
36115657165,273850,19-08-2012,3,1,2,218,45.78,481.78,e-Shop,Clothing,Kids
55285609101,271406,19-08-2012,11,5,-2,-598,125.58,-1321.58,TeleShop,Books,Children
24034482442,274145,19-08-2012,4,2,2,728,152.88,1608.88,MBR,Footwear,Mens
38513801210,273891,19-08-2012,7,5,5,1247,654.675,6889.675,e-Shop,Books,Fiction
25828007519,269412,19-08-2012,10,6,4,1063,446.46,4698.46,MBR,Home and kitchen,Audio and video
31951168809,272373,19-08-2012,3,2,2,744,156.24,1644.24,e-Shop,Footwear,Kids
38702800191,268593,19-08-2012,1,2,3,757,238.455,2509.455,e-Shop,Footwear,Women
34071934417,274598,19-08-2012,8,3,4,979,411.18,4327.18,MBR,Electronics,Personal Appliances
6833069117,268402,19-08-2012,7,5,4,725,304.5,3204.5,e-Shop,Books,Fiction
74840969979,267737,19-08-2012,10,5,3,1327,418.005,4399.005,e-Shop,Books,Audio and video
68760108690,267344,19-08-2012,8,3,1,695,72.975,767.975,e-Shop,Electronics,Personal Appliances
71034737385,273175,19-08-2012,3,2,5,986,517.65,5447.65,Flagship store,Footwear,Kids
88966471821,268277,19-08-2012,4,2,1,941,98.805,1039.805,TeleShop,Footwear,Mens
81704904030,269708,19-08-2012,3,5,3,1438,452.97,4766.97,e-Shop,Books,Kids
61804956310,269925,18-08-2012,5,3,3,1368,430.92,4534.92,Flagship store,Electronics,Computers
7272439641,270855,18-08-2012,4,3,2,122,25.62,269.62,e-Shop,Electronics,Mens
23215948865,273997,18-08-2012,4,3,1,792,83.16,875.16,MBR,Electronics,Mens
46338644875,269929,18-08-2012,2,6,3,406,127.89,1345.89,Flagship store,Home and kitchen,Furnishing
16101696856,270088,18-08-2012,9,3,5,1357,712.425,7497.425,e-Shop,Electronics,Cameras
49840640964,267613,18-08-2012,11,6,4,80,33.6,353.6,MBR,Home and kitchen,Children
10141689848,272228,18-08-2012,3,2,4,960,403.2,4243.2,e-Shop,Footwear,Kids
25666039224,273381,18-08-2012,4,3,2,850,178.5,1878.5,TeleShop,Electronics,Mens
53220395833,269498,18-08-2012,8,3,2,1199,251.79,2649.79,e-Shop,Electronics,Personal Appliances
45888334809,269972,18-08-2012,4,1,4,161,67.62,711.62,Flagship store,Clothing,Mens
45897270896,267696,18-08-2012,10,6,-2,-256,53.76,-565.76,TeleShop,Home and kitchen,Audio and video
68567029068,272057,18-08-2012,3,5,3,840,264.6,2784.6,e-Shop,Books,Kids
90533868022,274983,18-08-2012,4,2,5,83,43.575,458.575,e-Shop,Footwear,Mens
68573993577,268701,18-08-2012,7,5,-4,-648,272.16,-2864.16,MBR,Books,Fiction
74394469642,275228,18-08-2012,10,5,1,867,91.035,958.035,TeleShop,Books,Audio and video
93155255111,274094,18-08-2012,3,1,4,573,240.66,2532.66,e-Shop,Clothing,Kids
80526764159,268915,18-08-2012,4,2,-4,-1414,593.88,-6249.88,Flagship store,Footwear,Mens
73942693379,275009,18-08-2012,2,6,3,264,83.16,875.16,TeleShop,Home and kitchen,Furnishing
63339454211,267386,18-08-2012,3,1,1,1119,117.495,1236.495,MBR,Clothing,Kids
63819255286,274358,18-08-2012,11,6,4,179,75.18,791.18,e-Shop,Home and kitchen,Children
50221143808,268292,17-08-2012,1,2,5,546,286.65,3016.65,MBR,Footwear,Women
39674474295,267878,17-08-2012,4,2,2,657,137.97,1451.97,Flagship store,Footwear,Mens
20379334870,274833,17-08-2012,11,6,3,426,134.19,1412.19,Flagship store,Home and kitchen,Children
1245309100,267358,17-08-2012,12,5,4,210,88.2,928.2,MBR,Books,Academic
55908020302,269447,17-08-2012,3,1,4,884,371.28,3907.28,Flagship store,Clothing,Kids
62762508688,270974,17-08-2012,9,3,2,161,33.81,355.81,e-Shop,Electronics,Cameras
10867280715,273299,17-08-2012,4,4,4,910,382.2,4022.2,e-Shop,Bags,Mens
447697762,270798,17-08-2012,1,1,4,1367,574.14,6042.14,MBR,Clothing,Women
39419016699,272771,17-08-2012,12,5,5,564,296.1,3116.1,e-Shop,Books,Academic
35224438911,267552,17-08-2012,4,4,3,667,210.105,2211.105,e-Shop,Bags,Mens
50045646584,273683,17-08-2012,4,3,4,1266,531.72,5595.72,MBR,Electronics,Mens
3900104821,270303,17-08-2012,3,1,-3,-1187,373.905,-3934.905,TeleShop,Clothing,Kids
23500002570,273484,17-08-2012,5,3,4,514,215.88,2271.88,e-Shop,Electronics,Computers
5332004388,267172,17-08-2012,12,5,2,92,19.32,203.32,TeleShop,Books,Academic
62505687788,268928,17-08-2012,1,2,2,1466,307.86,3239.86,TeleShop,Footwear,Women
46765819642,270792,17-08-2012,3,5,2,1151,241.71,2543.71,TeleShop,Books,Kids
67898417311,272326,17-08-2012,7,5,1,172,18.06,190.06,Flagship store,Books,Fiction
84822873072,274494,17-08-2012,4,3,1,855,89.775,944.775,MBR,Electronics,Mens
75972334950,273767,17-08-2012,1,4,1,158,16.59,174.59,TeleShop,Bags,Women
90869131087,274215,17-08-2012,5,3,4,963,404.46,4256.46,Flagship store,Electronics,Computers
87841299654,272729,17-08-2012,4,1,4,1125,472.5,4972.5,e-Shop,Clothing,Mens
57643725608,273110,16-08-2012,2,6,5,337,176.925,1861.925,Flagship store,Home and kitchen,Furnishing
41548177806,268914,16-08-2012,12,6,2,801,168.21,1770.21,e-Shop,Home and kitchen,Academic
41589217259,272742,16-08-2012,4,1,2,1260,264.6,2784.6,MBR,Clothing,Mens
41944146340,271873,16-08-2012,4,3,5,149,78.225,823.225,TeleShop,Electronics,Mens
42243324669,273912,16-08-2012,11,6,1,923,96.915,1019.915,Flagship store,Home and kitchen,Children
23220803534,267294,16-08-2012,7,5,3,1248,393.12,4137.12,e-Shop,Books,Fiction
57163895376,274546,16-08-2012,4,3,5,1244,653.1,6873.1,Flagship store,Electronics,Mens
59507782599,273113,16-08-2012,1,4,1,142,14.91,156.91,TeleShop,Bags,Women
21448691931,271583,16-08-2012,7,5,3,429,135.135,1422.135,MBR,Books,Fiction
19395228248,271492,16-08-2012,4,3,2,109,22.89,240.89,TeleShop,Electronics,Mens
38567241363,271041,16-08-2012,10,5,2,328,68.88,724.88,MBR,Books,Audio and video
50700525343,275196,16-08-2012,7,5,4,1133,475.86,5007.86,MBR,Books,Fiction
66865847202,269182,16-08-2012,3,5,5,1242,652.05,6862.05,TeleShop,Books,Kids
95361895943,272655,16-08-2012,5,3,-3,-523,164.745,-1733.745,e-Shop,Electronics,Computers
77311828735,268011,16-08-2012,10,6,3,98,30.87,324.87,e-Shop,Home and kitchen,Audio and video
94454312135,274546,16-08-2012,3,5,-1,-79,8.295,-87.295,e-Shop,Books,Kids
92336055168,273973,16-08-2012,11,5,5,112,58.8,618.8,Flagship store,Books,Children
12296048851,268874,15-08-2012,4,4,2,307,64.47,678.47,e-Shop,Bags,Mens
37136581569,270282,15-08-2012,12,5,5,718,376.95,3966.95,MBR,Books,Academic
25831524318,272101,15-08-2012,5,3,2,1299,272.79,2870.79,e-Shop,Electronics,Computers
43173510870,274628,15-08-2012,12,5,5,1361,714.525,7519.525,e-Shop,Books,Academic
41880841458,269674,15-08-2012,4,3,-3,-451,142.065,-1495.065,e-Shop,Electronics,Mens
8010857531,267235,15-08-2012,2,6,5,373,195.825,2060.825,e-Shop,Home and kitchen,Furnishing
43041940665,267172,15-08-2012,6,5,3,1247,392.805,4133.805,MBR,Books,DIY
54320077528,268600,15-08-2012,1,2,4,1390,583.8,6143.8,MBR,Footwear,Women
77088077845,267538,15-08-2012,8,3,4,1328,557.76,5869.76,MBR,Electronics,Personal Appliances
82033355208,269407,15-08-2012,3,1,2,1075,225.75,2375.75,e-Shop,Clothing,Kids
71776958858,273829,15-08-2012,2,6,5,135,70.875,745.875,TeleShop,Home and kitchen,Furnishing
85077582837,269613,15-08-2012,4,1,2,745,156.45,1646.45,e-Shop,Clothing,Mens
73576215557,269603,15-08-2012,11,6,1,259,27.195,286.195,TeleShop,Home and kitchen,Children
68573993577,268701,15-08-2012,7,5,4,648,272.16,2864.16,MBR,Books,Fiction
94454312135,274546,15-08-2012,3,5,1,79,8.295,87.295,e-Shop,Books,Kids
90112799901,266936,15-08-2012,5,3,4,1287,540.54,5688.54,Flagship store,Electronics,Computers
97549629512,270257,15-08-2012,9,3,1,519,54.495,573.495,MBR,Electronics,Cameras
88481506921,271990,15-08-2012,11,6,1,978,102.69,1080.69,e-Shop,Home and kitchen,Children
84634445198,268081,15-08-2012,11,6,-3,-675,212.625,-2237.625,TeleShop,Home and kitchen,Children
29107256325,268977,14-08-2012,6,5,1,1286,135.03,1421.03,TeleShop,Books,DIY
2139956715,271834,14-08-2012,9,3,4,1457,611.94,6439.94,TeleShop,Electronics,Cameras
12644501524,268408,14-08-2012,4,4,3,321,101.115,1064.115,TeleShop,Bags,Mens
54211594092,267478,14-08-2012,7,5,4,300,126,1326,Flagship store,Books,Fiction
14236362765,274369,14-08-2012,3,2,5,1483,778.575,8193.575,e-Shop,Footwear,Kids
1786180682,268070,14-08-2012,6,5,3,668,210.42,2214.42,TeleShop,Books,DIY
41411492115,269647,14-08-2012,2,6,1,161,16.905,177.905,e-Shop,Home and kitchen,Furnishing
26248796032,273787,14-08-2012,7,5,1,763,80.115,843.115,MBR,Books,Fiction
41041955354,267599,14-08-2012,3,5,4,969,406.98,4282.98,Flagship store,Books,Kids
32534276815,273037,14-08-2012,4,2,3,909,286.335,3013.335,TeleShop,Footwear,Mens
58499124880,274927,14-08-2012,11,5,5,208,109.2,1149.2,TeleShop,Books,Children
99608581905,269249,14-08-2012,3,5,5,709,372.225,3917.225,Flagship store,Books,Kids
74916656261,273562,14-08-2012,7,5,5,1213,636.825,6701.825,e-Shop,Books,Fiction
77014011430,270143,14-08-2012,4,3,-3,-613,193.095,-2032.095,TeleShop,Electronics,Mens
71247971702,268878,14-08-2012,4,1,5,514,269.85,2839.85,e-Shop,Clothing,Mens
43024425408,273664,13-08-2012,9,3,5,334,175.35,1845.35,TeleShop,Electronics,Cameras
55285609101,271406,13-08-2012,11,5,2,598,125.58,1321.58,TeleShop,Books,Children
31382919663,268744,13-08-2012,3,5,1,1354,142.17,1496.17,TeleShop,Books,Kids
10298680937,271455,13-08-2012,4,4,2,890,186.9,1966.9,Flagship store,Bags,Mens
22775488378,270870,13-08-2012,4,1,1,1491,156.555,1647.555,e-Shop,Clothing,Mens
25353042466,274868,13-08-2012,11,5,3,655,206.325,2171.325,Flagship store,Books,Children
476170954,267265,13-08-2012,3,1,1,195,20.475,215.475,MBR,Clothing,Kids
18065146406,267985,13-08-2012,10,5,4,1490,625.8,6585.8,Flagship store,Books,Audio and video
56587558610,267016,13-08-2012,10,6,-4,-807,338.94,-3566.94,e-Shop,Home and kitchen,Audio and video
35340987361,273033,13-08-2012,8,3,2,1073,225.33,2371.33,e-Shop,Electronics,Personal Appliances
36417526619,271764,13-08-2012,2,6,-2,-87,18.27,-192.27,e-Shop,Home and kitchen,Furnishing
50084056151,273143,13-08-2012,10,3,1,133,13.965,146.965,Flagship store,Electronics,Audio and video
80526764159,268915,13-08-2012,4,2,4,1414,593.88,6249.88,Flagship store,Footwear,Mens
83433489429,269577,13-08-2012,6,5,2,827,173.67,1827.67,e-Shop,Books,DIY
86599548107,271565,13-08-2012,3,5,4,211,88.62,932.62,MBR,Books,Kids
75194578613,274540,13-08-2012,10,3,-5,-1051,551.775,-5806.775,e-Shop,Electronics,Audio and video
16731316383,268904,12/8/2012,2,6,3,833,262.395,2761.395,TeleShop,Home and kitchen,Furnishing
45696783431,268445,12/8/2012,10,6,1,1359,142.695,1501.695,TeleShop,Home and kitchen,Audio and video
26964523841,271037,12/8/2012,10,5,5,189,99.225,1044.225,MBR,Books,Audio and video
21039663677,271159,12/8/2012,3,2,4,99,41.58,437.58,Flagship store,Footwear,Kids
62540083669,272879,12/8/2012,7,5,1,652,68.46,720.46,MBR,Books,Fiction
45897270896,267696,12/8/2012,10,6,2,256,53.76,565.76,TeleShop,Home and kitchen,Audio and video
26201048872,274952,12/8/2012,10,3,1,1351,141.855,1492.855,e-Shop,Electronics,Audio and video
35639601689,274961,12/8/2012,4,2,2,1013,212.73,2238.73,e-Shop,Footwear,Mens
12527322077,273305,12/8/2012,2,6,5,99,51.975,546.975,e-Shop,Home and kitchen,Furnishing
41880841458,269674,12/8/2012,4,3,3,451,142.065,1495.065,e-Shop,Electronics,Mens
22302198093,266939,12/8/2012,7,5,-4,-1412,593.04,-6241.04,e-Shop,Books,Fiction
70912524401,271788,12/8/2012,4,4,5,1496,785.4,8265.4,e-Shop,Bags,Mens
89627446584,268433,12/8/2012,11,6,4,848,356.16,3748.16,e-Shop,Home and kitchen,Children
87862139112,273278,12/8/2012,9,3,1,585,61.425,646.425,MBR,Electronics,Cameras
78144014330,269218,12/8/2012,5,3,5,846,444.15,4674.15,Flagship store,Electronics,Computers
66449306574,268025,12/8/2012,11,6,1,1408,147.84,1555.84,e-Shop,Home and kitchen,Children
60057467456,268521,11/8/2012,11,6,-2,-775,162.75,-1712.75,e-Shop,Home and kitchen,Children
56902657914,270120,11/8/2012,3,1,1,876,91.98,967.98,e-Shop,Clothing,Kids
46148802649,267183,11/8/2012,1,2,3,165,51.975,546.975,MBR,Footwear,Women
48533584783,270402,11/8/2012,12,6,5,1010,530.25,5580.25,e-Shop,Home and kitchen,Academic
57887137907,267739,11/8/2012,12,5,2,977,205.17,2159.17,TeleShop,Books,Academic
743141333,270005,11/8/2012,3,2,3,1325,417.375,4392.375,e-Shop,Footwear,Kids
44783353770,272813,11/8/2012,5,3,5,1009,529.725,5574.725,e-Shop,Electronics,Computers
26602324849,274226,11/8/2012,10,3,2,245,51.45,541.45,MBR,Electronics,Audio and video
48212462078,271823,11/8/2012,1,4,-3,-265,83.475,-878.475,Flagship store,Bags,Women
11950520948,268126,11/8/2012,1,1,1,1249,131.145,1380.145,TeleShop,Clothing,Women
52811789495,266865,11/8/2012,8,3,1,1169,122.745,1291.745,e-Shop,Electronics,Personal Appliances
84634445198,268081,11/8/2012,11,6,3,675,212.625,2237.625,TeleShop,Home and kitchen,Children
73916403003,268688,11/8/2012,2,6,4,195,81.9,861.9,e-Shop,Home and kitchen,Furnishing
66541580994,269718,11/8/2012,4,1,5,1123,589.575,6204.575,e-Shop,Clothing,Mens
22604001669,273556,10/8/2012,3,2,5,1197,628.425,6613.425,TeleShop,Footwear,Kids
30955919677,274413,10/8/2012,3,2,3,1183,372.645,3921.645,e-Shop,Footwear,Kids
62207101095,269050,10/8/2012,6,5,3,342,107.73,1133.73,e-Shop,Books,DIY
36950598214,272653,10/8/2012,5,3,5,119,62.475,657.475,Flagship store,Electronics,Computers
30135128450,272086,10/8/2012,10,6,1,663,69.615,732.615,MBR,Home and kitchen,Audio and video
48663237600,267165,10/8/2012,4,1,5,1197,628.425,6613.425,Flagship store,Clothing,Mens
3900104821,270303,10/8/2012,3,1,3,1187,373.905,3934.905,TeleShop,Clothing,Kids
22079731721,270829,10/8/2012,1,4,1,1182,124.11,1306.11,TeleShop,Bags,Women
40834751221,269887,10/8/2012,4,3,3,806,253.89,2671.89,Flagship store,Electronics,Mens
37704806118,268828,10/8/2012,9,3,3,982,309.33,3255.33,MBR,Electronics,Cameras
4391263558,272080,10/8/2012,3,2,4,1217,511.14,5379.14,TeleShop,Footwear,Kids
36994136392,272295,10/8/2012,10,3,2,1120,235.2,2475.2,Flagship store,Electronics,Audio and video
85659658187,271216,10/8/2012,4,2,4,518,217.56,2289.56,e-Shop,Footwear,Mens
81793765834,272797,10/8/2012,10,5,2,830,174.3,1834.3,e-Shop,Books,Audio and video
65645854469,268205,10/8/2012,3,5,2,1183,248.43,2614.43,TeleShop,Books,Kids
82596037676,273848,10/8/2012,8,3,4,434,182.28,1918.28,MBR,Electronics,Personal Appliances
83843322598,272922,10/8/2012,11,5,2,1366,286.86,3018.86,TeleShop,Books,Children
63672156165,268800,10/8/2012,4,2,3,1032,325.08,3421.08,TeleShop,Footwear,Mens
93278836821,273950,10/8/2012,3,5,4,975,409.5,4309.5,e-Shop,Books,Kids
17527241443,272023,9/8/2012,2,6,5,930,488.25,5138.25,Flagship store,Home and kitchen,Furnishing
21774886418,268815,9/8/2012,10,6,3,661,208.215,2191.215,Flagship store,Home and kitchen,Audio and video
500615534,275116,9/8/2012,12,5,4,848,356.16,3748.16,MBR,Books,Academic
45530481685,269386,9/8/2012,8,3,3,433,136.395,1435.395,e-Shop,Electronics,Personal Appliances
33384854709,270861,9/8/2012,7,5,-1,-1334,140.07,-1474.07,e-Shop,Books,Fiction
8921472953,274017,9/8/2012,7,5,-2,-152,31.92,-335.92,MBR,Books,Fiction
53711955912,269913,9/8/2012,2,6,-3,-844,265.86,-2797.86,e-Shop,Home and kitchen,Furnishing
17901307653,267781,9/8/2012,3,2,1,243,25.515,268.515,e-Shop,Footwear,Kids
29657644038,271191,9/8/2012,11,5,3,801,252.315,2655.315,e-Shop,Books,Children
49018713117,274406,9/8/2012,11,6,5,697,365.925,3850.925,TeleShop,Home and kitchen,Children
43298045186,272186,9/8/2012,3,1,-1,-1449,152.145,-1601.145,TeleShop,Clothing,Kids
50680633708,272794,9/8/2012,7,5,1,1146,120.33,1266.33,TeleShop,Books,Fiction
85012479697,272498,9/8/2012,12,6,5,675,354.375,3729.375,Flagship store,Home and kitchen,Academic
87461086222,273906,9/8/2012,3,2,3,517,162.855,1713.855,e-Shop,Footwear,Kids
85081915354,269132,9/8/2012,11,6,1,970,101.85,1071.85,Flagship store,Home and kitchen,Children
80484165153,274194,9/8/2012,3,5,3,1167,367.605,3868.605,MBR,Books,Kids
82594302114,272535,9/8/2012,6,5,-3,-405,127.575,-1342.575,Flagship store,Books,DIY
77168662977,270416,9/8/2012,11,6,2,1471,308.91,3250.91,Flagship store,Home and kitchen,Children
79064969929,268050,9/8/2012,11,5,3,880,277.2,2917.2,Flagship store,Books,Children
74193499439,271037,9/8/2012,4,1,2,1143,240.03,2526.03,e-Shop,Clothing,Mens
96612123986,270751,9/8/2012,11,5,2,1140,239.4,2519.4,Flagship store,Books,Children
81935407847,267260,9/8/2012,12,6,3,356,112.14,1180.14,e-Shop,Home and kitchen,Academic
84039116879,275011,9/8/2012,4,4,5,427,224.175,2359.175,MBR,Bags,Mens
89957939220,271106,9/8/2012,3,2,1,1486,156.03,1642.03,TeleShop,Footwear,Kids
5165090274,267995,8/8/2012,7,5,4,939,394.38,4150.38,Flagship store,Books,Fiction
12522489268,271314,8/8/2012,1,2,3,731,230.265,2423.265,Flagship store,Footwear,Women
60867940068,271989,8/8/2012,4,2,1,1058,111.09,1169.09,MBR,Footwear,Mens
17235037153,271011,8/8/2012,4,4,4,944,396.48,4172.48,e-Shop,Bags,Mens
57943881643,269357,8/8/2012,3,1,1,1437,150.885,1587.885,e-Shop,Clothing,Kids
28593294397,270766,8/8/2012,9,3,5,340,178.5,1878.5,MBR,Electronics,Cameras
44094519398,268418,8/8/2012,2,6,4,1278,536.76,5648.76,MBR,Home and kitchen,Furnishing
15389071044,271241,8/8/2012,3,5,3,1125,354.375,3729.375,e-Shop,Books,Kids
24696214915,272928,8/8/2012,1,4,5,978,513.45,5403.45,MBR,Bags,Women
59989689739,275057,8/8/2012,1,2,5,273,143.325,1508.325,e-Shop,Footwear,Women
5276521253,270573,8/8/2012,4,2,3,1091,343.665,3616.665,TeleShop,Footwear,Mens
16615831315,267103,8/8/2012,2,6,-2,-1297,272.37,-2866.37,TeleShop,Home and kitchen,Furnishing
71624329065,274327,8/8/2012,12,5,3,1390,437.85,4607.85,MBR,Books,Academic
74112414824,267148,8/8/2012,4,3,1,400,42,442,TeleShop,Electronics,Mens
90797002275,269392,8/8/2012,7,5,2,693,145.53,1531.53,e-Shop,Books,Fiction
97103164882,274294,8/8/2012,11,6,-4,-82,34.44,-362.44,e-Shop,Home and kitchen,Children
92431706003,275224,8/8/2012,12,5,4,963,404.46,4256.46,e-Shop,Books,Academic
66031469529,273938,8/8/2012,10,5,4,245,102.9,1082.9,e-Shop,Books,Audio and video
90609006814,273297,8/8/2012,9,3,2,1092,229.32,2413.32,TeleShop,Electronics,Cameras
86327059541,266986,8/8/2012,2,6,1,1457,152.985,1609.985,MBR,Home and kitchen,Furnishing
86615350894,270003,8/8/2012,10,3,4,430,180.6,1900.6,MBR,Electronics,Audio and video
66810078869,271613,8/8/2012,1,2,-5,-138,72.45,-762.45,Flagship store,Footwear,Women
84729560499,273914,8/8/2012,10,5,3,85,26.775,281.775,e-Shop,Books,Audio and video
95361895943,272655,8/8/2012,5,3,3,523,164.745,1733.745,e-Shop,Electronics,Computers
48212462078,271823,7/8/2012,1,4,3,265,83.475,878.475,Flagship store,Bags,Women
26848101770,269852,7/8/2012,11,5,1,109,11.445,120.445,Flagship store,Books,Children
19997730697,269602,7/8/2012,12,6,2,840,176.4,1856.4,MBR,Home and kitchen,Academic
33384854709,270861,7/8/2012,7,5,1,1334,140.07,1474.07,e-Shop,Books,Fiction
56102682167,268012,7/8/2012,9,3,5,1066,559.65,5889.65,TeleShop,Electronics,Cameras
31646835151,269168,7/8/2012,7,5,2,1201,252.21,2654.21,MBR,Books,Fiction
87957780732,267943,7/8/2012,2,6,5,221,116.025,1221.025,TeleShop,Home and kitchen,Furnishing
82594302114,272535,7/8/2012,6,5,3,405,127.575,1342.575,Flagship store,Books,DIY
82417326414,271098,7/8/2012,4,1,-1,-919,96.495,-1015.495,MBR,Clothing,Mens
85223375726,274876,7/8/2012,12,5,-1,-431,45.255,-476.255,e-Shop,Books,Academic
92236704324,268936,7/8/2012,12,5,4,458,192.36,2024.36,e-Shop,Books,Academic
92703768463,271011,7/8/2012,4,3,1,1497,157.185,1654.185,e-Shop,Electronics,Mens
55274881604,269968,6/8/2012,7,5,-5,-609,319.725,-3364.725,MBR,Books,Fiction
36417526619,271764,6/8/2012,2,6,2,87,18.27,192.27,e-Shop,Home and kitchen,Furnishing
3162827374,271562,6/8/2012,11,5,5,1143,600.075,6315.075,Flagship store,Books,Children
19403256828,272373,6/8/2012,1,1,3,744,234.36,2466.36,e-Shop,Clothing,Women
15293526968,274303,6/8/2012,11,5,2,567,119.07,1253.07,e-Shop,Books,Children
17748468461,271901,6/8/2012,1,2,3,592,186.48,1962.48,MBR,Footwear,Women
1130161806,269413,6/8/2012,11,5,5,677,355.425,3740.425,MBR,Books,Children
3989876546,272998,6/8/2012,7,5,2,1337,280.77,2954.77,Flagship store,Books,Fiction
8827657675,272653,6/8/2012,8,3,-1,-360,37.8,-397.8,MBR,Electronics,Personal Appliances
97783241421,271565,6/8/2012,3,5,2,1490,312.9,3292.9,e-Shop,Books,Kids
64458183365,266820,6/8/2012,3,2,5,575,301.875,3176.875,e-Shop,Footwear,Kids
81509130722,267651,6/8/2012,1,4,5,226,118.65,1248.65,Flagship store,Bags,Women
65566320939,273613,6/8/2012,4,3,5,1451,761.775,8016.775,MBR,Electronics,Mens
69496113008,268289,6/8/2012,12,6,1,1125,118.125,1243.125,e-Shop,Home and kitchen,Academic
74418269754,269754,6/8/2012,10,5,4,1112,467.04,4915.04,MBR,Books,Audio and video
81844902828,268504,6/8/2012,8,3,5,521,273.525,2878.525,MBR,Electronics,Personal Appliances
77747202981,272648,6/8/2012,4,1,2,134,28.14,296.14,e-Shop,Clothing,Mens
73276564939,269050,6/8/2012,1,2,5,515,270.375,2845.375,TeleShop,Footwear,Women
93931146527,273361,6/8/2012,1,4,1,1481,155.505,1636.505,TeleShop,Bags,Women
35588432063,275047,5/8/2012,12,6,5,959,503.475,5298.475,MBR,Home and kitchen,Academic
6717163565,271076,5/8/2012,4,1,5,1384,726.6,7646.6,MBR,Clothing,Mens
41989175861,268565,5/8/2012,12,5,5,1216,638.4,6718.4,e-Shop,Books,Academic
54306698904,269407,5/8/2012,11,5,4,608,255.36,2687.36,Flagship store,Books,Children
61267111731,270724,5/8/2012,3,1,2,1106,232.26,2444.26,TeleShop,Clothing,Kids
29856018886,269246,5/8/2012,11,6,4,169,70.98,746.98,Flagship store,Home and kitchen,Children
42147507376,270178,5/8/2012,12,5,5,1217,638.925,6723.925,e-Shop,Books,Academic
24091470423,275246,5/8/2012,1,4,2,1176,246.96,2598.96,e-Shop,Bags,Women
39319333014,266915,5/8/2012,9,3,1,1451,152.355,1603.355,Flagship store,Electronics,Cameras
11412192746,273411,5/8/2012,12,5,1,358,37.59,395.59,e-Shop,Books,Academic
21023858283,270432,5/8/2012,10,6,2,1335,280.35,2950.35,TeleShop,Home and kitchen,Audio and video
19441216716,274756,5/8/2012,1,2,1,824,86.52,910.52,TeleShop,Footwear,Women
34035472486,269635,5/8/2012,2,6,4,1202,504.84,5312.84,e-Shop,Home and kitchen,Furnishing
77593232585,269155,5/8/2012,9,3,3,1404,442.26,4654.26,e-Shop,Electronics,Cameras
93008354689,272790,5/8/2012,2,6,3,286,90.09,948.09,e-Shop,Home and kitchen,Furnishing
74404360272,271100,5/8/2012,5,3,5,127,66.675,701.675,e-Shop,Electronics,Computers
90395371398,272667,5/8/2012,7,5,3,581,183.015,1926.015,TeleShop,Books,Fiction
83701318244,269925,5/8/2012,4,2,-4,-817,343.14,-3611.14,e-Shop,Footwear,Mens
75194578613,274540,5/8/2012,10,3,5,1051,551.775,5806.775,e-Shop,Electronics,Audio and video
56587558610,267016,4/8/2012,10,6,4,807,338.94,3566.94,e-Shop,Home and kitchen,Audio and video
25473869412,271158,4/8/2012,2,6,-3,-741,233.415,-2456.415,MBR,Home and kitchen,Furnishing
43969588685,273472,4/8/2012,5,3,4,73,30.66,322.66,TeleShop,Electronics,Computers
40690866995,274119,4/8/2012,6,5,5,716,375.9,3955.9,Flagship store,Books,DIY
41453307,269572,4/8/2012,6,5,4,552,231.84,2439.84,e-Shop,Books,DIY
54546104948,273357,4/8/2012,1,2,3,1025,322.875,3397.875,Flagship store,Footwear,Women
22041259370,269802,4/8/2012,6,5,4,377,158.34,1666.34,TeleShop,Books,DIY
22302198093,266939,4/8/2012,7,5,4,1412,593.04,6241.04,e-Shop,Books,Fiction
14167674076,270725,4/8/2012,4,2,4,243,102.06,1074.06,TeleShop,Footwear,Mens
18268125521,269539,4/8/2012,10,5,4,1416,594.72,6258.72,MBR,Books,Audio and video
88980671105,274959,4/8/2012,3,5,5,1465,769.125,8094.125,MBR,Books,Kids
98026297064,274943,4/8/2012,4,4,2,692,145.32,1529.32,e-Shop,Bags,Mens
92129968762,267220,4/8/2012,3,1,3,259,81.585,858.585,Flagship store,Clothing,Kids
82417326414,271098,4/8/2012,4,1,1,919,96.495,1015.495,MBR,Clothing,Mens
66810078869,271613,4/8/2012,1,2,5,138,72.45,762.45,Flagship store,Footwear,Women
84909304597,273197,4/8/2012,8,3,4,1086,456.12,4800.12,Flagship store,Electronics,Personal Appliances
77014011430,270143,4/8/2012,4,3,3,613,193.095,2032.095,TeleShop,Electronics,Mens
65066142266,267164,4/8/2012,10,5,2,771,161.91,1703.91,MBR,Books,Audio and video
68400801151,271891,4/8/2012,10,3,5,691,362.775,3817.775,e-Shop,Electronics,Audio and video
69156587542,271355,4/8/2012,12,6,3,151,47.565,500.565,e-Shop,Home and kitchen,Academic
42429336493,273060,3/8/2012,12,6,2,482,101.22,1065.22,TeleShop,Home and kitchen,Academic
8921472953,274017,3/8/2012,7,5,2,152,31.92,335.92,MBR,Books,Fiction
32666039846,269249,3/8/2012,11,6,1,684,71.82,755.82,Flagship store,Home and kitchen,Children
26482719399,271936,3/8/2012,5,3,1,948,99.54,1047.54,TeleShop,Electronics,Computers
15041625788,271524,3/8/2012,1,4,2,651,136.71,1438.71,MBR,Bags,Women
54306619424,269225,3/8/2012,6,5,4,103,43.26,455.26,MBR,Books,DIY
48654605372,272436,3/8/2012,7,5,-1,-426,44.73,-470.73,MBR,Books,Fiction
54796815356,271718,3/8/2012,3,2,3,1351,425.565,4478.565,e-Shop,Footwear,Kids
47056937319,270968,3/8/2012,1,4,2,1084,227.64,2395.64,TeleShop,Bags,Women
51945556614,274081,3/8/2012,5,3,4,358,150.36,1582.36,e-Shop,Electronics,Computers
43298045186,272186,3/8/2012,3,1,1,1449,152.145,1601.145,TeleShop,Clothing,Kids
29980570379,273461,3/8/2012,3,5,4,1319,553.98,5829.98,e-Shop,Books,Kids
8827657675,272653,3/8/2012,8,3,1,360,37.8,397.8,MBR,Electronics,Personal Appliances
52015127187,270957,3/8/2012,10,6,2,648,136.08,1432.08,TeleShop,Home and kitchen,Audio and video
59068919422,268308,3/8/2012,1,4,5,502,263.55,2773.55,e-Shop,Bags,Women
71205982895,270090,3/8/2012,11,5,5,231,121.275,1276.275,Flagship store,Books,Children
78603582635,274016,3/8/2012,4,4,5,958,502.95,5292.95,TeleShop,Bags,Mens
77473416834,271116,3/8/2012,2,6,4,918,385.56,4057.56,e-Shop,Home and kitchen,Furnishing
66087044805,273708,3/8/2012,12,6,3,990,311.85,3281.85,MBR,Home and kitchen,Academic
83283798084,269630,3/8/2012,3,5,4,1085,455.7,4795.7,e-Shop,Books,Kids
16615831315,267103,2/8/2012,2,6,2,1297,272.37,2866.37,TeleShop,Home and kitchen,Furnishing
55274881604,269968,2/8/2012,7,5,5,609,319.725,3364.725,MBR,Books,Fiction
32765492356,268266,2/8/2012,4,2,5,939,492.975,5187.975,MBR,Footwear,Mens
17196664514,271312,2/8/2012,3,2,-1,-1052,110.46,-1162.46,e-Shop,Footwear,Kids
45107444435,270338,2/8/2012,1,2,2,516,108.36,1140.36,TeleShop,Footwear,Women
60916395064,267152,2/8/2012,3,5,4,306,128.52,1352.52,e-Shop,Books,Kids
45975085761,270677,2/8/2012,1,1,-4,-192,80.64,-848.64,e-Shop,Clothing,Women
54980329378,271873,2/8/2012,6,5,2,1206,253.26,2665.26,TeleShop,Books,DIY
60057467456,268521,2/8/2012,11,6,2,775,162.75,1712.75,e-Shop,Home and kitchen,Children
16141255964,269241,2/8/2012,4,3,1,1500,157.5,1657.5,e-Shop,Electronics,Mens
36635881315,273693,2/8/2012,12,5,2,1305,274.05,2884.05,e-Shop,Books,Academic
12815020401,270892,2/8/2012,3,5,1,181,19.005,200.005,e-Shop,Books,Kids
11697840339,274229,2/8/2012,1,4,2,367,77.07,811.07,e-Shop,Bags,Women
61983156723,272803,2/8/2012,2,6,1,1284,134.82,1418.82,TeleShop,Home and kitchen,Furnishing
72502585661,268612,2/8/2012,4,3,5,1461,767.025,8072.025,Flagship store,Electronics,Mens
90607744660,267727,2/8/2012,1,2,1,959,100.695,1059.695,TeleShop,Footwear,Women
86730008575,267465,2/8/2012,3,1,2,210,44.1,464.1,e-Shop,Clothing,Kids
83701318244,269925,2/8/2012,4,2,4,817,343.14,3611.14,e-Shop,Footwear,Mens
75724704332,275034,2/8/2012,11,6,4,492,206.64,2174.64,MBR,Home and kitchen,Children
45045851754,272837,1/8/2012,10,5,4,1032,433.44,4561.44,e-Shop,Books,Audio and video
36221941697,271158,1/8/2012,1,1,1,748,78.54,826.54,e-Shop,Clothing,Women
45975085761,270677,1/8/2012,1,1,-4,-192,80.64,-848.64,e-Shop,Clothing,Women
56413461258,270654,1/8/2012,3,1,1,1374,144.27,1518.27,e-Shop,Clothing,Kids
45189987944,270572,1/8/2012,11,6,1,547,57.435,604.435,e-Shop,Home and kitchen,Children
35337383255,269969,1/8/2012,12,5,1,1443,151.515,1594.515,e-Shop,Books,Academic
1571854222,274925,1/8/2012,1,4,1,99,10.395,109.395,Flagship store,Bags,Women
18918689878,268776,1/8/2012,10,3,4,195,81.9,861.9,e-Shop,Electronics,Audio and video
3976130684,272807,1/8/2012,8,3,5,807,423.675,4458.675,e-Shop,Electronics,Personal Appliances
17196664514,271312,1/8/2012,3,2,-1,-1052,110.46,-1162.46,e-Shop,Footwear,Kids
32915370111,273187,1/8/2012,10,3,3,902,284.13,2990.13,e-Shop,Electronics,Audio and video
37706735784,268221,1/8/2012,11,6,5,712,373.8,3933.8,TeleShop,Home and kitchen,Children
45951608132,271527,1/8/2012,3,5,3,564,177.66,1869.66,Flagship store,Books,Kids
19644090759,270860,1/8/2012,1,4,2,816,171.36,1803.36,TeleShop,Bags,Women
48739813681,272487,1/8/2012,3,1,3,974,306.81,3228.81,e-Shop,Clothing,Kids
37679775236,268984,1/8/2012,4,2,2,1080,226.8,2386.8,MBR,Footwear,Mens
89529682931,268229,1/8/2012,10,6,5,994,521.85,5491.85,Flagship store,Home and kitchen,Audio and video
89931586855,275057,1/8/2012,9,3,4,690,289.8,3049.8,Flagship store,Electronics,Cameras
65740500698,267858,1/8/2012,4,3,2,438,91.98,967.98,e-Shop,Electronics,Mens
95919015286,269679,1/8/2012,11,6,5,1263,663.075,6978.075,Flagship store,Home and kitchen,Children
94452381765,273531,1/8/2012,12,6,1,946,99.33,1045.33,TeleShop,Home and kitchen,Academic
54932271739,267020,31-07-2012,3,5,4,850,357,3757,e-Shop,Books,Kids
50957060611,270692,31-07-2012,3,2,4,402,168.84,1776.84,e-Shop,Footwear,Kids
53711955912,269913,31-07-2012,2,6,3,844,265.86,2797.86,e-Shop,Home and kitchen,Furnishing
45975085761,270677,31-07-2012,1,1,4,192,80.64,848.64,e-Shop,Clothing,Women
30208947273,272920,31-07-2012,1,1,-4,-773,324.66,-3416.66,TeleShop,Clothing,Women
50697147142,268082,31-07-2012,10,3,3,696,219.24,2307.24,e-Shop,Electronics,Audio and video
46623100325,269235,31-07-2012,4,1,1,1061,111.405,1172.405,e-Shop,Clothing,Mens
26548628203,268391,31-07-2012,11,5,2,1490,312.9,3292.9,e-Shop,Books,Children
34500649719,268467,31-07-2012,1,4,4,94,39.48,415.48,Flagship store,Bags,Women
6579800964,271422,31-07-2012,3,2,-1,-1314,137.97,-1451.97,Flagship store,Footwear,Kids
5237129666,269003,31-07-2012,10,3,2,1403,294.63,3100.63,e-Shop,Electronics,Audio and video
92120635481,271511,31-07-2012,2,6,4,821,344.82,3628.82,MBR,Home and kitchen,Furnishing
97880484811,270316,31-07-2012,4,2,5,211,110.775,1165.775,e-Shop,Footwear,Mens
73457258425,267436,31-07-2012,12,6,3,482,151.83,1597.83,e-Shop,Home and kitchen,Academic
63616910093,275126,31-07-2012,11,5,3,842,265.23,2791.23,e-Shop,Books,Children
25473869412,271158,30-07-2012,2,6,3,741,233.415,2456.415,MBR,Home and kitchen,Furnishing
17594076917,272045,30-07-2012,6,5,2,549,115.29,1213.29,Flagship store,Books,DIY
32837562399,266864,30-07-2012,3,5,5,677,355.425,3740.425,MBR,Books,Kids
43390800604,273149,30-07-2012,12,5,5,1277,670.425,7055.425,MBR,Books,Academic
38027118548,267579,30-07-2012,8,3,1,402,42.21,444.21,Flagship store,Electronics,Personal Appliances
16043680008,267809,30-07-2012,11,5,4,520,218.4,2298.4,Flagship store,Books,Children
14743377235,274700,30-07-2012,6,5,2,894,187.74,1975.74,e-Shop,Books,DIY
59635053610,270242,30-07-2012,6,5,5,711,373.275,3928.275,MBR,Books,DIY
84982493293,268152,30-07-2012,11,6,2,1042,218.82,2302.82,MBR,Home and kitchen,Children
67647966959,274463,30-07-2012,2,6,-5,-412,216.3,-2276.3,Flagship store,Home and kitchen,Furnishing
85851745806,272017,30-07-2012,11,5,-4,-1122,471.24,-4959.24,MBR,Books,Children
67549947355,268532,30-07-2012,7,5,3,686,216.09,2274.09,e-Shop,Books,Fiction
69169460336,274091,30-07-2012,2,6,-3,-282,88.83,-934.83,TeleShop,Home and kitchen,Furnishing
84418223252,267724,30-07-2012,4,4,4,804,337.68,3553.68,MBR,Bags,Mens
68406986978,271288,30-07-2012,4,4,1,90,9.45,99.45,e-Shop,Bags,Mens
95667534145,273913,30-07-2012,3,2,2,1099,230.79,2428.79,Flagship store,Footwear,Kids
99568245175,272557,30-07-2012,10,6,2,1340,281.4,2961.4,e-Shop,Home and kitchen,Audio and video
67558301331,273421,30-07-2012,10,6,1,509,53.445,562.445,MBR,Home and kitchen,Audio and video
97103164882,274294,30-07-2012,11,6,4,82,34.44,362.44,e-Shop,Home and kitchen,Children
22377131263,271377,29-07-2012,5,3,5,425,223.125,2348.125,Flagship store,Electronics,Computers
30743424824,272767,29-07-2012,4,2,5,369,193.725,2038.725,e-Shop,Footwear,Mens
34813558977,274587,29-07-2012,11,5,2,761,159.81,1681.81,e-Shop,Books,Children
62711497093,268200,29-07-2012,11,5,4,771,323.82,3407.82,TeleShop,Books,Children
4370311834,272634,29-07-2012,3,2,5,331,173.775,1828.775,Flagship store,Footwear,Kids
52063651015,274590,29-07-2012,1,4,4,620,260.4,2740.4,TeleShop,Bags,Women
50037097223,269606,29-07-2012,10,5,3,771,242.865,2555.865,Flagship store,Books,Audio and video
11295921612,270361,29-07-2012,9,3,1,762,80.01,842.01,e-Shop,Electronics,Cameras
17141697014,271045,29-07-2012,4,2,5,763,400.575,4215.575,e-Shop,Footwear,Mens
33149015567,274943,29-07-2012,6,5,3,970,305.55,3215.55,Flagship store,Books,DIY
20602220893,270321,29-07-2012,7,5,3,1407,443.205,4664.205,TeleShop,Books,Fiction
48654605372,272436,29-07-2012,7,5,1,426,44.73,470.73,MBR,Books,Fiction
25101080351,270687,29-07-2012,5,3,5,250,131.25,1381.25,e-Shop,Electronics,Computers
19409920342,269119,29-07-2012,4,1,4,1149,482.58,5078.58,MBR,Clothing,Mens
63204023295,274323,29-07-2012,7,5,1,1321,138.705,1459.705,MBR,Books,Fiction
65380600645,267124,29-07-2012,12,6,4,782,328.44,3456.44,TeleShop,Home and kitchen,Academic
91449563268,273612,29-07-2012,12,6,1,880,92.4,972.4,e-Shop,Home and kitchen,Academic
63649885437,273909,29-07-2012,4,4,3,312,98.28,1034.28,Flagship store,Bags,Mens
85851745806,272017,29-07-2012,11,5,4,1122,471.24,4959.24,MBR,Books,Children
97323071922,269005,29-07-2012,1,2,5,743,390.075,4105.075,Flagship store,Footwear,Women
5458262872,267473,28-07-2012,4,3,4,1404,589.68,6205.68,e-Shop,Electronics,Mens
25151900095,269311,28-07-2012,4,1,4,668,280.56,2952.56,Flagship store,Clothing,Mens
27935050233,275089,28-07-2012,11,6,3,1099,346.185,3643.185,e-Shop,Home and kitchen,Children
30208947273,272920,28-07-2012,1,1,4,773,324.66,3416.66,TeleShop,Clothing,Women
48299224059,273225,28-07-2012,12,6,2,800,168,1768,e-Shop,Home and kitchen,Academic
13966812332,271191,28-07-2012,3,1,2,1179,247.59,2605.59,Flagship store,Clothing,Kids
8127749415,268734,28-07-2012,4,3,2,110,23.1,243.1,MBR,Electronics,Mens
21953357927,267163,28-07-2012,3,2,4,830,348.6,3668.6,MBR,Footwear,Kids
57034689016,269463,28-07-2012,6,5,2,1104,231.84,2439.84,TeleShop,Books,DIY
42625476816,274275,28-07-2012,5,3,2,572,120.12,1264.12,e-Shop,Electronics,Computers
25364198419,269100,28-07-2012,7,5,1,1285,134.925,1419.925,e-Shop,Books,Fiction
10913780407,273563,28-07-2012,5,3,5,893,468.825,4933.825,MBR,Electronics,Computers
17733656809,269377,28-07-2012,5,3,5,293,153.825,1618.825,TeleShop,Electronics,Computers
85223375726,274876,28-07-2012,12,5,1,431,45.255,476.255,e-Shop,Books,Academic
99915174387,273305,28-07-2012,4,3,5,382,200.55,2110.55,Flagship store,Electronics,Mens
68128569500,271304,28-07-2012,1,4,3,795,250.425,2635.425,e-Shop,Bags,Women
71745805347,270447,28-07-2012,11,5,-1,-913,95.865,-1008.865,Flagship store,Books,Children
74573981770,269495,28-07-2012,10,3,4,1248,524.16,5516.16,MBR,Electronics,Audio and video
94158480788,273070,28-07-2012,3,2,1,580,60.9,640.9,TeleShop,Footwear,Kids
19314193069,268495,27-07-2012,10,6,-5,-1112,583.8,-6143.8,e-Shop,Home and kitchen,Audio and video
54521094817,270777,27-07-2012,9,3,2,1456,305.76,3217.76,e-Shop,Electronics,Cameras
9142309272,269094,27-07-2012,7,5,5,176,92.4,972.4,TeleShop,Books,Fiction
8416394568,270760,27-07-2012,10,3,2,1425,299.25,3149.25,Flagship store,Electronics,Audio and video
35197854343,268107,27-07-2012,12,6,3,493,155.295,1634.295,e-Shop,Home and kitchen,Academic
37924080805,268151,27-07-2012,9,3,2,268,56.28,592.28,e-Shop,Electronics,Cameras
18458194277,267576,27-07-2012,1,4,-2,-886,186.06,-1958.06,e-Shop,Bags,Women
52374436455,274750,27-07-2012,3,5,1,339,35.595,374.595,Flagship store,Books,Kids
21684206930,272274,27-07-2012,12,5,1,240,25.2,265.2,e-Shop,Books,Academic
89807631851,272229,27-07-2012,8,3,-5,-1233,647.325,-6812.325,Flagship store,Electronics,Personal Appliances
77123936966,270294,27-07-2012,11,6,3,753,237.195,2496.195,Flagship store,Home and kitchen,Children
86629647128,270362,27-07-2012,4,3,1,1223,128.415,1351.415,MBR,Electronics,Mens
78830589239,273671,27-07-2012,4,1,1,95,9.975,104.975,TeleShop,Clothing,Mens
96304255610,267651,27-07-2012,1,4,1,1041,109.305,1150.305,Flagship store,Bags,Women
67058181418,269864,27-07-2012,4,3,3,823,259.245,2728.245,Flagship store,Electronics,Mens
95632975267,267382,27-07-2012,11,5,1,457,47.985,504.985,MBR,Books,Children
99536391291,268315,27-07-2012,3,2,5,648,340.2,3580.2,MBR,Footwear,Kids
58403520092,269036,26-07-2012,3,2,1,502,52.71,554.71,MBR,Footwear,Kids
28947825464,267266,26-07-2012,7,5,4,1193,501.06,5273.06,MBR,Books,Fiction
12053190065,266821,26-07-2012,3,2,1,940,98.7,1038.7,MBR,Footwear,Kids
1885571936,268191,26-07-2012,10,3,2,1321,277.41,2919.41,e-Shop,Electronics,Audio and video
8708409474,267169,26-07-2012,9,3,1,995,104.475,1099.475,Flagship store,Electronics,Cameras
51116075549,271587,26-07-2012,4,3,4,1419,595.98,6271.98,e-Shop,Electronics,Mens
11080090664,273411,26-07-2012,7,5,4,1030,432.6,4552.6,e-Shop,Books,Fiction
24516657165,274954,26-07-2012,3,5,1,1318,138.39,1456.39,Flagship store,Books,Kids
16834078564,272387,26-07-2012,4,4,5,642,337.05,3547.05,MBR,Bags,Mens
33395198408,274803,26-07-2012,9,3,3,267,84.105,885.105,e-Shop,Electronics,Cameras
636104104,267720,26-07-2012,6,5,1,733,76.965,809.965,e-Shop,Books,DIY
24606627031,267652,26-07-2012,10,3,-4,-151,63.42,-667.42,Flagship store,Electronics,Audio and video
6579800964,271422,26-07-2012,3,2,1,1314,137.97,1451.97,Flagship store,Footwear,Kids
27985347638,268006,26-07-2012,3,5,3,1337,421.155,4432.155,TeleShop,Books,Kids
52815000637,267550,26-07-2012,10,3,2,1089,228.69,2406.69,Flagship store,Electronics,Audio and video
36377140434,271589,26-07-2012,1,4,3,380,119.7,1259.7,e-Shop,Bags,Women
56532488389,273653,26-07-2012,4,3,5,1261,662.025,6967.025,Flagship store,Electronics,Mens
55071344522,268419,26-07-2012,3,1,3,720,226.8,2386.8,e-Shop,Clothing,Kids
23141058884,267326,26-07-2012,5,3,3,981,309.015,3252.015,e-Shop,Electronics,Computers
99321279293,269886,26-07-2012,1,1,2,212,44.52,468.52,MBR,Clothing,Women
73674899319,266842,26-07-2012,3,1,2,531,111.51,1173.51,e-Shop,Clothing,Kids
89096753757,269191,26-07-2012,6,5,-1,-454,47.67,-501.67,Flagship store,Books,DIY
95407651690,267780,26-07-2012,10,5,4,596,250.32,2634.32,Flagship store,Books,Audio and video
82107798189,266891,26-07-2012,3,2,5,516,270.9,2850.9,TeleShop,Footwear,Kids
91005460139,270360,26-07-2012,3,5,2,1136,238.56,2510.56,Flagship store,Books,Kids
71271973163,274512,26-07-2012,10,5,4,1457,611.94,6439.94,e-Shop,Books,Audio and video
98696428372,268770,26-07-2012,11,5,5,886,465.15,4895.15,TeleShop,Books,Children
97202378042,271907,26-07-2012,6,5,2,345,72.45,762.45,Flagship store,Books,DIY
69169460336,274091,26-07-2012,2,6,-3,-282,88.83,-934.83,TeleShop,Home and kitchen,Furnishing
56948353487,271439,25-07-2012,3,5,4,1335,560.7,5900.7,e-Shop,Books,Kids
21158563953,273472,25-07-2012,4,2,1,564,59.22,623.22,TeleShop,Footwear,Mens
16879677353,269923,25-07-2012,11,5,1,1458,153.09,1611.09,TeleShop,Books,Children
26513671911,274075,25-07-2012,10,5,5,119,62.475,657.475,e-Shop,Books,Audio and video
31106736597,272428,25-07-2012,4,4,2,1482,311.22,3275.22,Flagship store,Bags,Mens
34078980905,268960,25-07-2012,12,6,3,709,223.335,2350.335,TeleShop,Home and kitchen,Academic
10963982028,270155,25-07-2012,4,4,4,1412,593.04,6241.04,TeleShop,Bags,Mens
42163373033,272598,25-07-2012,4,1,2,777,163.17,1717.17,Flagship store,Clothing,Mens
19868733727,267384,25-07-2012,11,5,-4,-74,31.08,-327.08,e-Shop,Books,Children
49717553207,269245,25-07-2012,4,2,3,1116,351.54,3699.54,Flagship store,Footwear,Mens
6445643801,269565,25-07-2012,3,2,5,1359,713.475,7508.475,e-Shop,Footwear,Kids
17196664514,271312,25-07-2012,3,2,1,1052,110.46,1162.46,e-Shop,Footwear,Kids
246815756,269629,25-07-2012,8,3,2,562,118.02,1242.02,Flagship store,Electronics,Personal Appliances
14055314164,275165,25-07-2012,12,6,1,630,66.15,696.15,MBR,Home and kitchen,Academic
6609598491,272489,25-07-2012,1,4,3,172,54.18,570.18,e-Shop,Bags,Women
13873236308,269394,25-07-2012,4,3,4,1416,594.72,6258.72,e-Shop,Electronics,Mens
875378514,270792,25-07-2012,5,3,3,143,45.045,474.045,Flagship store,Electronics,Computers
76061015675,271047,25-07-2012,4,1,5,284,149.1,1569.1,Flagship store,Clothing,Mens
77104234153,268204,25-07-2012,1,1,-1,-1205,126.525,-1331.525,Flagship store,Clothing,Women
86845136157,267037,25-07-2012,9,3,3,552,173.88,1829.88,e-Shop,Electronics,Cameras
63209088443,267663,25-07-2012,7,5,1,1095,114.975,1209.975,Flagship store,Books,Fiction
26741442016,272187,24-07-2012,9,3,2,1131,237.51,2499.51,e-Shop,Electronics,Cameras
9241274427,267930,24-07-2012,4,1,3,1220,384.3,4044.3,e-Shop,Clothing,Mens
34352967051,269028,24-07-2012,8,3,1,1114,116.97,1230.97,e-Shop,Electronics,Personal Appliances
46185205166,266854,24-07-2012,5,3,4,112,47.04,495.04,MBR,Electronics,Computers
462387165,271613,24-07-2012,9,3,3,851,268.065,2821.065,Flagship store,Electronics,Cameras
41768492801,267125,24-07-2012,3,5,-3,-506,159.39,-1677.39,Flagship store,Books,Kids
49770601893,273503,24-07-2012,4,1,5,1151,604.275,6359.275,e-Shop,Clothing,Mens
47852879128,270293,24-07-2012,3,5,-5,-397,208.425,-2193.425,e-Shop,Books,Kids
58821425757,275038,24-07-2012,3,2,5,372,195.3,2055.3,e-Shop,Footwear,Kids
44627697269,268161,24-07-2012,1,1,3,1309,412.335,4339.335,Flagship store,Clothing,Women
98006165344,272447,24-07-2012,8,3,4,767,322.14,3390.14,Flagship store,Electronics,Personal Appliances
67054020894,270143,24-07-2012,11,5,5,538,282.45,2972.45,Flagship store,Books,Children
96035205818,271031,24-07-2012,4,1,4,854,358.68,3774.68,TeleShop,Clothing,Mens
70786042291,270325,24-07-2012,3,5,3,729,229.635,2416.635,e-Shop,Books,Kids
91083866637,268308,24-07-2012,10,3,1,1010,106.05,1116.05,e-Shop,Electronics,Audio and video
74985596289,269639,24-07-2012,12,5,3,921,290.115,3053.115,e-Shop,Books,Academic
82571644425,269906,24-07-2012,3,1,4,1077,452.34,4760.34,TeleShop,Clothing,Kids
44460210914,271822,23-07-2012,10,3,5,670,351.75,3701.75,e-Shop,Electronics,Audio and video
9809744684,274724,23-07-2012,3,2,1,368,38.64,406.64,Flagship store,Footwear,Kids
47325694506,267105,23-07-2012,9,3,5,1162,610.05,6420.05,Flagship store,Electronics,Cameras
14728725479,272720,23-07-2012,11,6,4,151,63.42,667.42,MBR,Home and kitchen,Children
62458127760,275083,23-07-2012,1,4,4,401,168.42,1772.42,e-Shop,Bags,Women
55810292575,269098,23-07-2012,4,4,5,1326,696.15,7326.15,e-Shop,Bags,Mens
34026022067,267488,23-07-2012,12,6,2,695,145.95,1535.95,MBR,Home and kitchen,Academic
49092949024,270162,23-07-2012,7,5,5,862,452.55,4762.55,e-Shop,Books,Fiction
3508816967,274049,23-07-2012,4,4,3,1135,357.525,3762.525,e-Shop,Bags,Mens
62964633833,269386,23-07-2012,3,1,4,201,84.42,888.42,MBR,Clothing,Kids
3673955745,270182,23-07-2012,10,3,5,651,341.775,3596.775,e-Shop,Electronics,Audio and video
41768492801,267125,23-07-2012,3,5,3,506,159.39,1677.39,Flagship store,Books,Kids
60009098719,272144,23-07-2012,11,6,3,968,304.92,3208.92,e-Shop,Home and kitchen,Children
52210563859,272910,23-07-2012,11,5,2,1394,292.74,3080.74,e-Shop,Books,Children
688991556,270603,23-07-2012,7,5,3,1457,458.955,4829.955,TeleShop,Books,Fiction
43799821229,269245,23-07-2012,1,2,2,149,31.29,329.29,TeleShop,Footwear,Women
2921760276,270388,23-07-2012,4,3,3,619,194.985,2051.985,Flagship store,Electronics,Mens
42466546019,272126,23-07-2012,3,1,2,996,209.16,2201.16,e-Shop,Clothing,Kids
42569282872,270325,23-07-2012,1,2,1,976,102.48,1078.48,e-Shop,Footwear,Women
24606627031,267652,23-07-2012,10,3,4,151,63.42,667.42,Flagship store,Electronics,Audio and video
72846029401,269662,23-07-2012,3,1,3,87,27.405,288.405,TeleShop,Clothing,Kids
86845116347,273963,23-07-2012,1,2,3,1428,449.82,4733.82,e-Shop,Footwear,Women
66975950416,275107,23-07-2012,11,6,5,1483,778.575,8193.575,TeleShop,Home and kitchen,Children
72931622477,267754,23-07-2012,12,5,4,868,364.56,3836.56,e-Shop,Books,Academic
85387233492,266943,23-07-2012,1,1,2,567,119.07,1253.07,e-Shop,Clothing,Women
71692719461,273718,23-07-2012,1,1,4,837,351.54,3699.54,MBR,Clothing,Women
67196947084,268449,23-07-2012,6,5,4,1314,551.88,5807.88,TeleShop,Books,DIY
69169460336,274091,23-07-2012,2,6,3,282,88.83,934.83,TeleShop,Home and kitchen,Furnishing
98145872550,269640,23-07-2012,4,3,3,1303,410.445,4319.445,e-Shop,Electronics,Mens
24341934327,270733,22-07-2012,6,5,2,868,182.28,1918.28,e-Shop,Books,DIY
22454524936,270288,22-07-2012,3,5,1,618,64.89,682.89,MBR,Books,Kids
50030111092,274343,22-07-2012,11,5,3,272,85.68,901.68,Flagship store,Books,Children
58350921139,269325,22-07-2012,10,3,-1,-1036,108.78,-1144.78,e-Shop,Electronics,Audio and video
21547256353,271245,22-07-2012,2,6,-3,-673,211.995,-2230.995,MBR,Home and kitchen,Furnishing
15969147379,272622,22-07-2012,12,6,5,566,297.15,3127.15,Flagship store,Home and kitchen,Academic
13357168293,272832,22-07-2012,12,5,-2,-129,27.09,-285.09,e-Shop,Books,Academic
11075398017,271948,22-07-2012,12,5,2,712,149.52,1573.52,e-Shop,Books,Academic
35105514712,274006,22-07-2012,6,5,5,780,409.5,4309.5,TeleShop,Books,DIY
45206038532,269479,22-07-2012,3,2,3,870,274.05,2884.05,e-Shop,Footwear,Kids
47852879128,270293,22-07-2012,3,5,5,397,208.425,2193.425,e-Shop,Books,Kids
19314193069,268495,22-07-2012,10,6,5,1112,583.8,6143.8,e-Shop,Home and kitchen,Audio and video
41446836295,271029,22-07-2012,7,5,1,125,13.125,138.125,TeleShop,Books,Fiction
50811802650,267776,22-07-2012,6,5,2,274,57.54,605.54,MBR,Books,DIY
62760942221,269681,22-07-2012,11,5,4,901,378.42,3982.42,TeleShop,Books,Children
93703638431,268139,22-07-2012,3,2,5,1067,560.175,5895.175,e-Shop,Footwear,Kids
64492962359,269789,22-07-2012,10,6,1,138,14.49,152.49,e-Shop,Home and kitchen,Audio and video
83034833320,271743,22-07-2012,11,5,3,861,271.215,2854.215,e-Shop,Books,Children
89807631851,272229,22-07-2012,8,3,5,1233,647.325,6812.325,Flagship store,Electronics,Personal Appliances
74400324929,268331,22-07-2012,12,6,1,666,69.93,735.93,e-Shop,Home and kitchen,Academic
71337087467,272141,22-07-2012,10,5,-3,-1422,447.93,-4713.93,e-Shop,Books,Audio and video
84186394176,272255,22-07-2012,10,3,5,976,512.4,5392.4,MBR,Electronics,Audio and video
63759059777,270918,22-07-2012,8,3,3,1234,388.71,4090.71,MBR,Electronics,Personal Appliances
52188724268,269189,21-07-2012,1,1,-4,-841,353.22,-3717.22,e-Shop,Clothing,Women
55795410469,269438,21-07-2012,10,6,3,764,240.66,2532.66,MBR,Home and kitchen,Audio and video
54210601238,273894,21-07-2012,11,6,5,1335,700.875,7375.875,MBR,Home and kitchen,Children
56789452515,269914,21-07-2012,4,4,3,1319,415.485,4372.485,MBR,Bags,Mens
27560720842,272659,21-07-2012,7,5,3,957,301.455,3172.455,TeleShop,Books,Fiction
34358492019,274653,21-07-2012,7,5,5,1003,526.575,5541.575,e-Shop,Books,Fiction
13975230397,269313,21-07-2012,8,3,5,993,521.325,5486.325,TeleShop,Electronics,Personal Appliances
18458194277,267576,21-07-2012,1,4,2,886,186.06,1958.06,e-Shop,Bags,Women
59647520080,272473,21-07-2012,1,4,1,571,59.955,630.955,TeleShop,Bags,Women
33596985777,272243,21-07-2012,9,3,2,1101,231.21,2433.21,MBR,Electronics,Cameras
24276585201,269000,21-07-2012,11,5,3,496,156.24,1644.24,TeleShop,Books,Children
21373026494,270108,21-07-2012,3,5,-4,-182,76.44,-804.44,Flagship store,Books,Kids
37135942779,274059,21-07-2012,12,6,2,967,203.07,2137.07,TeleShop,Home and kitchen,Academic
93181159158,274979,21-07-2012,9,3,5,667,350.175,3685.175,Flagship store,Electronics,Cameras
83756738738,267413,21-07-2012,3,1,2,1015,213.15,2243.15,MBR,Clothing,Kids
66726168214,274367,21-07-2012,1,1,2,1049,220.29,2318.29,MBR,Clothing,Women
67647966959,274463,21-07-2012,2,6,5,412,216.3,2276.3,Flagship store,Home and kitchen,Furnishing
94768683295,270264,21-07-2012,3,1,1,800,84,884,e-Shop,Clothing,Kids
70933142665,268832,21-07-2012,1,2,4,542,227.64,2395.64,Flagship store,Footwear,Women
89096753757,269191,21-07-2012,6,5,1,454,47.67,501.67,Flagship store,Books,DIY
77794731362,273934,21-07-2012,12,5,2,427,89.67,943.67,e-Shop,Books,Academic
64674098834,273796,21-07-2012,4,4,2,1147,240.87,2534.87,e-Shop,Bags,Mens
68699500892,269694,21-07-2012,9,3,-2,-1369,287.49,-3025.49,e-Shop,Electronics,Cameras
16021693493,267633,20-07-2012,9,3,1,1242,130.41,1372.41,MBR,Electronics,Cameras
12775695699,273127,20-07-2012,4,4,2,351,73.71,775.71,MBR,Bags,Mens
54675274829,272809,20-07-2012,5,3,3,1500,472.5,4972.5,MBR,Electronics,Computers
23225614561,269390,20-07-2012,9,3,5,1304,684.6,7204.6,e-Shop,Electronics,Cameras
40833720492,272322,20-07-2012,4,2,2,1303,273.63,2879.63,e-Shop,Footwear,Mens
30952495912,268159,20-07-2012,11,6,2,148,31.08,327.08,e-Shop,Home and kitchen,Children
39841191738,271887,20-07-2012,4,4,3,815,256.725,2701.725,MBR,Bags,Mens
8637969973,275117,20-07-2012,10,6,1,973,102.165,1075.165,TeleShop,Home and kitchen,Audio and video
29432732843,271805,20-07-2012,1,2,2,235,49.35,519.35,e-Shop,Footwear,Women
87804602536,272613,20-07-2012,5,3,1,241,25.305,266.305,e-Shop,Electronics,Computers
74913726059,272974,20-07-2012,8,3,3,323,101.745,1070.745,TeleShop,Electronics,Personal Appliances
94962757367,272045,20-07-2012,11,5,1,1213,127.365,1340.365,e-Shop,Books,Children
91511601428,269536,20-07-2012,8,3,2,1417,297.57,3131.57,Flagship store,Electronics,Personal Appliances
89284935853,273247,20-07-2012,11,5,4,1414,593.88,6249.88,e-Shop,Books,Children
90435361772,273361,20-07-2012,10,3,2,227,47.67,501.67,TeleShop,Electronics,Audio and video
81721037253,275138,20-07-2012,1,1,1,624,65.52,689.52,Flagship store,Clothing,Women
67147125633,268609,20-07-2012,2,6,2,1061,222.81,2344.81,MBR,Home and kitchen,Furnishing
71745805347,270447,20-07-2012,11,5,1,913,95.865,1008.865,Flagship store,Books,Children
30657425792,268874,19-07-2012,2,6,-1,-615,64.575,-679.575,Flagship store,Home and kitchen,Furnishing
59433080468,268299,19-07-2012,3,5,5,1198,628.95,6618.95,e-Shop,Books,Kids
56974741062,271986,19-07-2012,11,6,3,487,153.405,1614.405,MBR,Home and kitchen,Children
26230974616,269145,19-07-2012,3,1,3,84,26.46,278.46,Flagship store,Clothing,Kids
38989045664,267232,19-07-2012,1,2,4,927,389.34,4097.34,e-Shop,Footwear,Women
47170100056,269024,19-07-2012,1,4,5,1230,645.75,6795.75,Flagship store,Bags,Women
37312852491,267015,19-07-2012,3,2,1,789,82.845,871.845,TeleShop,Footwear,Kids
27415516116,269168,19-07-2012,11,5,5,671,352.275,3707.275,e-Shop,Books,Children
12066280029,267666,19-07-2012,3,5,5,1328,697.2,7337.2,MBR,Books,Kids
19178571083,268319,19-07-2012,3,1,4,730,306.6,3226.6,e-Shop,Clothing,Kids
21536309665,272824,19-07-2012,9,3,2,662,139.02,1463.02,Flagship store,Electronics,Cameras
19868733727,267384,19-07-2012,11,5,4,74,31.08,327.08,e-Shop,Books,Children
58179891773,268821,19-07-2012,6,5,2,121,25.41,267.41,e-Shop,Books,DIY
56161879267,268876,19-07-2012,7,5,5,1445,758.625,7983.625,e-Shop,Books,Fiction
73246410480,272860,19-07-2012,10,6,1,231,24.255,255.255,MBR,Home and kitchen,Audio and video
72736102077,271367,19-07-2012,1,4,2,1385,290.85,3060.85,MBR,Bags,Women
77529538784,270865,19-07-2012,5,3,3,558,175.77,1849.77,Flagship store,Electronics,Computers
50574102199,273583,18-07-2012,2,6,1,522,54.81,576.81,e-Shop,Home and kitchen,Furnishing
6497005353,272727,18-07-2012,10,5,5,841,441.525,4646.525,MBR,Books,Audio and video
12994998792,270682,18-07-2012,10,6,4,1128,473.76,4985.76,TeleShop,Home and kitchen,Audio and video
16859092443,270081,18-07-2012,12,6,5,1374,721.35,7591.35,e-Shop,Home and kitchen,Academic
59472691017,272726,18-07-2012,8,3,2,1354,284.34,2992.34,TeleShop,Electronics,Personal Appliances
61606680229,273747,18-07-2012,12,6,2,1339,281.19,2959.19,e-Shop,Home and kitchen,Academic
58279002475,273229,18-07-2012,4,3,3,617,194.355,2045.355,e-Shop,Electronics,Mens
47634518384,268277,18-07-2012,12,6,2,601,126.21,1328.21,TeleShop,Home and kitchen,Academic
19888086318,271392,18-07-2012,4,2,1,490,51.45,541.45,Flagship store,Footwear,Mens
45561178490,269672,18-07-2012,1,2,2,83,17.43,183.43,e-Shop,Footwear,Women
26883085338,269516,18-07-2012,4,1,5,1077,565.425,5950.425,MBR,Clothing,Mens
2060161656,272278,18-07-2012,10,6,-2,-192,40.32,-424.32,MBR,Home and kitchen,Audio and video
93894723458,272415,18-07-2012,6,5,2,1367,287.07,3021.07,e-Shop,Books,DIY
91942697455,267610,18-07-2012,8,3,2,1298,272.58,2868.58,TeleShop,Electronics,Personal Appliances
76059164976,269966,18-07-2012,3,2,2,1350,283.5,2983.5,e-Shop,Footwear,Kids
77913473190,274568,18-07-2012,1,1,-5,-935,490.875,-5165.875,MBR,Clothing,Women
92359722052,275049,18-07-2012,1,4,3,281,88.515,931.515,TeleShop,Bags,Women
94232382714,270139,18-07-2012,6,5,1,1188,124.74,1312.74,MBR,Books,DIY
75235044677,267429,18-07-2012,10,6,2,431,90.51,952.51,e-Shop,Home and kitchen,Audio and video
19917525768,270430,17-07-2012,10,5,5,421,221.025,2326.025,e-Shop,Books,Audio and video
4515529384,268223,17-07-2012,4,4,2,1408,295.68,3111.68,Flagship store,Bags,Mens
47865401829,270714,17-07-2012,11,5,5,179,93.975,988.975,e-Shop,Books,Children
38728756587,272804,17-07-2012,11,6,3,454,143.01,1505.01,TeleShop,Home and kitchen,Children
49555183826,272389,17-07-2012,4,4,-5,-1075,564.375,-5939.375,e-Shop,Bags,Mens
45653921271,266922,17-07-2012,1,1,2,1442,302.82,3186.82,MBR,Clothing,Women
591581909,268080,17-07-2012,1,2,5,330,173.25,1823.25,Flagship store,Footwear,Women
5084721998,268548,17-07-2012,2,6,5,308,161.7,1701.7,MBR,Home and kitchen,Furnishing
59365420727,267343,17-07-2012,3,2,1,1464,153.72,1617.72,e-Shop,Footwear,Kids
44072885173,272684,17-07-2012,11,6,3,951,299.565,3152.565,MBR,Home and kitchen,Children
59236365515,273521,17-07-2012,10,5,4,686,288.12,3032.12,TeleShop,Books,Audio and video
44602226600,273518,17-07-2012,4,3,1,450,47.25,497.25,Flagship store,Electronics,Mens
11661307318,273428,17-07-2012,1,4,5,634,332.85,3502.85,e-Shop,Bags,Women
9688713529,268834,17-07-2012,5,3,1,105,11.025,116.025,MBR,Electronics,Computers
12788196472,274983,17-07-2012,6,5,5,270,141.75,1491.75,e-Shop,Books,DIY
21960491599,269194,17-07-2012,2,6,2,1024,215.04,2263.04,e-Shop,Home and kitchen,Furnishing
652555256,269213,17-07-2012,10,6,4,1238,519.96,5471.96,e-Shop,Home and kitchen,Audio and video
85283027128,269253,17-07-2012,3,2,2,1297,272.37,2866.37,TeleShop,Footwear,Kids
98730200706,269078,17-07-2012,12,6,2,995,208.95,2198.95,TeleShop,Home and kitchen,Academic
82313215004,272475,17-07-2012,6,5,5,1194,626.85,6596.85,e-Shop,Books,DIY
68699500892,269694,17-07-2012,9,3,2,1369,287.49,3025.49,e-Shop,Electronics,Cameras
80165666150,272540,17-07-2012,11,5,5,555,291.375,3066.375,TeleShop,Books,Children
80405132097,274081,17-07-2012,3,2,4,703,295.26,3107.26,TeleShop,Footwear,Kids
73940984405,271402,17-07-2012,4,4,2,1060,222.6,2342.6,TeleShop,Bags,Mens
77104234153,268204,17-07-2012,1,1,1,1205,126.525,1331.525,Flagship store,Clothing,Women
87520229589,274243,17-07-2012,9,3,1,308,32.34,340.34,Flagship store,Electronics,Cameras
78800877913,275145,17-07-2012,2,6,1,428,44.94,472.94,Flagship store,Home and kitchen,Furnishing
15570148409,270535,16-07-2012,12,5,3,903,284.445,2993.445,e-Shop,Books,Academic
216234375,271613,16-07-2012,4,4,1,268,28.14,296.14,MBR,Bags,Mens
23673342193,274496,16-07-2012,4,4,-4,-1008,423.36,-4455.36,TeleShop,Bags,Mens
37975951558,271721,16-07-2012,12,6,-2,-487,102.27,-1076.27,Flagship store,Home and kitchen,Academic
21373026494,270108,16-07-2012,3,5,4,182,76.44,804.44,Flagship store,Books,Kids
46160245793,268177,16-07-2012,3,5,4,953,400.26,4212.26,e-Shop,Books,Kids
42552393842,270361,16-07-2012,9,3,2,121,25.41,267.41,TeleShop,Electronics,Cameras
61204072470,273404,16-07-2012,11,5,2,977,205.17,2159.17,e-Shop,Books,Children
58350921139,269325,16-07-2012,10,3,1,1036,108.78,1144.78,e-Shop,Electronics,Audio and video
59633314612,270788,16-07-2012,7,5,1,557,58.485,615.485,Flagship store,Books,Fiction
85169112748,270606,16-07-2012,10,6,1,393,41.265,434.265,e-Shop,Home and kitchen,Audio and video
71337087467,272141,16-07-2012,10,5,3,1422,447.93,4713.93,e-Shop,Books,Audio and video
92414383720,273365,16-07-2012,8,3,3,175,55.125,580.125,TeleShop,Electronics,Personal Appliances
98582483251,274666,16-07-2012,3,1,2,178,37.38,393.38,MBR,Clothing,Kids
77913473190,274568,16-07-2012,1,1,-5,-935,490.875,-5165.875,MBR,Clothing,Women
52703967811,268672,15-07-2012,1,2,1,751,78.855,829.855,Flagship store,Footwear,Women
61666798070,271295,15-07-2012,12,5,5,159,83.475,878.475,MBR,Books,Academic
51935028505,271073,15-07-2012,11,5,3,853,268.695,2827.695,e-Shop,Books,Children
58306380801,269437,15-07-2012,4,3,5,1120,588,6188,MBR,Electronics,Mens
10442733515,269879,15-07-2012,6,5,1,260,27.3,287.3,MBR,Books,DIY
33947938111,267560,15-07-2012,4,4,2,1008,211.68,2227.68,MBR,Bags,Mens
271564630,274587,15-07-2012,12,6,1,767,80.535,847.535,e-Shop,Home and kitchen,Academic
47070540441,273837,15-07-2012,6,5,5,525,275.625,2900.625,TeleShop,Books,DIY
62335540160,269490,15-07-2012,3,1,1,564,59.22,623.22,MBR,Clothing,Kids
54777771204,267134,15-07-2012,10,5,5,671,352.275,3707.275,MBR,Books,Audio and video
64295540307,270172,15-07-2012,3,2,3,801,252.315,2655.315,Flagship store,Footwear,Kids
95584614319,269034,15-07-2012,3,5,4,1368,574.56,6046.56,MBR,Books,Kids
89136961006,268821,15-07-2012,1,2,2,130,27.3,287.3,e-Shop,Footwear,Women
67851115001,269104,15-07-2012,11,6,3,168,52.92,556.92,Flagship store,Home and kitchen,Children
86495345189,274627,15-07-2012,1,2,4,1324,556.08,5852.08,Flagship store,Footwear,Women
95777355679,267583,15-07-2012,4,2,3,1500,472.5,4972.5,Flagship store,Footwear,Mens
75104681291,270462,15-07-2012,4,4,4,877,368.34,3876.34,MBR,Bags,Mens
97338422011,274094,15-07-2012,8,3,3,815,256.725,2701.725,MBR,Electronics,Personal Appliances
62518199931,267178,14-07-2012,7,5,2,452,94.92,998.92,TeleShop,Books,Fiction
36398984533,270059,14-07-2012,4,4,-5,-832,436.8,-4596.8,TeleShop,Bags,Mens
49555183826,272389,14-07-2012,4,4,5,1075,564.375,5939.375,e-Shop,Bags,Mens
44604592736,267771,14-07-2012,1,1,1,1441,151.305,1592.305,e-Shop,Clothing,Women
33067777264,273822,14-07-2012,4,1,1,611,64.155,675.155,Flagship store,Clothing,Mens
37423978525,273125,14-07-2012,11,5,1,458,48.09,506.09,e-Shop,Books,Children
57688403173,270818,14-07-2012,3,1,2,861,180.81,1902.81,TeleShop,Clothing,Kids
62739277783,268004,14-07-2012,5,3,4,1198,503.16,5295.16,e-Shop,Electronics,Computers
42144961348,274548,14-07-2012,11,6,4,394,165.48,1741.48,Flagship store,Home and kitchen,Children
48071649194,270414,14-07-2012,3,2,2,1003,210.63,2216.63,Flagship store,Footwear,Kids
96886958557,271766,14-07-2012,4,2,1,190,19.95,209.95,e-Shop,Footwear,Mens
86390643429,271027,14-07-2012,1,1,1,326,34.23,360.23,e-Shop,Clothing,Women
98859381810,272569,14-07-2012,2,6,5,651,341.775,3596.775,MBR,Home and kitchen,Furnishing
52188724268,269189,13-07-2012,1,1,4,841,353.22,3717.22,e-Shop,Clothing,Women
30657425792,268874,13-07-2012,2,6,1,615,64.575,679.575,Flagship store,Home and kitchen,Furnishing
27176908916,271445,13-07-2012,1,4,1,436,45.78,481.78,e-Shop,Bags,Women
39234524811,272171,13-07-2012,3,1,5,312,163.8,1723.8,e-Shop,Clothing,Kids
13357168293,272832,13-07-2012,12,5,2,129,27.09,285.09,e-Shop,Books,Academic
43528006083,268922,13-07-2012,10,3,5,86,45.15,475.15,Flagship store,Electronics,Audio and video
52327149892,271518,13-07-2012,2,6,5,395,207.375,2182.375,Flagship store,Home and kitchen,Furnishing
12470390129,275028,13-07-2012,7,5,5,961,504.525,5309.525,Flagship store,Books,Fiction
21547256353,271245,13-07-2012,2,6,3,673,211.995,2230.995,MBR,Home and kitchen,Furnishing
1772247294,273471,13-07-2012,10,6,3,1051,331.065,3484.065,TeleShop,Home and kitchen,Audio and video
36250060170,269016,13-07-2012,10,5,2,1165,244.65,2574.65,e-Shop,Books,Audio and video
28585981586,268348,13-07-2012,10,5,5,1466,769.65,8099.65,TeleShop,Books,Audio and video
38120128682,272544,13-07-2012,2,6,4,931,391.02,4115.02,e-Shop,Home and kitchen,Furnishing
67911889108,270561,13-07-2012,12,5,3,229,72.135,759.135,e-Shop,Books,Academic
86180753932,272794,13-07-2012,6,5,2,538,112.98,1188.98,Flagship store,Books,DIY
81294835514,272017,13-07-2012,1,2,1,275,28.875,303.875,Flagship store,Footwear,Women
83115428629,273334,13-07-2012,7,5,5,214,112.35,1182.35,e-Shop,Books,Fiction
29882816500,273038,12/7/2012,4,2,3,1293,407.295,4286.295,Flagship store,Footwear,Mens
45963868726,266945,12/7/2012,7,5,1,248,26.04,274.04,e-Shop,Books,Fiction
3065420704,268056,12/7/2012,7,5,2,1455,305.55,3215.55,MBR,Books,Fiction
27801582663,271846,12/7/2012,11,6,-5,-486,255.15,-2685.15,Flagship store,Home and kitchen,Children
62883046657,270803,12/7/2012,11,5,1,247,25.935,272.935,e-Shop,Books,Children
23673342193,274496,12/7/2012,4,4,4,1008,423.36,4455.36,TeleShop,Bags,Mens
39312844509,267324,12/7/2012,4,1,4,832,349.44,3677.44,TeleShop,Clothing,Mens
11940797874,273543,12/7/2012,3,2,2,1259,264.39,2782.39,Flagship store,Footwear,Kids
42661284231,268858,12/7/2012,5,3,-4,-1303,547.26,-5759.26,TeleShop,Electronics,Computers
60229687042,271357,12/7/2012,11,5,5,1354,710.85,7480.85,TeleShop,Books,Children
26257443223,274656,12/7/2012,4,3,2,1083,227.43,2393.43,MBR,Electronics,Mens
3874374400,274734,12/7/2012,1,4,2,872,183.12,1927.12,MBR,Bags,Women
45846501637,275174,12/7/2012,1,2,-2,-131,27.51,-289.51,e-Shop,Footwear,Women
11752110037,271499,12/7/2012,11,5,3,698,219.87,2313.87,Flagship store,Books,Children
5221193544,274652,12/7/2012,1,1,5,894,469.35,4939.35,e-Shop,Clothing,Women
88827302421,271538,12/7/2012,4,1,-3,-680,214.2,-2254.2,e-Shop,Clothing,Mens
96121889994,271732,12/7/2012,9,3,4,1025,430.5,4530.5,TeleShop,Electronics,Cameras
97039914413,267100,12/7/2012,11,6,2,512,107.52,1131.52,TeleShop,Home and kitchen,Children
89993957063,274462,12/7/2012,9,3,-3,-639,201.285,-2118.285,e-Shop,Electronics,Cameras
86714099706,274429,12/7/2012,12,5,3,1489,469.035,4936.035,TeleShop,Books,Academic
99657701608,272241,12/7/2012,11,6,4,676,283.92,2987.92,e-Shop,Home and kitchen,Children
64246071942,275079,12/7/2012,10,6,-5,-1251,656.775,-6911.775,Flagship store,Home and kitchen,Audio and video
45207580056,270568,11/7/2012,8,3,4,1147,481.74,5069.74,Flagship store,Electronics,Personal Appliances
29825212709,268683,11/7/2012,4,4,5,1308,686.7,7226.7,e-Shop,Bags,Mens
30270160525,269133,11/7/2012,3,2,1,1388,145.74,1533.74,e-Shop,Footwear,Kids
36847261996,271547,11/7/2012,2,6,2,1379,289.59,3047.59,MBR,Home and kitchen,Furnishing
7352294834,268952,11/7/2012,4,3,1,312,32.76,344.76,e-Shop,Electronics,Mens
11338312481,269449,11/7/2012,4,2,2,1029,216.09,2274.09,Flagship store,Footwear,Mens
466980151,269967,11/7/2012,2,6,1,753,79.065,832.065,e-Shop,Home and kitchen,Furnishing
54170993195,272640,11/7/2012,7,5,5,245,128.625,1353.625,e-Shop,Books,Fiction
46740739215,267420,11/7/2012,4,4,1,442,46.41,488.41,MBR,Bags,Mens
19015231859,272326,11/7/2012,10,6,3,767,241.605,2542.605,MBR,Home and kitchen,Audio and video
60996914803,274323,11/7/2012,6,5,3,802,252.63,2658.63,e-Shop,Books,DIY
76515445358,272086,11/7/2012,3,2,5,473,248.325,2613.325,TeleShop,Footwear,Kids
99646645072,271179,11/7/2012,10,5,2,460,96.6,1016.6,MBR,Books,Audio and video
79950809485,272133,11/7/2012,1,1,4,146,61.32,645.32,e-Shop,Clothing,Women
87957562028,272589,11/7/2012,3,5,1,1308,137.34,1445.34,e-Shop,Books,Kids
79350811234,269676,11/7/2012,10,3,2,272,57.12,601.12,e-Shop,Electronics,Audio and video
62163729430,271618,10/7/2012,6,5,3,472,148.68,1564.68,Flagship store,Books,DIY
24942704326,268444,10/7/2012,2,6,1,1298,136.29,1434.29,MBR,Home and kitchen,Furnishing
37123904014,267097,10/7/2012,10,3,5,1433,752.325,7917.325,MBR,Electronics,Audio and video
20545618288,270576,10/7/2012,1,4,5,1092,573.3,6033.3,TeleShop,Bags,Women
55560523045,268946,10/7/2012,1,1,5,1277,670.425,7055.425,TeleShop,Clothing,Women
49043873944,268029,10/7/2012,7,5,4,1003,421.26,4433.26,TeleShop,Books,Fiction
61473551383,272342,10/7/2012,12,6,1,491,51.555,542.555,e-Shop,Home and kitchen,Academic
22330055748,269953,10/7/2012,1,1,1,431,45.255,476.255,Flagship store,Clothing,Women
12127486091,271968,10/7/2012,1,1,1,1367,143.535,1510.535,e-Shop,Clothing,Women
30413733550,272551,10/7/2012,1,2,5,439,230.475,2425.475,e-Shop,Footwear,Women
12334585676,271880,10/7/2012,2,6,4,622,261.24,2749.24,e-Shop,Home and kitchen,Furnishing
45275319934,267620,10/7/2012,9,3,4,1122,471.24,4959.24,e-Shop,Electronics,Cameras
52908745085,268910,10/7/2012,9,3,5,933,489.825,5154.825,Flagship store,Electronics,Cameras
42694020894,272638,10/7/2012,12,6,-3,-802,252.63,-2658.63,e-Shop,Home and kitchen,Academic
64246071942,275079,10/7/2012,10,6,5,1251,656.775,6911.775,Flagship store,Home and kitchen,Audio and video
71013642806,271916,10/7/2012,10,6,4,419,175.98,1851.98,Flagship store,Home and kitchen,Audio and video
90765321382,274077,10/7/2012,8,3,3,1248,393.12,4137.12,e-Shop,Electronics,Personal Appliances
70830542529,274685,10/7/2012,5,3,3,336,105.84,1113.84,e-Shop,Electronics,Computers
94289244571,273562,10/7/2012,1,1,-1,-418,43.89,-461.89,MBR,Clothing,Women
80367654529,272976,10/7/2012,10,3,1,323,33.915,356.915,e-Shop,Electronics,Audio and video
85156616577,271811,10/7/2012,8,3,2,688,144.48,1520.48,e-Shop,Electronics,Personal Appliances
83882384526,270172,10/7/2012,9,3,1,1337,140.385,1477.385,Flagship store,Electronics,Cameras
77913473190,274568,10/7/2012,1,1,5,935,490.875,5165.875,MBR,Clothing,Women
35922313633,272564,9/7/2012,10,5,2,723,151.83,1597.83,Flagship store,Books,Audio and video
39587778338,270156,9/7/2012,3,2,-5,-186,97.65,-1027.65,e-Shop,Footwear,Kids
29353287062,269998,9/7/2012,3,1,4,1301,546.42,5750.42,MBR,Clothing,Kids
13110382210,271807,9/7/2012,4,1,4,1338,561.96,5913.96,Flagship store,Clothing,Mens
60392104922,267631,9/7/2012,1,4,3,76,23.94,251.94,e-Shop,Bags,Women
4562003228,274116,9/7/2012,4,1,5,757,397.425,4182.425,MBR,Clothing,Mens
5238564912,267891,9/7/2012,10,5,-2,-1300,273,-2873,e-Shop,Books,Audio and video
54523489120,269246,9/7/2012,9,3,4,133,55.86,587.86,TeleShop,Electronics,Cameras
44028659412,268269,9/7/2012,4,4,1,600,63,663,TeleShop,Bags,Mens
16649879763,268698,9/7/2012,7,5,2,810,170.1,1790.1,e-Shop,Books,Fiction
44262548097,270850,9/7/2012,5,3,-3,-981,309.015,-3252.015,e-Shop,Electronics,Computers
13739451769,273661,9/7/2012,1,1,5,1169,613.725,6458.725,e-Shop,Clothing,Women
19367537752,267568,9/7/2012,3,1,1,169,17.745,186.745,e-Shop,Clothing,Kids
53522676901,270891,9/7/2012,1,2,4,1443,606.06,6378.06,e-Shop,Footwear,Women
2060161656,272278,9/7/2012,10,6,2,192,40.32,424.32,MBR,Home and kitchen,Audio and video
27333849867,267239,9/7/2012,4,3,2,1084,227.64,2395.64,e-Shop,Electronics,Mens
8124664929,270810,9/7/2012,1,4,5,305,160.125,1685.125,Flagship store,Bags,Women
27801582663,271846,9/7/2012,11,6,5,486,255.15,2685.15,Flagship store,Home and kitchen,Children
61638950183,271292,9/7/2012,7,5,1,974,102.27,1076.27,e-Shop,Books,Fiction
83308408528,271422,9/7/2012,1,4,2,637,133.77,1407.77,e-Shop,Bags,Women
82929884844,272807,9/7/2012,10,5,3,245,77.175,812.175,MBR,Books,Audio and video
64880057010,268567,9/7/2012,1,2,3,1475,464.625,4889.625,e-Shop,Footwear,Women
64276963465,274056,9/7/2012,3,5,-3,-1231,387.765,-4080.765,e-Shop,Books,Kids
80587198345,270005,9/7/2012,6,5,1,494,51.87,545.87,e-Shop,Books,DIY
84228260271,270151,9/7/2012,2,6,4,1108,465.36,4897.36,MBR,Home and kitchen,Furnishing
11284485790,266838,8/7/2012,1,1,3,858,270.27,2844.27,Flagship store,Clothing,Women
8116417768,271620,8/7/2012,11,5,1,967,101.535,1068.535,Flagship store,Books,Children
19973075745,268037,8/7/2012,11,6,1,247,25.935,272.935,MBR,Home and kitchen,Children
40960340073,269963,8/7/2012,10,6,3,409,128.835,1355.835,e-Shop,Home and kitchen,Audio and video
42276782131,267677,8/7/2012,4,1,3,1073,337.995,3556.995,Flagship store,Clothing,Mens
45846501637,275174,8/7/2012,1,2,2,131,27.51,289.51,e-Shop,Footwear,Women
15171347735,271404,8/7/2012,1,2,1,81,8.505,89.505,e-Shop,Footwear,Women
31098599013,274750,8/7/2012,4,4,4,1221,512.82,5396.82,Flagship store,Bags,Mens
9216464887,267419,8/7/2012,5,3,4,1264,530.88,5586.88,Flagship store,Electronics,Computers
15481980901,272882,8/7/2012,4,1,5,1486,780.15,8210.15,e-Shop,Clothing,Mens
10209604945,273452,8/7/2012,11,6,5,552,289.8,3049.8,e-Shop,Home and kitchen,Children
42694020894,272638,8/7/2012,12,6,3,802,252.63,2658.63,e-Shop,Home and kitchen,Academic
71090450707,274930,8/7/2012,10,3,2,143,30.03,316.03,e-Shop,Electronics,Audio and video
70737494646,271690,8/7/2012,7,5,1,167,17.535,184.535,e-Shop,Books,Fiction
86945900993,272892,8/7/2012,4,4,2,311,65.31,687.31,TeleShop,Bags,Mens
41265948471,272704,7/7/2012,4,1,1,1005,105.525,1110.525,MBR,Clothing,Mens
52831142450,269511,7/7/2012,8,3,1,1392,146.16,1538.16,TeleShop,Electronics,Personal Appliances
59455934998,268946,7/7/2012,4,4,4,739,310.38,3266.38,e-Shop,Bags,Mens
58013854149,269367,7/7/2012,1,1,3,70,22.05,232.05,Flagship store,Clothing,Women
57993691881,274688,7/7/2012,5,3,5,490,257.25,2707.25,Flagship store,Electronics,Computers
43173980913,269577,7/7/2012,1,2,1,1290,135.45,1425.45,Flagship store,Footwear,Women
39847238562,267547,7/7/2012,7,5,4,103,43.26,455.26,TeleShop,Books,Fiction
14273323661,267084,7/7/2012,4,3,1,778,81.69,859.69,MBR,Electronics,Mens
39587778338,270156,7/7/2012,3,2,5,186,97.65,1027.65,e-Shop,Footwear,Kids
11724581825,270911,7/7/2012,10,3,4,769,322.98,3398.98,e-Shop,Electronics,Audio and video
25914373367,271900,7/7/2012,4,1,1,275,28.875,303.875,MBR,Clothing,Mens
1115149945,267748,7/7/2012,10,6,3,93,29.295,308.295,MBR,Home and kitchen,Audio and video
38297245499,269453,7/7/2012,10,5,1,1061,111.405,1172.405,Flagship store,Books,Audio and video
42366571816,271901,7/7/2012,5,3,5,295,154.875,1629.875,MBR,Electronics,Computers
31837007755,273400,7/7/2012,12,5,3,1351,425.565,4478.565,Flagship store,Books,Academic
7701919159,268842,7/7/2012,3,1,2,1197,251.37,2645.37,e-Shop,Clothing,Kids
32476548741,268493,7/7/2012,3,2,5,507,266.175,2801.175,MBR,Footwear,Kids
59016272754,275144,6/7/2012,3,5,2,717,150.57,1584.57,e-Shop,Books,Kids
11009484105,268842,6/7/2012,9,3,2,498,104.58,1100.58,Flagship store,Electronics,Cameras
5238564912,267891,6/7/2012,10,5,2,1300,273,2873,e-Shop,Books,Audio and video
36915559676,270884,6/7/2012,10,5,3,130,40.95,430.95,MBR,Books,Audio and video
12903107816,269250,6/7/2012,12,5,-2,-183,38.43,-404.43,Flagship store,Books,Academic
63140740915,274613,6/7/2012,4,3,4,567,238.14,2506.14,e-Shop,Electronics,Mens
40667399587,274156,6/7/2012,1,2,2,1414,296.94,3124.94,e-Shop,Footwear,Women
11303370536,269047,6/7/2012,11,6,3,1384,435.96,4587.96,e-Shop,Home and kitchen,Children
10088668079,269730,6/7/2012,1,1,1,665,69.825,734.825,MBR,Clothing,Women
5264099948,274042,6/7/2012,8,3,-2,-479,100.59,-1058.59,e-Shop,Electronics,Personal Appliances
37975951558,271721,6/7/2012,12,6,2,487,102.27,1076.27,Flagship store,Home and kitchen,Academic
12732162786,270337,6/7/2012,9,3,3,1490,469.35,4939.35,MBR,Electronics,Cameras
19476563900,270555,6/7/2012,1,1,3,440,138.6,1458.6,TeleShop,Clothing,Women
53794556137,274526,6/7/2012,3,1,3,742,233.73,2459.73,e-Shop,Clothing,Kids
42661284231,268858,6/7/2012,5,3,4,1303,547.26,5759.26,TeleShop,Electronics,Computers
52774404942,268744,6/7/2012,2,6,2,1199,251.79,2649.79,e-Shop,Home and kitchen,Furnishing
7282465535,271249,6/7/2012,3,2,3,997,314.055,3305.055,TeleShop,Footwear,Kids
69832685590,273428,6/7/2012,10,5,3,138,43.47,457.47,MBR,Books,Audio and video
70029332490,274320,6/7/2012,12,6,5,91,47.775,502.775,e-Shop,Home and kitchen,Academic
67312206869,267379,6/7/2012,2,6,2,243,51.03,537.03,e-Shop,Home and kitchen,Furnishing
87380620993,269053,6/7/2012,4,4,5,1316,690.9,7270.9,MBR,Bags,Mens
95745579066,268523,6/7/2012,4,2,4,615,258.3,2718.3,MBR,Footwear,Mens
72623930392,271473,6/7/2012,1,2,3,845,266.175,2801.175,e-Shop,Footwear,Women
81937534403,269337,6/7/2012,5,3,2,117,24.57,258.57,Flagship store,Electronics,Computers
74806811803,270087,6/7/2012,3,2,3,1417,446.355,4697.355,MBR,Footwear,Kids
54426502124,274019,5/7/2012,2,6,5,807,423.675,4458.675,e-Shop,Home and kitchen,Furnishing
57122215248,270583,5/7/2012,3,2,3,483,152.145,1601.145,TeleShop,Footwear,Kids
16523924189,270563,5/7/2012,12,5,1,469,49.245,518.245,MBR,Books,Academic
60748506961,267577,5/7/2012,6,5,4,372,156.24,1644.24,e-Shop,Books,DIY
36398984533,270059,5/7/2012,4,4,5,832,436.8,4596.8,TeleShop,Bags,Mens
49522509513,269962,5/7/2012,3,1,4,162,68.04,716.04,Flagship store,Clothing,Kids
19784362117,273621,5/7/2012,5,3,3,363,114.345,1203.345,TeleShop,Electronics,Computers
46401197969,274099,5/7/2012,8,3,3,637,200.655,2111.655,e-Shop,Electronics,Personal Appliances
49479039955,272308,5/7/2012,8,3,-3,-136,42.84,-450.84,TeleShop,Electronics,Personal Appliances
48264064229,267639,5/7/2012,4,1,3,398,125.37,1319.37,Flagship store,Clothing,Mens
55769706370,267681,5/7/2012,12,6,5,133,69.825,734.825,TeleShop,Home and kitchen,Academic
60526375306,269866,5/7/2012,6,5,1,919,96.495,1015.495,Flagship store,Books,DIY
34937246532,269479,5/7/2012,10,6,1,945,99.225,1044.225,e-Shop,Home and kitchen,Audio and video
89993957063,274462,5/7/2012,9,3,3,639,201.285,2118.285,e-Shop,Electronics,Cameras
75526748454,272431,5/7/2012,4,1,-3,-290,91.35,-961.35,TeleShop,Clothing,Mens
92849996301,270156,5/7/2012,7,5,4,1019,427.98,4503.98,e-Shop,Books,Fiction
66624573644,274653,5/7/2012,2,6,2,1499,314.79,3312.79,MBR,Home and kitchen,Furnishing
71533832122,271054,5/7/2012,3,2,3,1180,371.7,3911.7,e-Shop,Footwear,Kids
51359807387,267189,4/7/2012,9,3,1,316,33.18,349.18,e-Shop,Electronics,Cameras
36116271633,266966,4/7/2012,7,5,-5,-664,348.6,-3668.6,e-Shop,Books,Fiction
12247572231,269774,4/7/2012,12,5,4,1452,609.84,6417.84,e-Shop,Books,Academic
38391641271,271554,4/7/2012,12,5,4,114,47.88,503.88,e-Shop,Books,Academic
58160544337,274308,4/7/2012,12,5,5,588,308.7,3248.7,e-Shop,Books,Academic
39730299055,266809,4/7/2012,1,2,4,430,180.6,1900.6,MBR,Footwear,Women
2533099052,272969,4/7/2012,10,5,1,857,89.985,946.985,Flagship store,Books,Audio and video
69048645570,269848,4/7/2012,1,1,2,591,124.11,1306.11,e-Shop,Clothing,Women
66452401867,272919,4/7/2012,6,5,4,1322,555.24,5843.24,Flagship store,Books,DIY
81060827730,271635,4/7/2012,2,6,4,1346,565.32,5949.32,TeleShop,Home and kitchen,Furnishing
75557082445,270833,4/7/2012,10,5,3,525,165.375,1740.375,Flagship store,Books,Audio and video
94289244571,273562,4/7/2012,1,1,1,418,43.89,461.89,MBR,Clothing,Women
69067306746,272327,4/7/2012,10,5,5,609,319.725,3364.725,e-Shop,Books,Audio and video
25111198465,275173,3/7/2012,6,5,1,1252,131.46,1383.46,TeleShop,Books,DIY
16095780253,272521,3/7/2012,3,2,4,550,231,2431,Flagship store,Footwear,Kids
36764246538,271489,3/7/2012,2,6,2,810,170.1,1790.1,MBR,Home and kitchen,Furnishing
28319313505,270796,3/7/2012,1,2,3,1432,451.08,4747.08,TeleShop,Footwear,Women
40516440081,272938,3/7/2012,6,5,2,526,110.46,1162.46,TeleShop,Books,DIY
55171162730,269773,3/7/2012,10,5,4,1299,545.58,5741.58,e-Shop,Books,Audio and video
53702657431,267486,3/7/2012,7,5,5,278,145.95,1535.95,TeleShop,Books,Fiction
815922100,270324,3/7/2012,9,3,2,235,49.35,519.35,MBR,Electronics,Cameras
21187115255,269546,3/7/2012,4,4,-3,-591,186.165,-1959.165,e-Shop,Bags,Mens
96848707368,273845,3/7/2012,3,5,5,877,460.425,4845.425,TeleShop,Books,Kids
85891095480,268815,3/7/2012,6,5,2,1273,267.33,2813.33,e-Shop,Books,DIY
67445447535,273465,3/7/2012,2,6,5,951,499.275,5254.275,e-Shop,Home and kitchen,Furnishing
80045917429,269614,3/7/2012,4,3,1,986,103.53,1089.53,Flagship store,Electronics,Mens
88827302421,271538,3/7/2012,4,1,3,680,214.2,2254.2,e-Shop,Clothing,Mens
23860894808,272642,2/7/2012,4,2,1,733,76.965,809.965,Flagship store,Footwear,Mens
25433700538,272478,2/7/2012,11,5,1,891,93.555,984.555,e-Shop,Books,Children
28316700065,267228,2/7/2012,3,2,4,313,131.46,1383.46,e-Shop,Footwear,Kids
35572979303,269236,2/7/2012,10,5,-5,-1287,675.675,-7110.675,Flagship store,Books,Audio and video
41565476064,269511,2/7/2012,11,6,2,1034,217.14,2285.14,MBR,Home and kitchen,Children
26053656125,271916,2/7/2012,12,6,4,1128,473.76,4985.76,Flagship store,Home and kitchen,Academic
43930456691,270906,2/7/2012,10,3,-3,-1414,445.41,-4687.41,e-Shop,Electronics,Audio and video
6627008054,272371,2/7/2012,3,1,3,1248,393.12,4137.12,e-Shop,Clothing,Kids
56313514689,271512,2/7/2012,10,5,-1,-1173,123.165,-1296.165,e-Shop,Books,Audio and video
9439250451,271554,2/7/2012,10,5,1,1109,116.445,1225.445,Flagship store,Books,Audio and video
38508720507,274306,2/7/2012,6,5,-3,-1460,459.9,-4839.9,Flagship store,Books,DIY
2896795395,271102,2/7/2012,1,2,3,882,277.83,2923.83,Flagship store,Footwear,Women
73535548023,267452,2/7/2012,5,3,-1,-1320,138.6,-1458.6,TeleShop,Electronics,Computers
75526748454,272431,2/7/2012,4,1,3,290,91.35,961.35,TeleShop,Clothing,Mens
64158949174,274010,2/7/2012,11,6,1,324,34.02,358.02,MBR,Home and kitchen,Children
67107351803,273829,2/7/2012,9,3,3,895,281.925,2966.925,Flagship store,Electronics,Cameras
83856622250,274205,2/7/2012,4,3,1,1238,129.99,1367.99,MBR,Electronics,Mens
66360189155,269267,2/7/2012,11,5,5,884,464.1,4884.1,MBR,Books,Children
76470236460,272822,2/7/2012,11,6,5,738,387.45,4077.45,MBR,Home and kitchen,Children
97398441484,274500,2/7/2012,3,5,5,209,109.725,1154.725,e-Shop,Books,Kids
28840913929,270279,1/7/2012,12,6,2,1465,307.65,3237.65,Flagship store,Home and kitchen,Academic
49016382490,269235,1/7/2012,6,5,1,1438,150.99,1588.99,MBR,Books,DIY
12510459072,271855,1/7/2012,1,1,3,1207,380.205,4001.205,Flagship store,Clothing,Women
12903107816,269250,1/7/2012,12,5,2,183,38.43,404.43,Flagship store,Books,Academic
25997314386,269988,1/7/2012,8,3,5,655,343.875,3618.875,e-Shop,Electronics,Personal Appliances
43930456691,270906,1/7/2012,10,3,3,1414,445.41,4687.41,e-Shop,Electronics,Audio and video
13303816179,270071,1/7/2012,4,1,-4,-1300,546,-5746,TeleShop,Clothing,Mens
4290937811,272118,1/7/2012,9,3,5,1184,621.6,6541.6,MBR,Electronics,Cameras
28895103260,272437,1/7/2012,11,5,3,1043,328.545,3457.545,e-Shop,Books,Children
30631039123,267084,1/7/2012,2,6,3,1477,465.255,4896.255,MBR,Home and kitchen,Furnishing
30730672087,274880,1/7/2012,4,2,2,566,118.86,1250.86,e-Shop,Footwear,Mens
44262548097,270850,1/7/2012,5,3,3,981,309.015,3252.015,e-Shop,Electronics,Computers
88333660697,268012,1/7/2012,1,1,3,557,175.455,1846.455,MBR,Clothing,Women
79185451062,274811,1/7/2012,1,2,-4,-1164,488.88,-5144.88,Flagship store,Footwear,Women
88569969313,269573,1/7/2012,11,5,2,1229,258.09,2716.09,e-Shop,Books,Children
79527990288,266785,1/7/2012,1,2,3,1068,336.42,3540.42,Flagship store,Footwear,Women
88351992169,268339,1/7/2012,9,3,3,742,233.73,2459.73,e-Shop,Electronics,Cameras
81703246672,271298,1/7/2012,3,5,4,907,380.94,4008.94,MBR,Books,Kids
77594335520,272136,1/7/2012,8,3,1,907,95.235,1002.235,e-Shop,Electronics,Personal Appliances
81368842573,270918,1/7/2012,4,2,4,990,415.8,4375.8,e-Shop,Footwear,Mens
77925315349,269387,1/7/2012,10,6,2,1432,300.72,3164.72,MBR,Home and kitchen,Audio and video
87742024561,267207,1/7/2012,4,4,-4,-1276,535.92,-5639.92,e-Shop,Bags,Mens
45326870356,269798,30-06-2012,4,3,-4,-1323,555.66,-5847.66,e-Shop,Electronics,Mens
56313514689,271512,30-06-2012,10,5,1,1173,123.165,1296.165,e-Shop,Books,Audio and video
5599275677,267662,30-06-2012,10,5,3,463,145.845,1534.845,MBR,Books,Audio and video
5186588957,267883,30-06-2012,4,1,4,482,202.44,2130.44,e-Shop,Clothing,Mens
5740576424,274525,30-06-2012,9,3,1,1321,138.705,1459.705,MBR,Electronics,Cameras
43822841943,269253,30-06-2012,4,3,3,627,197.505,2078.505,e-Shop,Electronics,Mens
39183537651,271958,30-06-2012,10,6,5,1097,575.925,6060.925,Flagship store,Home and kitchen,Audio and video
15809469638,270912,30-06-2012,9,3,3,803,252.945,2661.945,MBR,Electronics,Cameras
38508720507,274306,30-06-2012,6,5,3,1460,459.9,4839.9,Flagship store,Books,DIY
24167644080,271470,30-06-2012,5,3,4,1069,448.98,4724.98,Flagship store,Electronics,Computers
14422440357,272615,30-06-2012,4,2,2,767,161.07,1695.07,Flagship store,Footwear,Mens
14532489987,269189,30-06-2012,10,6,2,1256,263.76,2775.76,TeleShop,Home and kitchen,Audio and video
20269731189,269046,30-06-2012,8,3,2,1181,248.01,2610.01,Flagship store,Electronics,Personal Appliances
31571078540,267324,30-06-2012,12,5,5,1024,537.6,5657.6,e-Shop,Books,Academic
54118409917,270164,30-06-2012,3,5,4,774,325.08,3421.08,Flagship store,Books,Kids
18756380520,271862,30-06-2012,10,3,1,484,50.82,534.82,TeleShop,Electronics,Audio and video
64276963465,274056,30-06-2012,3,5,3,1231,387.765,4080.765,e-Shop,Books,Kids
73467824391,270716,30-06-2012,4,4,-4,-1114,467.88,-4923.88,Flagship store,Bags,Mens
89108617554,268758,30-06-2012,3,5,4,874,367.08,3863.08,TeleShop,Books,Kids
74384092568,273603,30-06-2012,3,5,5,1288,676.2,7116.2,e-Shop,Books,Kids
32248305101,269237,29-06-2012,10,3,2,1230,258.3,2718.3,e-Shop,Electronics,Audio and video
18966416973,270526,29-06-2012,1,1,4,749,314.58,3310.58,Flagship store,Clothing,Women
24122837748,269485,29-06-2012,1,2,2,886,186.06,1958.06,MBR,Footwear,Women
34575261591,272317,29-06-2012,10,6,5,203,106.575,1121.575,TeleShop,Home and kitchen,Audio and video
34892939554,271629,29-06-2012,4,2,2,1100,231,2431,e-Shop,Footwear,Mens
37766361283,271428,29-06-2012,11,5,1,1213,127.365,1340.365,MBR,Books,Children
21270532754,270433,29-06-2012,8,3,1,1003,105.315,1108.315,e-Shop,Electronics,Personal Appliances
31608760179,271340,29-06-2012,4,4,5,1126,591.15,6221.15,Flagship store,Bags,Mens
7530927661,269313,29-06-2012,5,3,5,814,427.35,4497.35,MBR,Electronics,Computers
57823346039,267272,29-06-2012,5,3,4,1189,499.38,5255.38,e-Shop,Electronics,Computers
5255606755,272645,29-06-2012,8,3,4,1453,610.26,6422.26,TeleShop,Electronics,Personal Appliances
15672099240,271744,29-06-2012,3,5,3,1156,364.14,3832.14,e-Shop,Books,Kids
23176812880,268392,29-06-2012,7,5,-1,-1464,153.72,-1617.72,e-Shop,Books,Fiction
27203149076,271092,29-06-2012,4,4,5,331,173.775,1828.775,MBR,Bags,Mens
23284399960,273730,29-06-2012,4,3,5,333,174.825,1839.825,TeleShop,Electronics,Mens
53386199821,274653,29-06-2012,8,3,-3,-393,123.795,-1302.795,Flagship store,Electronics,Personal Appliances
51693380485,270103,29-06-2012,4,2,1,957,100.485,1057.485,e-Shop,Footwear,Mens
95546017245,267099,29-06-2012,2,6,1,800,84,884,MBR,Home and kitchen,Furnishing
63270984623,269277,29-06-2012,12,6,4,1278,536.76,5648.76,e-Shop,Home and kitchen,Academic
80567396860,269916,29-06-2012,11,5,1,638,66.99,704.99,TeleShop,Books,Children
85691600605,272933,29-06-2012,9,3,5,1105,580.125,6105.125,Flagship store,Electronics,Cameras
96022343023,268934,29-06-2012,1,2,-5,-860,451.5,-4751.5,e-Shop,Footwear,Women
90678008601,269679,29-06-2012,11,5,5,696,365.4,3845.4,TeleShop,Books,Children
78371516927,271626,29-06-2012,11,5,3,1022,321.93,3387.93,TeleShop,Books,Children
70322526944,273761,29-06-2012,7,5,-1,-547,57.435,-604.435,Flagship store,Books,Fiction
35084658839,270030,28-06-2012,10,5,1,139,14.595,153.595,e-Shop,Books,Audio and video
25044564554,266794,28-06-2012,3,2,3,1137,358.155,3769.155,e-Shop,Footwear,Kids
5264099948,274042,28-06-2012,8,3,2,479,100.59,1058.59,e-Shop,Electronics,Personal Appliances
34022199047,274523,28-06-2012,1,4,5,1054,553.35,5823.35,e-Shop,Bags,Women
20334194919,270284,28-06-2012,4,1,4,1017,427.14,4495.14,Flagship store,Clothing,Mens
18685749285,268802,28-06-2012,4,1,5,194,101.85,1071.85,e-Shop,Clothing,Mens
37299117162,268523,28-06-2012,11,5,3,96,30.24,318.24,MBR,Books,Children
49479039955,272308,28-06-2012,8,3,3,136,42.84,450.84,TeleShop,Electronics,Personal Appliances
47950513561,274941,28-06-2012,1,1,1,1200,126,1326,e-Shop,Clothing,Women
24505075624,270494,28-06-2012,4,1,1,986,103.53,1089.53,MBR,Clothing,Mens
80993692031,267151,28-06-2012,4,4,5,1190,624.75,6574.75,e-Shop,Bags,Mens
90682964713,273311,28-06-2012,2,6,2,646,135.66,1427.66,Flagship store,Home and kitchen,Furnishing
89648451394,274003,28-06-2012,11,6,5,768,403.2,4243.2,TeleShop,Home and kitchen,Children
73390448156,267401,28-06-2012,4,4,4,312,131.04,1379.04,TeleShop,Bags,Mens
79184031081,268223,28-06-2012,3,2,4,1313,551.46,5803.46,Flagship store,Footwear,Kids
79185451062,274811,28-06-2012,1,2,4,1164,488.88,5144.88,Flagship store,Footwear,Women
96022343023,268934,28-06-2012,1,2,-5,-860,451.5,-4751.5,e-Shop,Footwear,Women
63931774903,269470,28-06-2012,3,5,2,1157,242.97,2556.97,Flagship store,Books,Kids
65033016183,270184,28-06-2012,11,5,3,226,71.19,749.19,e-Shop,Books,Children
67898737761,269310,28-06-2012,1,4,3,1342,422.73,4448.73,Flagship store,Bags,Women
78653715700,270080,28-06-2012,6,5,2,375,78.75,828.75,e-Shop,Books,DIY
37978310449,270039,27-06-2012,4,4,3,521,164.115,1727.115,e-Shop,Bags,Mens
3162168323,270520,27-06-2012,4,1,4,881,370.02,3894.02,e-Shop,Clothing,Mens
54375338846,273950,27-06-2012,1,1,2,874,183.54,1931.54,Flagship store,Clothing,Women
38191329307,270164,27-06-2012,12,6,4,692,290.64,3058.64,e-Shop,Home and kitchen,Academic
43334400196,270150,27-06-2012,12,5,3,1355,426.825,4491.825,e-Shop,Books,Academic
5568279375,274189,27-06-2012,1,2,2,1500,315,3315,MBR,Footwear,Women
11550884717,267139,27-06-2012,7,5,1,497,52.185,549.185,TeleShop,Books,Fiction
47240117305,268758,27-06-2012,4,3,1,489,51.345,540.345,e-Shop,Electronics,Mens
50762837818,269394,27-06-2012,12,6,5,641,336.525,3541.525,e-Shop,Home and kitchen,Academic
2434383162,273373,27-06-2012,9,3,4,1323,555.66,5847.66,e-Shop,Electronics,Cameras
42342833445,272591,27-06-2012,12,6,3,855,269.325,2834.325,e-Shop,Home and kitchen,Academic
85019954535,270453,27-06-2012,10,6,1,1368,143.64,1511.64,MBR,Home and kitchen,Audio and video
77289689260,273233,27-06-2012,1,2,3,702,221.13,2327.13,MBR,Footwear,Women
77771342797,272813,27-06-2012,3,5,2,1236,259.56,2731.56,TeleShop,Books,Kids
90869908087,267214,27-06-2012,7,5,-2,-1334,280.14,-2948.14,e-Shop,Books,Fiction
94055041067,271047,27-06-2012,7,5,5,1408,739.2,7779.2,e-Shop,Books,Fiction
88207712949,267712,27-06-2012,2,6,3,278,87.57,921.57,MBR,Home and kitchen,Furnishing
90847036640,266896,27-06-2012,1,4,3,695,218.925,2303.925,TeleShop,Bags,Women
83488012599,274915,27-06-2012,1,2,4,928,389.76,4101.76,Flagship store,Footwear,Women
88472574312,270928,27-06-2012,4,4,2,1131,237.51,2499.51,e-Shop,Bags,Mens
41374310153,269792,26-06-2012,12,5,3,1257,395.955,4166.955,Flagship store,Books,Academic
50900570458,273391,26-06-2012,11,5,-5,-234,122.85,-1292.85,e-Shop,Books,Children
6881653762,267547,26-06-2012,8,3,1,154,16.17,170.17,e-Shop,Electronics,Personal Appliances
5645046000,268090,26-06-2012,11,5,1,1076,112.98,1188.98,e-Shop,Books,Children
17289184475,275136,26-06-2012,4,2,1,1286,135.03,1421.03,MBR,Footwear,Mens
21244957907,269095,26-06-2012,4,3,4,1371,575.82,6059.82,Flagship store,Electronics,Mens
35476905420,271707,26-06-2012,4,4,2,510,107.1,1127.1,Flagship store,Bags,Mens
18622441018,273682,26-06-2012,7,5,4,780,327.6,3447.6,e-Shop,Books,Fiction
43956382407,269500,26-06-2012,8,3,3,146,45.99,483.99,e-Shop,Electronics,Personal Appliances
24183769537,268026,26-06-2012,8,3,2,351,73.71,775.71,MBR,Electronics,Personal Appliances
53501978903,270233,26-06-2012,11,6,3,1408,443.52,4667.52,e-Shop,Home and kitchen,Children
57392232384,273931,26-06-2012,9,3,5,1478,775.95,8165.95,Flagship store,Electronics,Cameras
19146570117,267991,26-06-2012,1,2,3,101,31.815,334.815,Flagship store,Footwear,Women
23459013874,272101,26-06-2012,4,2,2,1273,267.33,2813.33,TeleShop,Footwear,Mens
50521458597,269506,26-06-2012,11,6,-1,-1389,145.845,-1534.845,TeleShop,Home and kitchen,Children
42893448889,270424,26-06-2012,4,4,1,1381,145.005,1526.005,TeleShop,Bags,Mens
86328401114,268786,26-06-2012,12,6,1,101,10.605,111.605,Flagship store,Home and kitchen,Academic
77500763380,268639,26-06-2012,3,5,5,1244,653.1,6873.1,MBR,Books,Kids
84661369366,270669,26-06-2012,6,5,1,1418,148.89,1566.89,Flagship store,Books,DIY
63215742391,270623,26-06-2012,5,3,5,1268,665.7,7005.7,TeleShop,Electronics,Computers
95374935506,272808,26-06-2012,4,3,3,395,124.425,1309.425,e-Shop,Electronics,Mens
87742024561,267207,26-06-2012,4,4,4,1276,535.92,5639.92,e-Shop,Bags,Mens
73535548023,267452,26-06-2012,5,3,1,1320,138.6,1458.6,TeleShop,Electronics,Computers
90905620050,267324,26-06-2012,1,1,-3,-665,209.475,-2204.475,e-Shop,Clothing,Women
49868380884,272427,25-06-2012,1,2,5,1095,574.875,6049.875,TeleShop,Footwear,Women
54147587001,273856,25-06-2012,10,6,2,639,134.19,1412.19,TeleShop,Home and kitchen,Audio and video
44533172218,271726,25-06-2012,8,3,1,572,60.06,632.06,e-Shop,Electronics,Personal Appliances
33847715031,269679,25-06-2012,10,5,3,1020,321.3,3381.3,TeleShop,Books,Audio and video
12354699521,267527,25-06-2012,1,2,5,1293,678.825,7143.825,Flagship store,Footwear,Women
14366430111,275040,25-06-2012,10,3,2,1015,213.15,2243.15,Flagship store,Electronics,Audio and video
13006785237,274541,25-06-2012,5,3,5,498,261.45,2751.45,e-Shop,Electronics,Computers
46692172143,271733,25-06-2012,12,6,1,707,74.235,781.235,e-Shop,Home and kitchen,Academic
16088166944,272645,25-06-2012,2,6,2,1402,294.42,3098.42,MBR,Home and kitchen,Furnishing
25158064899,267183,25-06-2012,3,5,3,774,243.81,2565.81,MBR,Books,Kids
47902563996,268337,25-06-2012,7,5,2,483,101.43,1067.43,e-Shop,Books,Fiction
96022343023,268934,25-06-2012,1,2,5,860,451.5,4751.5,e-Shop,Footwear,Women
82243712887,270074,25-06-2012,4,1,1,1370,143.85,1513.85,MBR,Clothing,Mens
70161617928,269051,25-06-2012,4,1,5,1119,587.475,6182.475,e-Shop,Clothing,Mens
85091129075,270971,25-06-2012,12,5,3,777,244.755,2575.755,e-Shop,Books,Academic
76799312603,272757,25-06-2012,4,1,2,1405,295.05,3105.05,TeleShop,Clothing,Mens
21187115255,269546,24-06-2012,4,4,3,591,186.165,1959.165,e-Shop,Bags,Mens
20764422703,267812,24-06-2012,9,3,-5,-191,100.275,-1055.275,e-Shop,Electronics,Cameras
21638410802,267864,24-06-2012,3,2,4,960,403.2,4243.2,MBR,Footwear,Kids
35572979303,269236,24-06-2012,10,5,5,1287,675.675,7110.675,Flagship store,Books,Audio and video
10790535372,268776,24-06-2012,3,1,2,718,150.78,1586.78,MBR,Clothing,Kids
10691660194,270586,24-06-2012,3,2,1,805,84.525,889.525,e-Shop,Footwear,Kids
47904039119,274452,24-06-2012,7,5,4,1010,424.2,4464.2,Flagship store,Books,Fiction
1582746732,270140,24-06-2012,3,5,1,641,67.305,708.305,Flagship store,Books,Kids
39115446636,270770,24-06-2012,10,5,3,475,149.625,1574.625,TeleShop,Books,Audio and video
36116271633,266966,24-06-2012,7,5,5,664,348.6,3668.6,e-Shop,Books,Fiction
3504678988,267714,24-06-2012,3,2,2,613,128.73,1354.73,e-Shop,Footwear,Kids
48484644344,272212,24-06-2012,3,2,1,472,49.56,521.56,Flagship store,Footwear,Kids
37329406117,268089,24-06-2012,6,5,2,340,71.4,751.4,TeleShop,Books,DIY
8897722309,269088,24-06-2012,6,5,2,647,135.87,1429.87,Flagship store,Books,DIY
56585399695,269879,24-06-2012,4,4,-5,-1188,623.7,-6563.7,e-Shop,Bags,Mens
29860677588,271775,24-06-2012,11,6,5,1435,753.375,7928.375,Flagship store,Home and kitchen,Children
76818385508,268472,24-06-2012,3,5,1,1254,131.67,1385.67,e-Shop,Books,Kids
77684691475,270398,24-06-2012,4,2,2,99,20.79,218.79,Flagship store,Footwear,Mens
95806443923,269068,24-06-2012,1,2,5,1232,646.8,6806.8,e-Shop,Footwear,Women
90905620050,267324,24-06-2012,1,1,-3,-665,209.475,-2204.475,e-Shop,Clothing,Women
90869908087,267214,24-06-2012,7,5,2,1334,280.14,2948.14,e-Shop,Books,Fiction
96226715775,274986,24-06-2012,1,2,4,218,91.56,963.56,Flagship store,Footwear,Women
44151488678,273310,23-06-2012,6,5,-3,-802,252.63,-2658.63,TeleShop,Books,DIY
53891002102,271314,23-06-2012,3,5,5,774,406.35,4276.35,TeleShop,Books,Kids
45326870356,269798,23-06-2012,4,3,4,1323,555.66,5847.66,e-Shop,Electronics,Mens
40800404578,268479,23-06-2012,9,3,5,1468,770.7,8110.7,e-Shop,Electronics,Cameras
13303816179,270071,23-06-2012,4,1,4,1300,546,5746,TeleShop,Clothing,Mens
27395442110,272803,23-06-2012,8,3,3,131,41.265,434.265,TeleShop,Electronics,Personal Appliances
59347249270,274798,23-06-2012,2,6,1,1229,129.045,1358.045,e-Shop,Home and kitchen,Furnishing
25039011325,271818,23-06-2012,5,3,2,1302,273.42,2877.42,TeleShop,Electronics,Computers
61100040052,268571,23-06-2012,5,3,3,98,30.87,324.87,e-Shop,Electronics,Computers
89341244316,269607,23-06-2012,9,3,5,1308,686.7,7226.7,TeleShop,Electronics,Cameras
70322526944,273761,23-06-2012,7,5,1,547,57.435,604.435,Flagship store,Books,Fiction
71990994962,269013,23-06-2012,11,5,2,789,165.69,1743.69,Flagship store,Books,Children
80552691761,273440,23-06-2012,4,1,2,1260,264.6,2784.6,e-Shop,Clothing,Mens
65041963221,273372,23-06-2012,6,5,1,729,76.545,805.545,e-Shop,Books,DIY
83374367190,267831,23-06-2012,8,3,3,1133,356.895,3755.895,Flagship store,Electronics,Personal Appliances
94923293600,274539,23-06-2012,4,1,2,1033,216.93,2282.93,MBR,Clothing,Mens
89910456015,274281,23-06-2012,3,1,2,814,170.94,1798.94,e-Shop,Clothing,Kids
9645860585,269165,22-06-2012,11,5,1,141,14.805,155.805,MBR,Books,Children
33826088119,271283,22-06-2012,10,5,2,602,126.42,1330.42,e-Shop,Books,Audio and video
34439935592,271718,22-06-2012,10,3,4,965,405.3,4265.3,Flagship store,Electronics,Audio and video
44651233622,271077,22-06-2012,4,3,5,1372,720.3,7580.3,Flagship store,Electronics,Mens
60016334306,274507,22-06-2012,4,4,1,139,14.595,153.595,e-Shop,Bags,Mens
30395695659,275190,22-06-2012,10,3,3,484,152.46,1604.46,MBR,Electronics,Audio and video
28123405170,267256,22-06-2012,3,2,2,1369,287.49,3025.49,Flagship store,Footwear,Kids
6206677069,270930,22-06-2012,1,4,5,1082,568.05,5978.05,e-Shop,Bags,Women
45746895568,272831,22-06-2012,11,6,2,836,175.56,1847.56,e-Shop,Home and kitchen,Children
42584381402,270625,22-06-2012,1,1,5,1371,719.775,7574.775,TeleShop,Clothing,Women
18662545299,275117,22-06-2012,3,1,4,1115,468.3,4928.3,e-Shop,Clothing,Kids
73467824391,270716,22-06-2012,4,4,4,1114,467.88,4923.88,Flagship store,Bags,Mens
80743617795,269736,22-06-2012,3,5,4,701,294.42,3098.42,e-Shop,Books,Kids
97747593924,268663,22-06-2012,3,1,1,128,13.44,141.44,e-Shop,Clothing,Kids
84640554923,267743,22-06-2012,4,1,2,579,121.59,1279.59,TeleShop,Clothing,Mens
90905620050,267324,22-06-2012,1,1,3,665,209.475,2204.475,e-Shop,Clothing,Women
71666625815,268199,22-06-2012,3,5,1,821,86.205,907.205,Flagship store,Books,Kids
17233151826,274182,21-06-2012,11,6,2,538,112.98,1188.98,e-Shop,Home and kitchen,Children
13147305211,270772,21-06-2012,1,1,4,211,88.62,932.62,MBR,Clothing,Women
36017674612,269058,21-06-2012,12,6,5,1420,745.5,7845.5,MBR,Home and kitchen,Academic
47628357456,269665,21-06-2012,9,3,4,237,99.54,1047.54,TeleShop,Electronics,Cameras
20763995174,275138,21-06-2012,11,5,3,601,189.315,1992.315,MBR,Books,Children
13481193247,267395,21-06-2012,4,2,4,192,80.64,848.64,e-Shop,Footwear,Mens
12413269983,268482,21-06-2012,4,2,4,1421,596.82,6280.82,TeleShop,Footwear,Mens
13819332818,273906,21-06-2012,11,5,3,556,175.14,1843.14,e-Shop,Books,Children
56991873515,271565,21-06-2012,11,6,3,779,245.385,2582.385,e-Shop,Home and kitchen,Children
20764422703,267812,21-06-2012,9,3,5,191,100.275,1055.275,e-Shop,Electronics,Cameras
90372853130,269541,21-06-2012,11,5,3,131,41.265,434.265,Flagship store,Books,Children
79044810045,274200,21-06-2012,9,3,5,183,96.075,1011.075,Flagship store,Electronics,Cameras
72326288727,272615,21-06-2012,5,3,3,514,161.91,1703.91,TeleShop,Electronics,Computers
95819621244,270416,21-06-2012,4,1,-4,-605,254.1,-2674.1,e-Shop,Clothing,Mens
67823146076,270074,21-06-2012,7,5,4,1105,464.1,4884.1,TeleShop,Books,Fiction
79745730926,272194,21-06-2012,9,3,4,82,34.44,362.44,Flagship store,Electronics,Cameras
66597594359,269957,21-06-2012,4,3,4,321,134.82,1418.82,e-Shop,Electronics,Mens
96262731600,267149,21-06-2012,1,1,4,1375,577.5,6077.5,e-Shop,Clothing,Women
9701527006,266883,20-06-2012,5,3,2,747,156.87,1650.87,MBR,Electronics,Computers
15522218685,268484,20-06-2012,4,4,4,651,273.42,2877.42,Flagship store,Bags,Mens
28937062030,269613,20-06-2012,10,3,5,382,200.55,2110.55,Flagship store,Electronics,Audio and video
26808721048,274093,20-06-2012,2,6,3,1055,332.325,3497.325,e-Shop,Home and kitchen,Furnishing
53386199821,274653,20-06-2012,8,3,3,393,123.795,1302.795,Flagship store,Electronics,Personal Appliances
58769703802,269909,20-06-2012,12,5,2,901,189.21,1991.21,TeleShop,Books,Academic
34544026852,271584,20-06-2012,1,1,3,897,282.555,2973.555,Flagship store,Clothing,Women
31835668755,269232,20-06-2012,4,1,5,809,424.725,4469.725,Flagship store,Clothing,Mens
10343132036,275241,20-06-2012,7,5,1,1369,143.745,1512.745,e-Shop,Books,Fiction
33393783163,274244,20-06-2012,1,1,3,1260,396.9,4176.9,Flagship store,Clothing,Women
59994218369,273495,20-06-2012,4,1,5,1244,653.1,6873.1,Flagship store,Clothing,Mens
50521458597,269506,20-06-2012,11,6,1,1389,145.845,1534.845,TeleShop,Home and kitchen,Children
7871234248,270870,20-06-2012,4,3,2,1346,282.66,2974.66,e-Shop,Electronics,Mens
6808007772,270748,20-06-2012,1,4,5,479,251.475,2646.475,e-Shop,Bags,Women
47690730932,267951,20-06-2012,11,6,5,327,171.675,1806.675,e-Shop,Home and kitchen,Children
22946202873,269503,20-06-2012,7,5,3,922,290.43,3056.43,MBR,Books,Fiction
3182141197,267000,20-06-2012,3,2,2,683,143.43,1509.43,Flagship store,Footwear,Kids
89302490823,272050,20-06-2012,4,1,4,1467,616.14,6484.14,e-Shop,Clothing,Mens
93384355583,272295,20-06-2012,3,5,2,937,196.77,2070.77,e-Shop,Books,Kids
91311791776,273005,20-06-2012,9,3,2,540,113.4,1193.4,TeleShop,Electronics,Cameras
95350689214,267247,20-06-2012,6,5,5,235,123.375,1298.375,MBR,Books,DIY
99730167840,273334,20-06-2012,12,5,-5,-1309,687.225,-7232.225,MBR,Books,Academic
98461793828,268795,20-06-2012,11,5,3,1191,375.165,3948.165,TeleShop,Books,Children
36004814838,274366,19-06-2012,10,5,2,718,150.78,1586.78,e-Shop,Books,Audio and video
5048951310,270709,19-06-2012,10,5,4,249,104.58,1100.58,TeleShop,Books,Audio and video
51828535575,269407,19-06-2012,11,6,4,600,252,2652,e-Shop,Home and kitchen,Children
24542992161,273153,19-06-2012,10,6,4,1218,511.56,5383.56,Flagship store,Home and kitchen,Audio and video
22347154931,268951,19-06-2012,4,3,2,240,50.4,530.4,Flagship store,Electronics,Mens
31206389346,272484,19-06-2012,4,3,2,785,164.85,1734.85,Flagship store,Electronics,Mens
50900570458,273391,19-06-2012,11,5,5,234,122.85,1292.85,e-Shop,Books,Children
23176812880,268392,19-06-2012,7,5,1,1464,153.72,1617.72,e-Shop,Books,Fiction
35676220818,268857,19-06-2012,10,3,3,707,222.705,2343.705,e-Shop,Electronics,Audio and video
6958982349,272837,19-06-2012,1,2,4,149,62.58,658.58,MBR,Footwear,Women
19769155351,267081,19-06-2012,12,5,-5,-327,171.675,-1806.675,e-Shop,Books,Academic
92187121975,274415,19-06-2012,5,3,-5,-1440,756,-7956,MBR,Electronics,Computers
71121362853,270606,19-06-2012,5,3,-5,-1370,719.25,-7569.25,e-Shop,Electronics,Computers
77723873139,267808,19-06-2012,3,2,-4,-242,101.64,-1069.64,e-Shop,Footwear,Kids
95370784452,271485,19-06-2012,1,1,5,188,98.7,1038.7,TeleShop,Clothing,Women
93958522592,271260,19-06-2012,1,1,3,1102,347.13,3653.13,e-Shop,Clothing,Women
78764350056,272559,19-06-2012,10,6,3,821,258.615,2721.615,e-Shop,Home and kitchen,Audio and video
69178909825,270042,19-06-2012,10,3,4,979,411.18,4327.18,MBR,Electronics,Audio and video
80322621901,267119,19-06-2012,4,3,1,250,26.25,276.25,e-Shop,Electronics,Mens
65375298613,270182,19-06-2012,12,5,5,914,479.85,5049.85,TeleShop,Books,Academic
61750654054,268087,18-06-2012,4,1,1,1205,126.525,1331.525,TeleShop,Clothing,Mens
55027319799,269208,18-06-2012,10,5,3,480,151.2,1591.2,MBR,Books,Audio and video
2812852265,271717,18-06-2012,4,4,5,504,264.6,2784.6,e-Shop,Bags,Mens
37289405148,268351,18-06-2012,1,2,1,662,69.51,731.51,e-Shop,Footwear,Women
56585399695,269879,18-06-2012,4,4,5,1188,623.7,6563.7,e-Shop,Bags,Mens
2765480717,271103,18-06-2012,9,3,4,1331,559.02,5883.02,MBR,Electronics,Cameras
54565720016,273383,18-06-2012,4,3,2,1449,304.29,3202.29,e-Shop,Electronics,Mens
25942946914,270768,18-06-2012,1,1,5,596,312.9,3292.9,e-Shop,Clothing,Women
11999444239,268052,18-06-2012,1,1,2,1324,278.04,2926.04,Flagship store,Clothing,Women
11934453506,275179,18-06-2012,1,1,3,1345,423.675,4458.675,MBR,Clothing,Women
97095291921,273536,18-06-2012,1,4,3,390,122.85,1292.85,e-Shop,Bags,Women
99542368694,267752,18-06-2012,3,2,1,290,30.45,320.45,e-Shop,Footwear,Kids
97811599756,267528,18-06-2012,7,5,4,863,362.46,3814.46,MBR,Books,Fiction
25628207054,268108,17-06-2012,3,5,3,1338,421.47,4435.47,e-Shop,Books,Kids
3576694813,268489,17-06-2012,4,2,1,858,90.09,948.09,MBR,Footwear,Mens
45393044780,267241,17-06-2012,12,5,2,1043,219.03,2305.03,e-Shop,Books,Academic
23664022876,271823,17-06-2012,1,4,4,1136,477.12,5021.12,Flagship store,Bags,Women
17388959908,274035,17-06-2012,3,5,4,1101,462.42,4866.42,e-Shop,Books,Kids
33125121093,273503,17-06-2012,12,6,3,1068,336.42,3540.42,TeleShop,Home and kitchen,Academic
24183767221,267798,17-06-2012,6,5,3,885,278.775,2933.775,TeleShop,Books,DIY
35538797655,268266,17-06-2012,6,5,-3,-1254,395.01,-4157.01,MBR,Books,DIY
44745991121,273300,17-06-2012,3,5,4,958,402.36,4234.36,e-Shop,Books,Kids
83365228731,267665,17-06-2012,3,5,1,728,76.44,804.44,MBR,Books,Kids
66047385817,272532,17-06-2012,3,1,2,1247,261.87,2755.87,TeleShop,Clothing,Kids
72317762979,271224,17-06-2012,7,5,2,735,154.35,1624.35,e-Shop,Books,Fiction
73438231254,273193,17-06-2012,4,4,4,159,66.78,702.78,e-Shop,Bags,Mens
74632907039,271055,17-06-2012,3,2,5,1277,670.425,7055.425,e-Shop,Footwear,Kids
78746175362,273440,17-06-2012,1,4,3,855,269.325,2834.325,TeleShop,Bags,Women
93227248202,273500,17-06-2012,3,2,3,1125,354.375,3729.375,TeleShop,Footwear,Kids
80974646431,270555,17-06-2012,2,6,3,747,235.305,2476.305,e-Shop,Home and kitchen,Furnishing
15959704269,275119,16-06-2012,3,1,1,1391,146.055,1537.055,TeleShop,Clothing,Kids
40297132296,269721,16-06-2012,3,5,-1,-599,62.895,-661.895,e-Shop,Books,Kids
30805225815,269672,16-06-2012,4,1,-1,-333,34.965,-367.965,e-Shop,Clothing,Mens
11035657842,271764,16-06-2012,2,6,5,314,164.85,1734.85,e-Shop,Home and kitchen,Furnishing
7335085718,270752,16-06-2012,11,6,5,391,205.275,2160.275,e-Shop,Home and kitchen,Children
29629801186,267968,16-06-2012,5,3,4,360,151.2,1591.2,MBR,Electronics,Computers
731471512,267110,16-06-2012,4,1,5,714,374.85,3944.85,MBR,Clothing,Mens
3045300861,270181,16-06-2012,11,5,1,559,58.695,617.695,TeleShop,Books,Children
7604678966,272261,16-06-2012,3,5,5,198,103.95,1093.95,MBR,Books,Kids
37055718022,267480,16-06-2012,3,2,4,338,141.96,1493.96,MBR,Footwear,Kids
12417771779,273203,16-06-2012,1,1,2,617,129.57,1363.57,MBR,Clothing,Women
12343985698,274364,16-06-2012,10,3,2,174,36.54,384.54,e-Shop,Electronics,Audio and video
56464675975,270375,16-06-2012,4,3,3,1323,416.745,4385.745,e-Shop,Electronics,Mens
67646945810,273802,16-06-2012,4,1,-5,-1194,626.85,-6596.85,TeleShop,Clothing,Mens
67838026048,267925,16-06-2012,11,5,5,689,361.725,3806.725,TeleShop,Books,Children
81718944118,270463,16-06-2012,10,5,5,1148,602.7,6342.7,TeleShop,Books,Audio and video
83970642543,267527,16-06-2012,11,6,4,1098,461.16,4853.16,e-Shop,Home and kitchen,Children
68810429652,275144,16-06-2012,4,4,2,1167,245.07,2579.07,Flagship store,Bags,Mens
65792200723,272549,16-06-2012,10,6,-5,-200,105,-1105,MBR,Home and kitchen,Audio and video
76866756487,274824,16-06-2012,12,5,5,1118,586.95,6176.95,MBR,Books,Academic
92187121975,274415,16-06-2012,5,3,-5,-1440,756,-7956,MBR,Electronics,Computers
64532272768,270872,16-06-2012,8,3,1,1423,149.415,1572.415,e-Shop,Electronics,Personal Appliances
30720972473,270612,15-06-2012,4,2,2,202,42.42,446.42,MBR,Footwear,Mens
14869573831,273286,15-06-2012,3,1,5,619,324.975,3419.975,e-Shop,Clothing,Kids
48701834085,268048,15-06-2012,9,3,-5,-251,131.775,-1386.775,MBR,Electronics,Cameras
50110833106,268172,15-06-2012,12,5,5,955,501.375,5276.375,e-Shop,Books,Academic
29947042825,275225,15-06-2012,4,3,-2,-965,202.65,-2132.65,e-Shop,Electronics,Mens
30013289892,269958,15-06-2012,4,4,1,732,76.86,808.86,Flagship store,Bags,Mens
44151488678,273310,15-06-2012,6,5,3,802,252.63,2658.63,TeleShop,Books,DIY
19769155351,267081,15-06-2012,12,5,5,327,171.675,1806.675,e-Shop,Books,Academic
26962533948,267783,15-06-2012,6,5,2,1277,268.17,2822.17,Flagship store,Books,DIY
15800723162,271524,15-06-2012,3,5,3,1105,348.075,3663.075,e-Shop,Books,Kids
62971400025,268545,15-06-2012,6,5,2,1018,213.78,2249.78,TeleShop,Books,DIY
21439121166,268964,15-06-2012,10,5,3,100,31.5,331.5,e-Shop,Books,Audio and video
25945627376,270141,15-06-2012,12,5,2,592,124.32,1308.32,e-Shop,Books,Academic
99838410167,270489,15-06-2012,8,3,5,1419,744.975,7839.975,e-Shop,Electronics,Personal Appliances
76712861455,268717,15-06-2012,4,1,1,445,46.725,491.725,e-Shop,Clothing,Mens
88278701329,271543,15-06-2012,4,3,4,1309,549.78,5785.78,TeleShop,Electronics,Mens
81247697318,269104,15-06-2012,4,3,2,665,139.65,1469.65,MBR,Electronics,Mens
71557636302,275210,15-06-2012,12,6,-2,-829,174.09,-1832.09,TeleShop,Home and kitchen,Academic
1974384480,267030,14-06-2012,11,5,1,1029,108.045,1137.045,MBR,Books,Children
14508016473,273862,14-06-2012,9,3,3,1235,389.025,4094.025,e-Shop,Electronics,Cameras
56656195255,267977,14-06-2012,9,3,4,1363,572.46,6024.46,e-Shop,Electronics,Cameras
55979067154,272953,14-06-2012,1,2,1,180,18.9,198.9,TeleShop,Footwear,Women
30805225815,269672,14-06-2012,4,1,1,333,34.965,367.965,e-Shop,Clothing,Mens
45064801403,266972,14-06-2012,8,3,4,1362,572.04,6020.04,TeleShop,Electronics,Personal Appliances
52268174866,274490,14-06-2012,1,1,1,641,67.305,708.305,TeleShop,Clothing,Women
60512068341,270357,14-06-2012,2,6,1,1238,129.99,1367.99,e-Shop,Home and kitchen,Furnishing
47236757591,272911,14-06-2012,12,5,-3,-1082,340.83,-3586.83,MBR,Books,Academic
26548191106,269968,14-06-2012,11,6,3,1461,460.215,4843.215,e-Shop,Home and kitchen,Children
42810188840,271478,14-06-2012,12,6,5,80,42,442,MBR,Home and kitchen,Academic
29947042825,275225,14-06-2012,4,3,2,965,202.65,2132.65,e-Shop,Electronics,Mens
62424146478,272547,14-06-2012,3,5,5,1101,578.025,6083.025,Flagship store,Books,Kids
78138337233,268061,14-06-2012,3,1,4,697,292.74,3080.74,Flagship store,Clothing,Kids
67646945810,273802,14-06-2012,4,1,5,1194,626.85,6596.85,TeleShop,Clothing,Mens
90566626691,268612,14-06-2012,1,4,5,1361,714.525,7519.525,e-Shop,Bags,Women
81402100375,274925,14-06-2012,3,5,4,819,343.98,3619.98,MBR,Books,Kids
78292272550,268379,14-06-2012,4,2,1,134,14.07,148.07,MBR,Footwear,Mens
71740181495,267752,14-06-2012,9,3,1,629,66.045,695.045,e-Shop,Electronics,Cameras
84224413408,273702,14-06-2012,4,3,2,1302,273.42,2877.42,e-Shop,Electronics,Mens
46605753119,273366,13-06-2012,1,1,3,599,188.685,1985.685,MBR,Clothing,Women
42867769475,268279,13-06-2012,5,3,5,673,353.325,3718.325,e-Shop,Electronics,Computers
29775337442,268869,13-06-2012,1,2,5,1226,643.65,6773.65,TeleShop,Footwear,Women
42854315703,270542,13-06-2012,6,5,3,243,76.545,805.545,TeleShop,Books,DIY
7450451101,270603,13-06-2012,9,3,2,584,122.64,1290.64,MBR,Electronics,Cameras
39999263118,269879,13-06-2012,1,1,2,1480,310.8,3270.8,TeleShop,Clothing,Women
12995709503,268288,13-06-2012,11,6,5,718,376.95,3966.95,Flagship store,Home and kitchen,Children
17978797075,273482,13-06-2012,5,3,-5,-1092,573.3,-6033.3,TeleShop,Electronics,Computers
18616839094,270131,13-06-2012,1,2,4,1377,578.34,6086.34,e-Shop,Footwear,Women
17795569788,273257,13-06-2012,5,3,3,1392,438.48,4614.48,e-Shop,Electronics,Computers
70739165399,275141,13-06-2012,4,3,5,586,307.65,3237.65,Flagship store,Electronics,Mens
76858831862,274090,13-06-2012,1,2,2,687,144.27,1518.27,TeleShop,Footwear,Women
97085472160,272965,13-06-2012,6,5,5,836,438.9,4618.9,MBR,Books,DIY
75295524965,274954,13-06-2012,1,4,1,1177,123.585,1300.585,e-Shop,Bags,Women
71121362853,270606,13-06-2012,5,3,5,1370,719.25,7569.25,e-Shop,Electronics,Computers
87231849990,270540,13-06-2012,4,4,1,771,80.955,851.955,MBR,Bags,Mens
67740928201,273625,13-06-2012,12,5,5,809,424.725,4469.725,e-Shop,Books,Academic
66565942035,271293,13-06-2012,4,2,4,187,78.54,826.54,TeleShop,Footwear,Mens
12617878674,273807,12/6/2012,9,3,-3,-1129,355.635,-3742.635,Flagship store,Electronics,Cameras
45510020647,274914,12/6/2012,9,3,4,1500,630,6630,Flagship store,Electronics,Cameras
48770555797,271363,12/6/2012,5,3,3,1075,338.625,3563.625,TeleShop,Electronics,Computers
43489140349,269742,12/6/2012,3,5,4,1057,443.94,4671.94,MBR,Books,Kids
46754451447,273556,12/6/2012,3,1,5,997,523.425,5508.425,e-Shop,Clothing,Kids
61388687403,272593,12/6/2012,11,6,2,1044,219.24,2307.24,Flagship store,Home and kitchen,Children
52109767506,271760,12/6/2012,12,6,3,1347,424.305,4465.305,MBR,Home and kitchen,Academic
19807853136,271243,12/6/2012,3,1,2,322,67.62,711.62,MBR,Clothing,Kids
28955117295,270484,12/6/2012,1,1,1,854,89.67,943.67,MBR,Clothing,Women
52096104860,267236,12/6/2012,2,6,1,548,57.54,605.54,TeleShop,Home and kitchen,Furnishing
95819621244,270416,12/6/2012,4,1,4,605,254.1,2674.1,e-Shop,Clothing,Mens
70746338167,273819,12/6/2012,4,2,1,666,69.93,735.93,e-Shop,Footwear,Mens
92809355884,268500,12/6/2012,7,5,2,130,27.3,287.3,e-Shop,Books,Fiction
67246713922,268431,12/6/2012,10,6,5,1325,695.625,7320.625,MBR,Home and kitchen,Audio and video
77723873139,267808,12/6/2012,3,2,4,242,101.64,1069.64,e-Shop,Footwear,Kids
78365092909,270562,12/6/2012,12,6,4,430,180.6,1900.6,MBR,Home and kitchen,Academic
17978797075,273482,11/6/2012,5,3,5,1092,573.3,6033.3,TeleShop,Electronics,Computers
57234091693,269252,11/6/2012,5,3,5,784,411.6,4331.6,e-Shop,Electronics,Computers
43814943294,268450,11/6/2012,4,3,4,992,416.64,4384.64,Flagship store,Electronics,Mens
62879080120,267858,11/6/2012,10,5,4,959,402.78,4238.78,e-Shop,Books,Audio and video
59790213218,268326,11/6/2012,12,6,2,219,45.99,483.99,e-Shop,Home and kitchen,Academic
20879113204,270582,11/6/2012,4,1,3,168,52.92,556.92,MBR,Clothing,Mens
62478425342,273673,11/6/2012,1,4,3,1259,396.585,4173.585,MBR,Bags,Women
11877994692,270123,11/6/2012,10,6,2,675,141.75,1491.75,TeleShop,Home and kitchen,Audio and video
12617878674,273807,11/6/2012,9,3,-3,-1129,355.635,-3742.635,Flagship store,Electronics,Cameras
92187121975,274415,11/6/2012,5,3,5,1440,756,7956,MBR,Electronics,Computers
75879671563,269868,11/6/2012,12,6,4,560,235.2,2475.2,Flagship store,Home and kitchen,Academic
99798636167,271425,11/6/2012,12,6,3,1166,367.29,3865.29,TeleShop,Home and kitchen,Academic
99730167840,273334,11/6/2012,12,5,5,1309,687.225,7232.225,MBR,Books,Academic
84819637250,269640,11/6/2012,1,4,4,203,85.26,897.26,e-Shop,Bags,Women
87833632874,269474,11/6/2012,12,6,2,1374,288.54,3036.54,Flagship store,Home and kitchen,Academic
20587645496,273511,10/6/2012,4,2,1,897,94.185,991.185,Flagship store,Footwear,Mens
17981123555,271482,10/6/2012,12,6,1,746,78.33,824.33,TeleShop,Home and kitchen,Academic
11256528141,266818,10/6/2012,11,5,3,774,243.81,2565.81,TeleShop,Books,Children
13276028556,268916,10/6/2012,3,2,5,584,306.6,3226.6,TeleShop,Footwear,Kids
51601124314,268546,10/6/2012,3,2,3,164,51.66,543.66,MBR,Footwear,Kids
27090991304,271328,10/6/2012,12,5,3,457,143.955,1514.955,TeleShop,Books,Academic
48701834085,268048,10/6/2012,9,3,5,251,131.775,1386.775,MBR,Electronics,Cameras
71557636302,275210,10/6/2012,12,6,2,829,174.09,1832.09,TeleShop,Home and kitchen,Academic
86582503202,266887,10/6/2012,3,5,1,85,8.925,93.925,MBR,Books,Kids
64100691408,267406,10/6/2012,10,3,2,109,22.89,240.89,Flagship store,Electronics,Audio and video
65792200723,272549,10/6/2012,10,6,5,200,105,1105,MBR,Home and kitchen,Audio and video
69630618248,272974,10/6/2012,3,2,4,783,328.86,3460.86,MBR,Footwear,Kids
85496310330,274740,10/6/2012,1,2,2,266,55.86,587.86,TeleShop,Footwear,Women
38460935866,270206,9/6/2012,12,5,-2,-629,132.09,-1390.09,TeleShop,Books,Academic
36535515015,274552,9/6/2012,11,5,2,1075,225.75,2375.75,e-Shop,Books,Children
25962449642,272129,9/6/2012,1,1,-5,-1040,546,-5746,TeleShop,Clothing,Women
44158466116,274694,9/6/2012,3,2,2,992,208.32,2192.32,e-Shop,Footwear,Kids
13055548005,269453,9/6/2012,1,4,3,1109,349.335,3676.335,e-Shop,Bags,Women
54767733369,269513,9/6/2012,8,3,5,1430,750.75,7900.75,TeleShop,Electronics,Personal Appliances
9081911031,270619,9/6/2012,12,6,2,351,73.71,775.71,MBR,Home and kitchen,Academic
59782844058,271184,9/6/2012,7,5,3,1045,329.175,3464.175,e-Shop,Books,Fiction
69026189949,275114,9/6/2012,8,3,3,1224,385.56,4057.56,e-Shop,Electronics,Personal Appliances
73463264613,267372,9/6/2012,4,1,4,365,153.3,1613.3,MBR,Clothing,Mens
85759826680,270331,9/6/2012,6,5,-3,-1209,380.835,-4007.835,Flagship store,Books,DIY
65305045879,272274,9/6/2012,9,3,4,423,177.66,1869.66,MBR,Electronics,Cameras
89434038223,272932,9/6/2012,3,5,2,1261,264.81,2786.81,TeleShop,Books,Kids
97446316480,272473,9/6/2012,12,5,-2,-532,111.72,-1175.72,TeleShop,Books,Academic
55922263464,275030,8/6/2012,4,4,2,956,200.76,2112.76,MBR,Bags,Mens
13314015922,270049,8/6/2012,12,6,1,1154,121.17,1275.17,TeleShop,Home and kitchen,Academic
27476424922,268915,8/6/2012,11,5,5,1148,602.7,6342.7,TeleShop,Books,Children
18288297329,271937,8/6/2012,12,6,2,899,188.79,1986.79,e-Shop,Home and kitchen,Academic
6023556684,275020,8/6/2012,5,3,3,1363,429.345,4518.345,e-Shop,Electronics,Computers
47236757591,272911,8/6/2012,12,5,3,1082,340.83,3586.83,MBR,Books,Academic
28276692571,267327,8/6/2012,1,4,2,592,124.32,1308.32,e-Shop,Bags,Women
39226216268,275051,8/6/2012,10,6,3,935,294.525,3099.525,e-Shop,Home and kitchen,Audio and video
9512004435,267621,8/6/2012,1,2,3,686,216.09,2274.09,TeleShop,Footwear,Women
40791307055,270850,8/6/2012,12,6,5,484,254.1,2674.1,TeleShop,Home and kitchen,Academic
33125957452,267802,8/6/2012,1,2,4,543,228.06,2400.06,MBR,Footwear,Women
1131911678,269623,8/6/2012,8,3,1,617,64.785,681.785,MBR,Electronics,Personal Appliances
35538797655,268266,8/6/2012,6,5,3,1254,395.01,4157.01,MBR,Books,DIY
98346187733,272906,8/6/2012,4,3,1,746,78.33,824.33,TeleShop,Electronics,Mens
81426183016,273553,8/6/2012,2,6,4,1403,589.26,6201.26,e-Shop,Home and kitchen,Furnishing
71501838376,267329,8/6/2012,8,3,2,1256,263.76,2775.76,TeleShop,Electronics,Personal Appliances
94549305137,273417,8/6/2012,3,1,1,890,93.45,983.45,e-Shop,Clothing,Kids
85157711514,274168,8/6/2012,11,6,5,510,267.75,2817.75,Flagship store,Home and kitchen,Children
64163172637,274822,8/6/2012,4,4,1,1085,113.925,1198.925,e-Shop,Bags,Mens
94126546063,269831,8/6/2012,3,1,2,1044,219.24,2307.24,e-Shop,Clothing,Kids
69278079162,269758,8/6/2012,8,3,5,477,250.425,2635.425,TeleShop,Electronics,Personal Appliances
61634208623,269528,7/6/2012,2,6,2,1050,220.5,2320.5,e-Shop,Home and kitchen,Furnishing
13941072115,273675,7/6/2012,5,3,4,1316,552.72,5816.72,Flagship store,Electronics,Computers
46985691361,271077,7/6/2012,9,3,3,191,60.165,633.165,e-Shop,Electronics,Cameras
33749195598,274168,7/6/2012,3,5,3,879,276.885,2913.885,Flagship store,Books,Kids
61700319668,272633,7/6/2012,1,1,3,1459,459.585,4836.585,MBR,Clothing,Women
3770308949,271174,7/6/2012,12,6,3,394,124.11,1306.11,TeleShop,Home and kitchen,Academic
27783677516,267901,7/6/2012,10,3,1,918,96.39,1014.39,TeleShop,Electronics,Audio and video
10594538255,274010,7/6/2012,1,1,1,535,56.175,591.175,e-Shop,Clothing,Women
10685422004,271769,7/6/2012,9,3,1,322,33.81,355.81,MBR,Electronics,Cameras
62575988204,273299,7/6/2012,10,5,5,376,197.4,2077.4,Flagship store,Books,Audio and video
22213771509,268138,7/6/2012,6,5,5,185,97.125,1022.125,Flagship store,Books,DIY
32131510355,269848,7/6/2012,12,6,3,1376,433.44,4561.44,MBR,Home and kitchen,Academic
80378276456,271897,7/6/2012,10,6,1,331,34.755,365.755,Flagship store,Home and kitchen,Audio and video
65590636815,271526,7/6/2012,12,6,2,664,139.44,1467.44,Flagship store,Home and kitchen,Academic
64006971346,269916,7/6/2012,4,4,2,227,47.67,501.67,Flagship store,Bags,Mens
77076079084,270857,7/6/2012,1,4,5,740,388.5,4088.5,Flagship store,Bags,Women
91237152468,271195,7/6/2012,3,1,3,1478,465.57,4899.57,Flagship store,Clothing,Kids
84705990777,272926,7/6/2012,11,6,1,1194,125.37,1319.37,e-Shop,Home and kitchen,Children
87526734484,273949,7/6/2012,2,6,2,999,209.79,2207.79,e-Shop,Home and kitchen,Furnishing
95008423109,270251,7/6/2012,8,3,4,365,153.3,1613.3,MBR,Electronics,Personal Appliances
81561369149,274852,7/6/2012,4,4,2,768,161.28,1697.28,e-Shop,Bags,Mens
89364589224,267419,7/6/2012,1,2,5,1137,596.925,6281.925,MBR,Footwear,Women
611253886,273878,6/6/2012,5,3,5,1005,527.625,5552.625,TeleShop,Electronics,Computers
23728989099,269772,6/6/2012,10,5,4,839,352.38,3708.38,TeleShop,Books,Audio and video
23734173411,269764,6/6/2012,7,5,3,1058,333.27,3507.27,e-Shop,Books,Fiction
40297132296,269721,6/6/2012,3,5,1,599,62.895,661.895,e-Shop,Books,Kids
40647374482,272189,6/6/2012,1,2,5,1098,576.45,6066.45,e-Shop,Footwear,Women
13096410561,273646,6/6/2012,11,5,2,208,43.68,459.68,MBR,Books,Children
53978919700,270780,6/6/2012,9,3,3,730,229.95,2419.95,Flagship store,Electronics,Cameras
35027930309,267408,6/6/2012,12,5,5,671,352.275,3707.275,Flagship store,Books,Academic
29943888094,273065,6/6/2012,4,4,1,617,64.785,681.785,e-Shop,Bags,Mens
22246642937,267045,6/6/2012,11,6,1,458,48.09,506.09,e-Shop,Home and kitchen,Children
16549773080,274013,6/6/2012,10,3,1,1042,109.41,1151.41,e-Shop,Electronics,Audio and video
25815657469,268635,6/6/2012,10,3,2,940,197.4,2077.4,MBR,Electronics,Audio and video
32677862186,268098,6/6/2012,10,6,4,1164,488.88,5144.88,e-Shop,Home and kitchen,Audio and video
47303663131,272777,6/6/2012,6,5,3,1390,437.85,4607.85,Flagship store,Books,DIY
79394149229,271214,6/6/2012,10,5,4,1246,523.32,5507.32,Flagship store,Books,Audio and video
79133019543,269361,6/6/2012,3,2,1,237,24.885,261.885,TeleShop,Footwear,Kids
12543826237,274327,5/6/2012,12,5,2,932,195.72,2059.72,e-Shop,Books,Academic
42776379061,268447,5/6/2012,2,6,2,296,62.16,654.16,TeleShop,Home and kitchen,Furnishing
28757862393,270143,5/6/2012,3,2,-2,-318,66.78,-702.78,Flagship store,Footwear,Kids
19411246925,268757,5/6/2012,4,3,1,277,29.085,306.085,e-Shop,Electronics,Mens
23172858022,267390,5/6/2012,8,3,-2,-1182,248.22,-2612.22,Flagship store,Electronics,Personal Appliances
41046916904,270709,5/6/2012,11,5,1,662,69.51,731.51,TeleShop,Books,Children
46260017504,272258,5/6/2012,3,1,2,779,163.59,1721.59,Flagship store,Clothing,Kids
24582854064,267889,5/6/2012,8,3,4,133,55.86,587.86,MBR,Electronics,Personal Appliances
25167980825,270259,5/6/2012,12,5,2,1203,252.63,2658.63,e-Shop,Books,Academic
24340761293,271626,5/6/2012,4,2,3,769,242.235,2549.235,MBR,Footwear,Mens
62368329279,274058,5/6/2012,10,5,5,332,174.3,1834.3,MBR,Books,Audio and video
2314346385,270491,5/6/2012,11,6,2,1056,221.76,2333.76,MBR,Home and kitchen,Children
26177724326,273477,5/6/2012,7,5,2,501,105.21,1107.21,Flagship store,Books,Fiction
69562179802,274426,5/6/2012,6,5,1,838,87.99,925.99,Flagship store,Books,DIY
85740509096,274014,5/6/2012,1,4,4,445,186.9,1966.9,e-Shop,Bags,Women
77510261742,273708,5/6/2012,12,5,5,519,272.475,2867.475,e-Shop,Books,Academic
91808557900,268197,5/6/2012,7,5,2,1077,226.17,2380.17,e-Shop,Books,Fiction
81119488707,269053,5/6/2012,8,3,4,791,332.22,3496.22,e-Shop,Electronics,Personal Appliances
83030172554,269597,5/6/2012,10,6,4,807,338.94,3566.94,TeleShop,Home and kitchen,Audio and video
17023115405,274728,4/6/2012,1,4,-4,-878,368.76,-3880.76,e-Shop,Bags,Women
49529772801,273226,4/6/2012,4,3,5,343,180.075,1895.075,TeleShop,Electronics,Mens
8118157978,271911,4/6/2012,10,6,2,944,198.24,2086.24,MBR,Home and kitchen,Audio and video
12592832290,273909,4/6/2012,11,5,3,1495,470.925,4955.925,e-Shop,Books,Children
57678240136,275088,4/6/2012,10,6,5,702,368.55,3878.55,TeleShop,Home and kitchen,Audio and video
14814815274,274314,4/6/2012,2,6,3,384,120.96,1272.96,TeleShop,Home and kitchen,Furnishing
41865179057,275018,4/6/2012,1,2,2,578,121.38,1277.38,e-Shop,Footwear,Women
91863544260,267658,4/6/2012,8,3,4,336,141.12,1485.12,TeleShop,Electronics,Personal Appliances
84643272781,274925,4/6/2012,4,3,5,847,444.675,4679.675,e-Shop,Electronics,Mens
66608748485,270682,4/6/2012,11,6,4,806,338.52,3562.52,Flagship store,Home and kitchen,Children
71800107655,273958,4/6/2012,2,6,1,1146,120.33,1266.33,Flagship store,Home and kitchen,Furnishing
69582147263,267652,4/6/2012,8,3,1,1137,119.385,1256.385,e-Shop,Electronics,Personal Appliances
92650494696,270450,4/6/2012,12,6,5,423,222.075,2337.075,MBR,Home and kitchen,Academic
80788070998,274395,4/6/2012,11,6,4,1220,512.4,5392.4,MBR,Home and kitchen,Children
30125675873,274098,3/6/2012,4,3,2,1401,294.21,3096.21,MBR,Electronics,Mens
58259140093,268299,3/6/2012,11,5,4,683,286.86,3018.86,e-Shop,Books,Children
22010130693,273076,3/6/2012,10,3,4,241,101.22,1065.22,e-Shop,Electronics,Audio and video
10940644453,267020,3/6/2012,4,3,2,1160,243.6,2563.6,TeleShop,Electronics,Mens
18964569926,271659,3/6/2012,4,2,3,809,254.835,2681.835,MBR,Footwear,Mens
21789280833,269591,3/6/2012,8,3,1,229,24.045,253.045,MBR,Electronics,Personal Appliances
11252336007,271487,3/6/2012,10,5,2,547,114.87,1208.87,e-Shop,Books,Audio and video
39146962154,270477,3/6/2012,1,4,2,557,116.97,1230.97,TeleShop,Bags,Women
47450698066,267575,3/6/2012,4,3,5,987,518.175,5453.175,e-Shop,Electronics,Mens
38460935866,270206,3/6/2012,12,5,2,629,132.09,1390.09,TeleShop,Books,Academic
35827033110,270462,3/6/2012,10,6,3,388,122.22,1286.22,TeleShop,Home and kitchen,Audio and video
31861074201,273449,3/6/2012,1,4,1,1449,152.145,1601.145,Flagship store,Bags,Women
33428067742,274517,3/6/2012,6,5,-3,-795,250.425,-2635.425,Flagship store,Books,DIY
38025034338,274148,3/6/2012,4,3,4,519,217.98,2293.98,TeleShop,Electronics,Mens
900692276,267827,3/6/2012,4,2,2,1365,286.65,3016.65,Flagship store,Footwear,Mens
62653792070,271260,3/6/2012,8,3,5,785,412.125,4337.125,Flagship store,Electronics,Personal Appliances
71897316186,269602,3/6/2012,3,2,3,1332,419.58,4415.58,e-Shop,Footwear,Kids
76550965196,271385,3/6/2012,8,3,4,316,132.72,1396.72,MBR,Electronics,Personal Appliances
83589541451,272318,3/6/2012,10,3,2,352,73.92,777.92,MBR,Electronics,Audio and video
81615130603,268353,3/6/2012,10,3,4,1095,459.9,4839.9,Flagship store,Electronics,Audio and video
73736714475,271538,3/6/2012,4,4,5,127,66.675,701.675,e-Shop,Bags,Mens
85384544066,267948,3/6/2012,11,5,3,894,281.61,2963.61,e-Shop,Books,Children
86513003097,267025,3/6/2012,3,1,5,657,344.925,3629.925,MBR,Clothing,Kids
67076703620,270823,3/6/2012,3,1,4,1343,564.06,5936.06,MBR,Clothing,Kids
96471212195,271196,3/6/2012,1,4,1,609,63.945,672.945,e-Shop,Bags,Women
91150040014,271975,3/6/2012,2,6,4,1216,510.72,5374.72,MBR,Home and kitchen,Furnishing
21920166316,271173,2/6/2012,1,4,1,433,45.465,478.465,e-Shop,Bags,Women
28040865409,271527,2/6/2012,3,1,1,72,7.56,79.56,e-Shop,Clothing,Kids
50278719323,268387,2/6/2012,4,2,1,362,38.01,400.01,e-Shop,Footwear,Mens
12617878674,273807,2/6/2012,9,3,3,1129,355.635,3742.635,Flagship store,Electronics,Cameras
36470705086,272479,2/6/2012,9,3,-2,-866,181.86,-1913.86,Flagship store,Electronics,Cameras
16192939943,269715,2/6/2012,3,5,2,1481,311.01,3273.01,Flagship store,Books,Kids
297276245,269267,2/6/2012,11,5,-1,-72,7.56,-79.56,TeleShop,Books,Children
52615184363,269711,2/6/2012,3,5,3,453,142.695,1501.695,Flagship store,Books,Kids
51934868665,269601,2/6/2012,3,2,-4,-89,37.38,-393.38,MBR,Footwear,Kids
612207817,266803,2/6/2012,6,5,3,1202,378.63,3984.63,e-Shop,Books,DIY
37579660782,271448,2/6/2012,11,6,1,468,49.14,517.14,e-Shop,Home and kitchen,Children
48798160577,270106,2/6/2012,7,5,3,853,268.695,2827.695,e-Shop,Books,Fiction
15819364632,274669,2/6/2012,1,4,3,1187,373.905,3934.905,MBR,Bags,Women
16543230380,269623,2/6/2012,3,5,-2,-270,56.7,-596.7,Flagship store,Books,Kids
4953870887,267236,2/6/2012,11,6,5,1098,576.45,6066.45,TeleShop,Home and kitchen,Children
72085740766,270880,2/6/2012,11,5,4,656,275.52,2899.52,MBR,Books,Children
81335844006,274509,2/6/2012,1,1,1,945,99.225,1044.225,e-Shop,Clothing,Women
84984485980,269555,2/6/2012,3,1,2,1152,241.92,2545.92,Flagship store,Clothing,Kids
91808738748,269732,2/6/2012,11,5,-2,-736,154.56,-1626.56,Flagship store,Books,Children
80053551474,270231,2/6/2012,4,2,2,1301,273.21,2875.21,e-Shop,Footwear,Mens
86450628105,273918,2/6/2012,1,1,4,210,88.2,928.2,e-Shop,Clothing,Women
65667709480,274189,2/6/2012,6,5,2,1116,234.36,2466.36,e-Shop,Books,DIY
96176911576,266785,2/6/2012,10,6,-5,-1236,648.9,-6828.9,Flagship store,Home and kitchen,Audio and video
88412957350,267300,2/6/2012,1,1,1,552,57.96,609.96,MBR,Clothing,Women
74140103197,273805,2/6/2012,11,5,5,1382,725.55,7635.55,MBR,Books,Children
83334820555,270371,2/6/2012,4,3,2,1183,248.43,2614.43,TeleShop,Electronics,Mens
44102618534,267108,1/6/2012,1,1,2,339,71.19,749.19,TeleShop,Clothing,Women
35043659629,269143,1/6/2012,4,2,3,910,286.65,3016.65,e-Shop,Footwear,Mens
59134627539,271304,1/6/2012,12,6,1,469,49.245,518.245,MBR,Home and kitchen,Academic
14352737996,270986,1/6/2012,9,3,4,525,220.5,2320.5,Flagship store,Electronics,Cameras
10252965436,271464,1/6/2012,8,3,3,1285,404.775,4259.775,MBR,Electronics,Personal Appliances
7367425889,272724,1/6/2012,3,1,1,471,49.455,520.455,e-Shop,Clothing,Kids
20200869125,268478,1/6/2012,11,5,1,405,42.525,447.525,MBR,Books,Children
43262769098,271994,1/6/2012,12,5,4,1338,561.96,5913.96,MBR,Books,Academic
59628029163,267682,1/6/2012,5,3,2,821,172.41,1814.41,Flagship store,Electronics,Computers
67103503566,267597,1/6/2012,1,1,2,1159,243.39,2561.39,Flagship store,Clothing,Women
78980272238,267484,1/6/2012,11,5,5,1118,586.95,6176.95,MBR,Books,Children
72839432302,270400,1/6/2012,4,3,1,755,79.275,834.275,TeleShop,Electronics,Mens
87428109172,271002,1/6/2012,1,2,1,1179,123.795,1302.795,TeleShop,Footwear,Women
65344236308,267480,1/6/2012,7,5,4,1207,506.94,5334.94,MBR,Books,Fiction
67244179914,270905,1/6/2012,10,5,5,1218,639.45,6729.45,e-Shop,Books,Audio and video
297276245,269267,31-05-2012,11,5,1,72,7.56,79.56,TeleShop,Books,Children
4332515998,267577,31-05-2012,4,1,3,1175,370.125,3895.125,e-Shop,Clothing,Mens
6447530122,270288,31-05-2012,7,5,2,1002,210.42,2214.42,TeleShop,Books,Fiction
1701004853,269233,31-05-2012,4,3,5,1298,681.45,7171.45,e-Shop,Electronics,Mens
25962449642,272129,31-05-2012,1,1,5,1040,546,5746,TeleShop,Clothing,Women
41812043632,270798,31-05-2012,10,5,5,1015,532.875,5607.875,e-Shop,Books,Audio and video
68350462734,268596,31-05-2012,3,2,4,1259,528.78,5564.78,TeleShop,Footwear,Kids
82100521538,270971,31-05-2012,1,4,4,516,216.72,2280.72,Flagship store,Bags,Women
82651398800,270881,31-05-2012,8,3,2,1178,247.38,2603.38,e-Shop,Electronics,Personal Appliances
81198930119,272243,31-05-2012,3,5,4,658,276.36,2908.36,TeleShop,Books,Kids
77433290375,269225,31-05-2012,6,5,3,204,64.26,676.26,e-Shop,Books,DIY
64612148020,266857,31-05-2012,2,6,3,469,147.735,1554.735,Flagship store,Home and kitchen,Furnishing
63873180093,271889,31-05-2012,7,5,1,138,14.49,152.49,MBR,Books,Fiction
77074822200,268164,31-05-2012,2,6,3,161,50.715,533.715,MBR,Home and kitchen,Furnishing
87860143789,273661,31-05-2012,9,3,3,1199,377.685,3974.685,Flagship store,Electronics,Cameras
25582268700,274755,30-05-2012,10,3,1,879,92.295,971.295,e-Shop,Electronics,Audio and video
52707785969,270261,30-05-2012,12,5,1,1325,139.125,1464.125,MBR,Books,Academic
24566582902,274569,30-05-2012,4,2,3,1068,336.42,3540.42,MBR,Footwear,Mens
1816597711,269451,30-05-2012,3,2,5,1060,556.5,5856.5,e-Shop,Footwear,Kids
17023115405,274728,30-05-2012,1,4,4,878,368.76,3880.76,e-Shop,Bags,Women
33428067742,274517,30-05-2012,6,5,3,795,250.425,2635.425,Flagship store,Books,DIY
32815417037,274362,30-05-2012,8,3,3,951,299.565,3152.565,Flagship store,Electronics,Personal Appliances
6988243790,267903,30-05-2012,10,5,4,396,166.32,1750.32,e-Shop,Books,Audio and video
16788029826,273531,30-05-2012,5,3,2,650,136.5,1436.5,e-Shop,Electronics,Computers
43683385917,272547,30-05-2012,3,2,4,1087,456.54,4804.54,e-Shop,Footwear,Kids
83797571157,268899,30-05-2012,6,5,3,1348,424.62,4468.62,e-Shop,Books,DIY
81764066435,274519,30-05-2012,3,2,1,1233,129.465,1362.465,e-Shop,Footwear,Kids
99306104612,273983,30-05-2012,1,4,5,1280,672,7072,e-Shop,Bags,Women
97446316480,272473,30-05-2012,12,5,2,532,111.72,1175.72,TeleShop,Books,Academic
70597956629,274984,30-05-2012,11,6,3,236,74.34,782.34,TeleShop,Home and kitchen,Children
90178710669,268572,30-05-2012,3,5,1,361,37.905,398.905,e-Shop,Books,Kids
85759826680,270331,30-05-2012,6,5,3,1209,380.835,4007.835,Flagship store,Books,DIY
65270989002,267583,30-05-2012,11,5,5,596,312.9,3292.9,TeleShop,Books,Children
80174770569,273522,30-05-2012,3,5,-5,-461,242.025,-2547.025,e-Shop,Books,Kids
93161549071,273091,30-05-2012,4,4,2,674,141.54,1489.54,e-Shop,Bags,Mens
47419505030,273140,29-05-2012,2,6,4,958,402.36,4234.36,MBR,Home and kitchen,Furnishing
55818691568,267470,29-05-2012,10,6,3,802,252.63,2658.63,MBR,Home and kitchen,Audio and video
49127243680,271687,29-05-2012,1,2,1,1013,106.365,1119.365,TeleShop,Footwear,Women
42083492630,271314,29-05-2012,3,1,5,891,467.775,4922.775,TeleShop,Clothing,Kids
47404260772,273101,29-05-2012,11,5,4,910,382.2,4022.2,TeleShop,Books,Children
16995312830,268881,29-05-2012,12,6,4,353,148.26,1560.26,TeleShop,Home and kitchen,Academic
62355283403,272804,29-05-2012,10,5,2,309,64.89,682.89,e-Shop,Books,Audio and video
8882743343,273474,29-05-2012,4,2,2,1189,249.69,2627.69,TeleShop,Footwear,Mens
17433420171,271547,29-05-2012,6,5,5,989,519.225,5464.225,TeleShop,Books,DIY
48336781056,274267,29-05-2012,4,4,1,1143,120.015,1263.015,e-Shop,Bags,Mens
28777159191,274803,29-05-2012,9,3,3,902,284.13,2990.13,TeleShop,Electronics,Cameras
2336308262,273099,29-05-2012,11,5,3,1281,403.515,4246.515,e-Shop,Books,Children
42254130179,271145,29-05-2012,4,2,5,783,411.075,4326.075,e-Shop,Footwear,Mens
40792153341,274192,29-05-2012,5,3,5,85,44.625,469.625,MBR,Electronics,Computers
92418674429,269623,29-05-2012,3,2,3,858,270.27,2844.27,Flagship store,Footwear,Kids
95097935092,268886,29-05-2012,7,5,5,878,460.95,4850.95,Flagship store,Books,Fiction
79607821410,267630,29-05-2012,9,3,4,113,47.46,499.46,e-Shop,Electronics,Cameras
98057019716,274655,29-05-2012,6,5,3,1143,360.045,3789.045,Flagship store,Books,DIY
72847212638,268581,29-05-2012,1,1,2,606,127.26,1339.26,TeleShop,Clothing,Women
59145341933,269702,28-05-2012,3,1,1,1174,123.27,1297.27,e-Shop,Clothing,Kids
29213858029,269756,28-05-2012,12,5,2,1309,274.89,2892.89,MBR,Books,Academic
34026388443,268972,28-05-2012,1,4,3,1092,343.98,3619.98,Flagship store,Bags,Women
28757862393,270143,28-05-2012,3,2,2,318,66.78,702.78,Flagship store,Footwear,Kids
47043985475,270854,28-05-2012,12,5,-1,-701,73.605,-774.605,Flagship store,Books,Academic
28717142009,274267,28-05-2012,5,3,5,1361,714.525,7519.525,e-Shop,Electronics,Computers
426787191,273106,28-05-2012,1,2,-5,-109,57.225,-602.225,e-Shop,Footwear,Women
38953044099,271538,28-05-2012,8,3,3,599,188.685,1985.685,TeleShop,Electronics,Personal Appliances
31932070911,270706,28-05-2012,10,3,3,480,151.2,1591.2,e-Shop,Electronics,Audio and video
45545500545,271883,28-05-2012,3,1,2,1259,264.39,2782.39,e-Shop,Clothing,Kids
54999616717,274479,28-05-2012,10,5,4,585,245.7,2585.7,Flagship store,Books,Audio and video
29664361760,273112,28-05-2012,4,3,4,657,275.94,2903.94,MBR,Electronics,Mens
426787191,273106,28-05-2012,1,2,-5,-109,57.225,-602.225,e-Shop,Footwear,Women
7669875573,270786,28-05-2012,10,3,2,1450,304.5,3204.5,TeleShop,Electronics,Audio and video
20300153486,268649,28-05-2012,5,3,3,861,271.215,2854.215,Flagship store,Electronics,Computers
52290445323,266823,28-05-2012,10,3,4,748,314.16,3306.16,TeleShop,Electronics,Audio and video
71436875045,274662,28-05-2012,10,5,-4,-507,212.94,-2240.94,Flagship store,Books,Audio and video
95291455309,272428,28-05-2012,5,3,2,1183,248.43,2614.43,Flagship store,Electronics,Computers
63500047523,274751,28-05-2012,1,1,-4,-1300,546,-5746,TeleShop,Clothing,Women
48801190701,274828,27-05-2012,4,1,5,147,77.175,812.175,TeleShop,Clothing,Mens
6624075242,269499,27-05-2012,3,2,2,613,128.73,1354.73,Flagship store,Footwear,Kids
48878101574,273907,27-05-2012,1,1,3,1056,332.64,3500.64,e-Shop,Clothing,Women
16543230380,269623,27-05-2012,3,5,2,270,56.7,596.7,Flagship store,Books,Kids
10806847547,269133,27-05-2012,11,6,2,1038,217.98,2293.98,MBR,Home and kitchen,Children
31332777250,269716,27-05-2012,8,3,2,596,125.16,1317.16,e-Shop,Electronics,Personal Appliances
61059362065,266920,27-05-2012,4,3,5,1407,738.675,7773.675,e-Shop,Electronics,Mens
26146419849,270724,27-05-2012,4,2,2,1125,236.25,2486.25,e-Shop,Footwear,Mens
2859575360,274503,27-05-2012,8,3,3,994,313.11,3295.11,e-Shop,Electronics,Personal Appliances
42766252732,274554,27-05-2012,11,6,2,1266,265.86,2797.86,e-Shop,Home and kitchen,Children
35099589272,266856,27-05-2012,10,6,4,1035,434.7,4574.7,TeleShop,Home and kitchen,Audio and video
60057077421,275200,27-05-2012,1,4,1,369,38.745,407.745,TeleShop,Bags,Women
31097574086,272775,27-05-2012,12,5,1,1354,142.17,1496.17,e-Shop,Books,Academic
46924439195,272744,27-05-2012,12,6,2,294,61.74,649.74,TeleShop,Home and kitchen,Academic
16952392061,268333,27-05-2012,4,4,5,716,375.9,3955.9,e-Shop,Bags,Mens
9203449876,271461,27-05-2012,4,2,2,759,159.39,1677.39,Flagship store,Footwear,Mens
10056266479,271558,27-05-2012,3,2,4,1307,548.94,5776.94,MBR,Footwear,Kids
47153006035,271498,27-05-2012,11,6,1,1197,125.685,1322.685,TeleShop,Home and kitchen,Children
74032896563,267205,27-05-2012,5,3,-2,-114,23.94,-251.94,MBR,Electronics,Computers
75298194101,274384,27-05-2012,12,6,2,124,26.04,274.04,e-Shop,Home and kitchen,Academic
98753900300,270938,27-05-2012,10,6,1,873,91.665,964.665,MBR,Home and kitchen,Audio and video
63278366800,275206,27-05-2012,7,5,1,1019,106.995,1125.995,Flagship store,Books,Fiction
65309784441,268813,27-05-2012,5,3,3,1186,373.59,3931.59,MBR,Electronics,Computers
63500047523,274751,27-05-2012,1,1,-4,-1300,546,-5746,TeleShop,Clothing,Women
76210201158,273497,27-05-2012,10,6,4,819,343.98,3619.98,e-Shop,Home and kitchen,Audio and video
92208703179,268871,27-05-2012,6,5,5,406,213.15,2243.15,MBR,Books,DIY
80174770569,273522,27-05-2012,3,5,5,461,242.025,2547.025,e-Shop,Books,Kids
32653278933,271834,26-05-2012,4,1,-3,-1043,328.545,-3457.545,TeleShop,Clothing,Mens
9881028769,271797,26-05-2012,1,1,4,1253,526.26,5538.26,TeleShop,Clothing,Women
39368784890,269175,26-05-2012,7,5,2,1064,223.44,2351.44,e-Shop,Books,Fiction
23172858022,267390,26-05-2012,8,3,2,1182,248.22,2612.22,Flagship store,Electronics,Personal Appliances
49670527288,267280,26-05-2012,9,3,5,967,507.675,5342.675,e-Shop,Electronics,Cameras
25905023199,272465,26-05-2012,8,3,3,1088,342.72,3606.72,Flagship store,Electronics,Personal Appliances
11310293067,273780,26-05-2012,1,2,2,419,87.99,925.99,e-Shop,Footwear,Women
31784585207,271738,26-05-2012,11,6,3,124,39.06,411.06,e-Shop,Home and kitchen,Children
53187031441,272954,26-05-2012,2,6,5,1500,787.5,8287.5,TeleShop,Home and kitchen,Furnishing
23898144110,275073,26-05-2012,4,4,3,875,275.625,2900.625,MBR,Bags,Mens
99408656685,269503,26-05-2012,4,4,5,1226,643.65,6773.65,e-Shop,Bags,Mens
79263528722,269728,26-05-2012,1,4,1,325,34.125,359.125,TeleShop,Bags,Women
99746390165,269085,26-05-2012,12,6,1,103,10.815,113.815,Flagship store,Home and kitchen,Academic
92911379740,271030,26-05-2012,3,5,2,810,170.1,1790.1,e-Shop,Books,Kids
72081581358,273677,26-05-2012,11,5,1,1416,148.68,1564.68,e-Shop,Books,Children
90770246823,272615,26-05-2012,7,5,1,540,56.7,596.7,e-Shop,Books,Fiction
68026327930,271212,26-05-2012,3,2,3,1467,462.105,4863.105,MBR,Footwear,Kids
26798020506,271425,25-05-2012,8,3,2,232,48.72,512.72,TeleShop,Electronics,Personal Appliances
15747118209,268933,25-05-2012,8,3,3,1498,471.87,4965.87,Flagship store,Electronics,Personal Appliances
30413421909,269096,25-05-2012,4,4,-2,-342,71.82,-755.82,Flagship store,Bags,Mens
16285620707,271395,25-05-2012,12,6,2,444,93.24,981.24,TeleShop,Home and kitchen,Academic
36470705086,272479,25-05-2012,9,3,2,866,181.86,1913.86,Flagship store,Electronics,Cameras
51934868665,269601,25-05-2012,3,2,4,89,37.38,393.38,MBR,Footwear,Kids
47043985475,270854,25-05-2012,12,5,1,701,73.605,774.605,Flagship store,Books,Academic
6352216514,266986,25-05-2012,4,3,2,580,121.8,1281.8,e-Shop,Electronics,Mens
50943418165,271565,25-05-2012,12,6,4,621,260.82,2744.82,MBR,Home and kitchen,Academic
48360187417,268108,25-05-2012,1,2,-5,-281,147.525,-1552.525,e-Shop,Footwear,Women
13842671230,272591,25-05-2012,11,5,2,567,119.07,1253.07,e-Shop,Books,Children
53214981842,268335,25-05-2012,9,3,5,537,281.925,2966.925,e-Shop,Electronics,Cameras
57279637013,268292,25-05-2012,3,2,4,188,78.96,830.96,e-Shop,Footwear,Kids
20275212476,267838,25-05-2012,6,5,4,296,124.32,1308.32,e-Shop,Books,DIY
3061203474,273862,25-05-2012,4,4,3,262,82.53,868.53,MBR,Bags,Mens
10776738080,267727,25-05-2012,11,6,5,491,257.775,2712.775,MBR,Home and kitchen,Children
91808738748,269732,25-05-2012,11,5,2,736,154.56,1626.56,Flagship store,Books,Children
87135941004,271825,25-05-2012,10,5,1,830,87.15,917.15,TeleShop,Books,Audio and video
65328588055,268787,25-05-2012,12,5,1,1388,145.74,1533.74,TeleShop,Books,Academic
94513379483,272172,25-05-2012,4,2,3,270,85.05,895.05,TeleShop,Footwear,Mens
74261841249,268167,25-05-2012,12,5,5,1440,756,7956,e-Shop,Books,Academic
21686696044,271346,24-05-2012,4,3,1,383,40.215,423.215,e-Shop,Electronics,Mens
16248636558,273911,24-05-2012,4,3,3,1023,322.245,3391.245,TeleShop,Electronics,Mens
32829884082,269901,24-05-2012,10,3,2,412,86.52,910.52,e-Shop,Electronics,Audio and video
11544396891,270527,24-05-2012,4,4,1,755,79.275,834.275,TeleShop,Bags,Mens
6359954283,274317,24-05-2012,4,2,1,440,46.2,486.2,MBR,Footwear,Mens
26164443869,266903,24-05-2012,4,4,4,820,344.4,3624.4,MBR,Bags,Mens
32628449178,268934,24-05-2012,10,6,2,303,63.63,669.63,e-Shop,Home and kitchen,Audio and video
27207150046,270188,24-05-2012,1,1,2,937,196.77,2070.77,Flagship store,Clothing,Women
46962044615,268339,24-05-2012,11,5,3,1095,344.925,3629.925,e-Shop,Books,Children
6583650463,271111,24-05-2012,4,1,1,1396,146.58,1542.58,MBR,Clothing,Mens
22348397292,272473,24-05-2012,4,4,-3,-1193,375.795,-3954.795,MBR,Bags,Mens
14313576559,268879,24-05-2012,6,5,4,1370,575.4,6055.4,e-Shop,Books,DIY
10376387913,267768,24-05-2012,3,5,-5,-518,271.95,-2861.95,e-Shop,Books,Kids
29309053492,273509,24-05-2012,3,1,-3,-88,27.72,-291.72,MBR,Clothing,Kids
67108215874,269118,24-05-2012,3,2,4,519,217.98,2293.98,TeleShop,Footwear,Kids
77458146994,274115,24-05-2012,10,3,4,1339,562.38,5918.38,MBR,Electronics,Audio and video
78377303011,274535,24-05-2012,1,1,1,174,18.27,192.27,e-Shop,Clothing,Women
67969548954,269511,24-05-2012,3,1,1,930,97.65,1027.65,TeleShop,Clothing,Kids
89927933329,273465,24-05-2012,6,5,3,1266,398.79,4196.79,MBR,Books,DIY
85158625003,269930,24-05-2012,1,2,5,527,276.675,2911.675,MBR,Footwear,Women
77600709985,267359,24-05-2012,1,2,3,626,197.19,2075.19,TeleShop,Footwear,Women
50434955476,273992,23-05-2012,1,2,2,1386,291.06,3063.06,TeleShop,Footwear,Women
36323089810,272532,23-05-2012,4,3,1,600,63,663,e-Shop,Electronics,Mens
234608322,268231,23-05-2012,11,6,5,1487,780.675,8215.675,e-Shop,Home and kitchen,Children
11646855377,268461,23-05-2012,1,1,2,684,143.64,1511.64,TeleShop,Clothing,Women
36935092840,273043,23-05-2012,2,6,1,539,56.595,595.595,e-Shop,Home and kitchen,Furnishing
29309053492,273509,23-05-2012,3,1,3,88,27.72,291.72,MBR,Clothing,Kids
29225125487,268647,23-05-2012,3,5,1,192,20.16,212.16,Flagship store,Books,Kids
38174740143,273563,23-05-2012,4,3,1,478,50.19,528.19,TeleShop,Electronics,Mens
38850510144,270602,23-05-2012,5,3,1,204,21.42,225.42,e-Shop,Electronics,Computers
52372670066,268584,23-05-2012,5,3,5,632,331.8,3491.8,e-Shop,Electronics,Computers
51012814708,267324,23-05-2012,4,2,1,1347,141.435,1488.435,TeleShop,Footwear,Mens
31017831008,268729,23-05-2012,3,5,4,82,34.44,362.44,Flagship store,Books,Kids
48193283135,275089,23-05-2012,8,3,2,316,66.36,698.36,Flagship store,Electronics,Personal Appliances
42048464761,266856,23-05-2012,3,2,2,1251,262.71,2764.71,TeleShop,Footwear,Kids
31286278279,269076,23-05-2012,12,5,4,89,37.38,393.38,e-Shop,Books,Academic
25408615129,273231,23-05-2012,3,5,1,247,25.935,272.935,e-Shop,Books,Kids
79703844845,269426,23-05-2012,11,5,3,792,249.48,2625.48,e-Shop,Books,Children
93171142071,272823,23-05-2012,7,5,-4,-623,261.66,-2753.66,Flagship store,Books,Fiction
94939361468,272155,23-05-2012,3,1,2,815,171.15,1801.15,Flagship store,Clothing,Kids
77212404013,273103,23-05-2012,1,1,3,868,273.42,2877.42,TeleShop,Clothing,Women
74032896563,267205,23-05-2012,5,3,2,114,23.94,251.94,MBR,Electronics,Computers
95546362682,267396,23-05-2012,4,3,-3,-717,225.855,-2376.855,Flagship store,Electronics,Mens
65602802391,270588,23-05-2012,6,5,3,1115,351.225,3696.225,e-Shop,Books,DIY
96176911576,266785,23-05-2012,10,6,5,1236,648.9,6828.9,Flagship store,Home and kitchen,Audio and video
78481398784,268078,23-05-2012,2,6,-2,-505,106.05,-1116.05,MBR,Home and kitchen,Furnishing
85591294267,273172,23-05-2012,7,5,4,924,388.08,4084.08,e-Shop,Books,Fiction
79937304388,275122,23-05-2012,3,2,4,378,158.76,1670.76,MBR,Footwear,Kids
75391504797,272410,23-05-2012,7,5,3,1317,414.855,4365.855,e-Shop,Books,Fiction
63500047523,274751,23-05-2012,1,1,4,1300,546,5746,TeleShop,Clothing,Women
79777629312,269091,23-05-2012,5,3,5,114,59.85,629.85,Flagship store,Electronics,Computers
6028506904,274604,22-05-2012,3,1,2,974,204.54,2152.54,MBR,Clothing,Kids
61325345460,274224,22-05-2012,4,3,4,74,31.08,327.08,TeleShop,Electronics,Mens
22883386455,270476,22-05-2012,4,2,4,898,377.16,3969.16,Flagship store,Footwear,Mens
16384406782,271599,22-05-2012,10,3,5,100,52.5,552.5,e-Shop,Electronics,Audio and video
41246792188,273828,22-05-2012,6,5,5,1477,775.425,8160.425,e-Shop,Books,DIY
5873052255,271822,22-05-2012,10,6,3,1338,421.47,4435.47,MBR,Home and kitchen,Audio and video
55745949709,271675,22-05-2012,12,6,5,1348,707.7,7447.7,MBR,Home and kitchen,Academic
9257163979,267338,22-05-2012,5,3,-4,-357,149.94,-1577.94,e-Shop,Electronics,Computers
40678873361,273238,22-05-2012,8,3,3,290,91.35,961.35,Flagship store,Electronics,Personal Appliances
54543089545,268082,22-05-2012,12,5,4,1045,438.9,4618.9,Flagship store,Books,Academic
52485201375,274541,22-05-2012,4,4,1,997,104.685,1101.685,e-Shop,Bags,Mens
96639834053,273091,22-05-2012,10,3,2,309,64.89,682.89,MBR,Electronics,Audio and video
71562082265,273802,22-05-2012,11,6,5,444,233.1,2453.1,TeleShop,Home and kitchen,Children
72878908579,273635,22-05-2012,6,5,-4,-207,86.94,-914.94,e-Shop,Books,DIY
79462290934,267552,22-05-2012,1,4,-3,-385,121.275,-1276.275,e-Shop,Bags,Women
97653068469,270632,22-05-2012,10,3,3,1258,396.27,4170.27,e-Shop,Electronics,Audio and video
63111118005,268402,21-05-2012,12,6,2,252,52.92,556.92,e-Shop,Home and kitchen,Academic
1089107131,274878,21-05-2012,1,1,4,1138,477.96,5029.96,TeleShop,Clothing,Women
57147904407,272077,21-05-2012,4,2,3,1135,357.525,3762.525,Flagship store,Footwear,Mens
21907133329,271459,21-05-2012,4,4,4,1170,491.4,5171.4,MBR,Bags,Mens
8870044144,272589,21-05-2012,12,6,-3,-1093,344.295,-3623.295,TeleShop,Home and kitchen,Academic
3889171212,274729,21-05-2012,10,3,3,195,61.425,646.425,e-Shop,Electronics,Audio and video
4318484331,270527,21-05-2012,1,2,-5,-848,445.2,-4685.2,MBR,Footwear,Women
10376387913,267768,21-05-2012,3,5,5,518,271.95,2861.95,e-Shop,Books,Kids
22677453005,272823,21-05-2012,11,6,2,1280,268.8,2828.8,TeleShop,Home and kitchen,Children
51544424917,271971,21-05-2012,9,3,-3,-949,298.935,-3145.935,MBR,Electronics,Cameras
27638060997,267701,21-05-2012,4,4,1,523,54.915,577.915,e-Shop,Bags,Mens
35641916625,272517,21-05-2012,4,4,1,593,62.265,655.265,e-Shop,Bags,Mens
11121730553,272195,21-05-2012,11,6,2,903,189.63,1995.63,e-Shop,Home and kitchen,Children
25761874533,269331,21-05-2012,3,2,5,836,438.9,4618.9,TeleShop,Footwear,Kids
16256324034,267527,21-05-2012,4,4,1,342,35.91,377.91,e-Shop,Bags,Mens
58512361587,270246,21-05-2012,12,5,3,254,80.01,842.01,e-Shop,Books,Academic
98579906894,275076,21-05-2012,12,5,4,445,186.9,1966.9,TeleShop,Books,Academic
91301072661,271975,21-05-2012,12,5,5,533,279.825,2944.825,e-Shop,Books,Academic
67532216773,271964,21-05-2012,3,5,4,617,259.14,2727.14,e-Shop,Books,Kids
71436875045,274662,21-05-2012,10,5,4,507,212.94,2240.94,Flagship store,Books,Audio and video
75227483903,273186,21-05-2012,11,5,4,483,202.86,2134.86,e-Shop,Books,Children
98866239438,270681,21-05-2012,12,6,5,259,135.975,1430.975,Flagship store,Home and kitchen,Academic
84274285713,271994,21-05-2012,9,3,5,483,253.575,2668.575,TeleShop,Electronics,Cameras
71070303426,269189,21-05-2012,4,2,2,410,86.1,906.1,Flagship store,Footwear,Mens
81904564239,272193,21-05-2012,9,3,3,776,244.44,2572.44,TeleShop,Electronics,Cameras
60531327617,273328,20-05-2012,12,6,1,728,76.44,804.44,MBR,Home and kitchen,Academic
22348397292,272473,20-05-2012,4,4,3,1193,375.795,3954.795,MBR,Bags,Mens
24117014762,273290,20-05-2012,5,3,4,315,132.3,1392.3,MBR,Electronics,Computers
49816530310,269173,20-05-2012,6,5,2,127,26.67,280.67,e-Shop,Books,DIY
16173166969,274811,20-05-2012,4,3,1,788,82.74,870.74,MBR,Electronics,Mens
41473672445,270171,20-05-2012,7,5,2,1021,214.41,2256.41,Flagship store,Books,Fiction
9861709989,268348,20-05-2012,4,2,1,605,63.525,668.525,e-Shop,Footwear,Mens
10013640089,268327,20-05-2012,5,3,-2,-578,121.38,-1277.38,MBR,Electronics,Computers
18447049473,269053,20-05-2012,2,6,3,144,45.36,477.36,e-Shop,Home and kitchen,Furnishing
24054291215,272636,20-05-2012,4,3,3,1103,347.445,3656.445,e-Shop,Electronics,Mens
95350533084,275045,20-05-2012,2,6,5,516,270.9,2850.9,Flagship store,Home and kitchen,Furnishing
64169103450,271341,20-05-2012,4,3,-5,-1407,738.675,-7773.675,e-Shop,Electronics,Mens
66513630927,273088,20-05-2012,12,6,2,1156,242.76,2554.76,Flagship store,Home and kitchen,Academic
94901019014,270963,20-05-2012,12,6,2,1234,259.14,2727.14,e-Shop,Home and kitchen,Academic
86056148765,271643,20-05-2012,4,1,1,1352,141.96,1493.96,Flagship store,Clothing,Mens
80659355857,267918,20-05-2012,7,5,2,694,145.74,1533.74,TeleShop,Books,Fiction
99165167802,268487,20-05-2012,3,5,5,487,255.675,2690.675,MBR,Books,Kids
72878908579,273635,20-05-2012,6,5,4,207,86.94,914.94,e-Shop,Books,DIY
92900863552,267260,20-05-2012,1,4,5,742,389.55,4099.55,e-Shop,Bags,Women
81187825574,269139,20-05-2012,12,6,-3,-996,313.74,-3301.74,e-Shop,Home and kitchen,Academic
31119918963,271094,19-05-2012,3,1,4,620,260.4,2740.4,MBR,Clothing,Kids
8870044144,272589,19-05-2012,12,6,3,1093,344.295,3623.295,TeleShop,Home and kitchen,Academic
46054759240,271041,19-05-2012,1,2,3,915,288.225,3033.225,e-Shop,Footwear,Women
40560692463,267309,19-05-2012,11,6,4,600,252,2652,TeleShop,Home and kitchen,Children
44321447052,271836,19-05-2012,1,2,4,1465,615.3,6475.3,e-Shop,Footwear,Women
426787191,273106,19-05-2012,1,2,-5,-109,57.225,-602.225,e-Shop,Footwear,Women
37002728071,272910,19-05-2012,10,6,2,503,105.63,1111.63,e-Shop,Home and kitchen,Audio and video
32653278933,271834,19-05-2012,4,1,3,1043,328.545,3457.545,TeleShop,Clothing,Mens
11974703760,271461,19-05-2012,5,3,2,808,169.68,1785.68,e-Shop,Electronics,Computers
61938977100,270824,19-05-2012,5,3,4,1313,551.46,5803.46,e-Shop,Electronics,Computers
26857541612,267987,19-05-2012,4,4,4,629,264.18,2780.18,Flagship store,Bags,Mens
91216483704,268299,19-05-2012,10,6,1,594,62.37,656.37,e-Shop,Home and kitchen,Audio and video
78650376258,275125,19-05-2012,3,2,4,432,181.44,1909.44,TeleShop,Footwear,Kids
98093114529,267210,19-05-2012,1,4,3,785,247.275,2602.275,TeleShop,Bags,Women
64169103450,271341,19-05-2012,4,3,5,1407,738.675,7773.675,e-Shop,Electronics,Mens
90276658974,272803,19-05-2012,6,5,4,1103,463.26,4875.26,TeleShop,Books,DIY
47610019007,269529,18-05-2012,12,6,5,392,205.8,2165.8,e-Shop,Home and kitchen,Academic
426787191,273106,18-05-2012,1,2,5,109,57.225,602.225,e-Shop,Footwear,Women
1403210199,271045,18-05-2012,1,2,1,894,93.87,987.87,TeleShop,Footwear,Women
56415438324,274708,18-05-2012,7,5,5,553,290.325,3055.325,Flagship store,Books,Fiction
18809274142,270293,18-05-2012,4,1,-1,-491,51.555,-542.555,TeleShop,Clothing,Mens
39809399928,268500,18-05-2012,4,1,5,1122,589.05,6199.05,MBR,Clothing,Mens
18260889275,271806,18-05-2012,3,5,5,386,202.65,2132.65,e-Shop,Books,Kids
49033631235,268525,18-05-2012,4,2,2,1157,242.97,2556.97,TeleShop,Footwear,Mens
60488411526,268558,18-05-2012,8,3,-4,-385,161.7,-1701.7,Flagship store,Electronics,Personal Appliances
20731217772,272970,18-05-2012,3,2,4,1070,449.4,4729.4,e-Shop,Footwear,Kids
18134431462,269873,18-05-2012,11,5,-1,-967,101.535,-1068.535,e-Shop,Books,Children
37742762673,270553,18-05-2012,7,5,4,1338,561.96,5913.96,TeleShop,Books,Fiction
25364328005,275030,18-05-2012,4,4,4,974,409.08,4305.08,e-Shop,Bags,Mens
1135792965,274147,18-05-2012,12,5,4,593,249.06,2621.06,e-Shop,Books,Academic
60845363011,274640,18-05-2012,1,4,5,589,309.225,3254.225,e-Shop,Bags,Women
46368808489,274632,18-05-2012,10,3,1,916,96.18,1012.18,e-Shop,Electronics,Audio and video
21978825379,272633,18-05-2012,7,5,5,967,507.675,5342.675,MBR,Books,Fiction
30413421909,269096,18-05-2012,4,4,2,342,71.82,755.82,Flagship store,Bags,Mens
20225338122,269535,18-05-2012,3,2,1,1197,125.685,1322.685,e-Shop,Footwear,Kids
3290814749,270584,18-05-2012,4,3,2,545,114.45,1204.45,e-Shop,Electronics,Mens
26578177442,267943,18-05-2012,9,3,4,1003,421.26,4433.26,e-Shop,Electronics,Cameras
80746678505,267189,18-05-2012,11,6,1,1365,143.325,1508.325,TeleShop,Home and kitchen,Children
65790309421,272831,18-05-2012,3,5,4,673,282.66,2974.66,e-Shop,Books,Kids
86928523204,267107,18-05-2012,3,1,5,382,200.55,2110.55,e-Shop,Clothing,Kids
81111636654,269190,18-05-2012,5,3,3,928,292.32,3076.32,MBR,Electronics,Computers
96290151443,272613,18-05-2012,3,2,1,947,99.435,1046.435,Flagship store,Footwear,Kids
78481398784,268078,18-05-2012,2,6,2,505,106.05,1116.05,MBR,Home and kitchen,Furnishing
99191597466,272035,18-05-2012,10,5,2,914,191.94,2019.94,e-Shop,Books,Audio and video
83890809130,267864,18-05-2012,4,1,3,470,148.05,1558.05,TeleShop,Clothing,Mens
17259746957,272740,17-05-2012,3,1,3,718,226.17,2380.17,MBR,Clothing,Kids
19527884776,273317,17-05-2012,5,3,1,257,26.985,283.985,Flagship store,Electronics,Computers
54464251270,269673,17-05-2012,2,6,5,785,412.125,4337.125,TeleShop,Home and kitchen,Furnishing
52309598449,274715,17-05-2012,10,5,5,561,294.525,3099.525,e-Shop,Books,Audio and video
7183554375,268006,17-05-2012,12,5,4,1181,496.02,5220.02,MBR,Books,Academic
4318484331,270527,17-05-2012,1,2,5,848,445.2,4685.2,MBR,Footwear,Women
51850602476,271961,17-05-2012,3,5,1,1296,136.08,1432.08,e-Shop,Books,Kids
38283696934,269600,17-05-2012,4,2,-2,-1398,293.58,-3089.58,Flagship store,Footwear,Mens
33642676144,271087,17-05-2012,12,5,4,562,236.04,2484.04,MBR,Books,Academic
35015407461,267536,17-05-2012,7,5,1,76,7.98,83.98,MBR,Books,Fiction
32357928155,268032,17-05-2012,3,2,3,1436,452.34,4760.34,Flagship store,Footwear,Kids
73094513225,271183,17-05-2012,3,5,3,545,171.675,1806.675,Flagship store,Books,Kids
77729146791,269949,17-05-2012,10,6,2,1324,278.04,2926.04,MBR,Home and kitchen,Audio and video
65095392843,272209,17-05-2012,2,6,4,1191,500.22,5264.22,e-Shop,Home and kitchen,Furnishing
79462290934,267552,17-05-2012,1,4,3,385,121.275,1276.275,e-Shop,Bags,Women
68658514751,267248,17-05-2012,9,3,-2,-277,58.17,-612.17,Flagship store,Electronics,Cameras
85412539745,267068,17-05-2012,10,3,5,1132,594.3,6254.3,e-Shop,Electronics,Audio and video
71969890906,270008,17-05-2012,11,5,-2,-979,205.59,-2163.59,MBR,Books,Children
75648498128,272301,17-05-2012,11,6,2,796,167.16,1759.16,e-Shop,Home and kitchen,Children
70070982388,269095,17-05-2012,2,6,4,152,63.84,671.84,e-Shop,Home and kitchen,Furnishing
96623093056,274432,17-05-2012,2,6,3,1034,325.71,3427.71,Flagship store,Home and kitchen,Furnishing
64271660786,273829,17-05-2012,3,1,2,1048,220.08,2316.08,Flagship store,Clothing,Kids
98451448084,269854,17-05-2012,3,1,3,307,96.705,1017.705,TeleShop,Clothing,Kids
7612353477,271817,16-05-2012,1,2,2,1083,227.43,2393.43,e-Shop,Footwear,Women
38283696934,269600,16-05-2012,4,2,2,1398,293.58,3089.58,Flagship store,Footwear,Mens
62261395594,272912,16-05-2012,11,6,5,954,500.85,5270.85,TeleShop,Home and kitchen,Children
10314656055,272982,16-05-2012,9,3,3,836,263.34,2771.34,TeleShop,Electronics,Cameras
34031952789,270051,16-05-2012,11,5,5,673,353.325,3718.325,TeleShop,Books,Children
6604468096,269717,16-05-2012,3,5,1,773,81.165,854.165,Flagship store,Books,Kids
57860337828,273267,16-05-2012,11,6,5,831,436.275,4591.275,MBR,Home and kitchen,Children
32303616354,272070,16-05-2012,10,3,2,476,99.96,1051.96,e-Shop,Electronics,Audio and video
7613094867,272937,16-05-2012,12,5,4,584,245.28,2581.28,e-Shop,Books,Academic
15963042654,271942,16-05-2012,4,4,5,829,435.225,4580.225,TeleShop,Bags,Mens
46856146824,274816,16-05-2012,11,6,2,1410,296.1,3116.1,Flagship store,Home and kitchen,Children
10415710274,273229,16-05-2012,4,1,-4,-96,40.32,-424.32,e-Shop,Clothing,Mens
5196512154,268138,16-05-2012,6,5,5,536,281.4,2961.4,e-Shop,Books,DIY
48360187417,268108,16-05-2012,1,2,5,281,147.525,1552.525,e-Shop,Footwear,Women
23603099843,271367,16-05-2012,3,1,4,656,275.52,2899.52,e-Shop,Clothing,Kids
93571094682,270077,16-05-2012,12,6,4,271,113.82,1197.82,e-Shop,Home and kitchen,Academic
93171142071,272823,16-05-2012,7,5,4,623,261.66,2753.66,Flagship store,Books,Fiction
93235218572,274649,16-05-2012,3,1,3,759,239.085,2516.085,TeleShop,Clothing,Kids
77889052080,271762,16-05-2012,4,3,3,273,85.995,904.995,Flagship store,Electronics,Mens
70503754311,267826,16-05-2012,1,1,4,195,81.9,861.9,Flagship store,Clothing,Women
93032705372,272517,16-05-2012,3,1,5,219,114.975,1209.975,TeleShop,Clothing,Kids
81187825574,269139,16-05-2012,12,6,3,996,313.74,3301.74,e-Shop,Home and kitchen,Academic
82332071219,273541,16-05-2012,3,1,1,667,70.035,737.035,MBR,Clothing,Kids
75271938392,274383,16-05-2012,4,2,1,1261,132.405,1393.405,TeleShop,Footwear,Mens
82653956362,269235,16-05-2012,10,6,-1,-661,69.405,-730.405,e-Shop,Home and kitchen,Audio and video
37620863587,272465,15-05-2012,1,2,2,259,54.39,572.39,Flagship store,Footwear,Women
17428839618,272103,15-05-2012,1,1,4,398,167.16,1759.16,e-Shop,Clothing,Women
9791977554,274489,15-05-2012,12,6,1,1274,133.77,1407.77,MBR,Home and kitchen,Academic
20360014384,274515,15-05-2012,3,5,2,445,93.45,983.45,e-Shop,Books,Kids
95546362682,267396,15-05-2012,4,3,3,717,225.855,2376.855,Flagship store,Electronics,Mens
90851005490,275063,15-05-2012,12,5,5,943,495.075,5210.075,e-Shop,Books,Academic
63820909847,268636,15-05-2012,4,4,5,830,435.75,4585.75,e-Shop,Bags,Mens
67014810485,268880,15-05-2012,1,1,3,1160,365.4,3845.4,TeleShop,Clothing,Women
96506596220,274952,15-05-2012,11,6,1,1064,111.72,1175.72,e-Shop,Home and kitchen,Children
79061708111,269283,15-05-2012,3,2,5,221,116.025,1221.025,Flagship store,Footwear,Kids
68927897305,268871,15-05-2012,10,5,1,1448,152.04,1600.04,e-Shop,Books,Audio and video
27874512178,268518,14-05-2012,5,3,5,1155,606.375,6381.375,MBR,Electronics,Computers
303170923,266992,14-05-2012,4,4,3,1106,348.39,3666.39,e-Shop,Bags,Mens
30142929407,273060,14-05-2012,3,1,3,427,134.505,1415.505,Flagship store,Clothing,Kids
57735247230,268082,14-05-2012,11,6,2,1351,283.71,2985.71,MBR,Home and kitchen,Children
29032953303,275045,14-05-2012,12,6,4,303,127.26,1339.26,MBR,Home and kitchen,Academic
63054471573,271547,14-05-2012,10,5,3,755,237.825,2502.825,Flagship store,Books,Audio and video
57536919617,268081,14-05-2012,9,3,2,836,175.56,1847.56,e-Shop,Electronics,Cameras
32250455876,269392,14-05-2012,10,3,2,134,28.14,296.14,e-Shop,Electronics,Audio and video
49720460081,270241,14-05-2012,6,5,3,1271,400.365,4213.365,TeleShop,Books,DIY
9257163979,267338,14-05-2012,5,3,4,357,149.94,1577.94,e-Shop,Electronics,Computers
74708026250,271477,14-05-2012,10,5,5,906,475.65,5005.65,TeleShop,Books,Audio and video
96054394255,273935,14-05-2012,3,2,3,950,299.25,3149.25,MBR,Footwear,Kids
76570529457,269332,14-05-2012,5,3,1,220,23.1,243.1,e-Shop,Electronics,Computers
65010458934,267265,14-05-2012,10,5,4,1375,577.5,6077.5,Flagship store,Books,Audio and video
86774049118,267895,14-05-2012,10,6,-2,-432,90.72,-954.72,MBR,Home and kitchen,Audio and video
31645886258,272438,13-05-2012,12,5,-3,-592,186.48,-1962.48,Flagship store,Books,Academic
40673019845,274813,13-05-2012,8,3,1,741,77.805,818.805,e-Shop,Electronics,Personal Appliances
20009614379,269805,13-05-2012,3,1,-1,-306,32.13,-338.13,Flagship store,Clothing,Kids
17061046636,273229,13-05-2012,12,6,3,676,212.94,2240.94,Flagship store,Home and kitchen,Academic
21663198292,275038,13-05-2012,6,5,1,1072,112.56,1184.56,Flagship store,Books,DIY
17638195396,269959,13-05-2012,7,5,3,1425,448.875,4723.875,e-Shop,Books,Fiction
54792657128,269018,13-05-2012,5,3,4,370,155.4,1635.4,TeleShop,Electronics,Computers
26899304163,267715,13-05-2012,12,5,3,646,203.49,2141.49,Flagship store,Books,Academic
26751966025,274427,13-05-2012,1,1,-2,-761,159.81,-1681.81,Flagship store,Clothing,Women
91128185478,270955,13-05-2012,5,3,5,569,298.725,3143.725,MBR,Electronics,Computers
76328016565,267398,13-05-2012,1,2,2,413,86.73,912.73,e-Shop,Footwear,Women
78852057116,270212,13-05-2012,12,5,5,1106,580.65,6110.65,TeleShop,Books,Academic
87990431324,270451,13-05-2012,9,3,3,873,274.995,2893.995,Flagship store,Electronics,Cameras
79955170058,269940,13-05-2012,10,6,-5,-964,506.1,-5326.1,e-Shop,Home and kitchen,Audio and video
84654389282,274930,13-05-2012,3,5,4,1343,564.06,5936.06,TeleShop,Books,Kids
71969890906,270008,13-05-2012,11,5,2,979,205.59,2163.59,MBR,Books,Children
99547706002,271323,13-05-2012,3,2,-4,-77,32.34,-340.34,e-Shop,Footwear,Kids
58720530877,267017,12/5/2012,3,1,4,1412,593.04,6241.04,MBR,Clothing,Kids
36007527124,268243,12/5/2012,10,6,1,1191,125.055,1316.055,MBR,Home and kitchen,Audio and video
52802874212,271763,12/5/2012,3,5,3,110,34.65,364.65,TeleShop,Books,Kids
18688461360,272417,12/5/2012,12,5,1,1049,110.145,1159.145,Flagship store,Books,Academic
20941179134,270059,12/5/2012,12,5,1,90,9.45,99.45,Flagship store,Books,Academic
46697070448,275252,12/5/2012,8,3,5,647,339.675,3574.675,e-Shop,Electronics,Personal Appliances
35756156848,273758,12/5/2012,1,1,4,987,414.54,4362.54,MBR,Clothing,Women
10013640089,268327,12/5/2012,5,3,2,578,121.38,1277.38,MBR,Electronics,Computers
9130684115,271852,12/5/2012,8,3,3,1412,444.78,4680.78,e-Shop,Electronics,Personal Appliances
20062057662,274107,12/5/2012,4,2,5,1348,707.7,7447.7,e-Shop,Footwear,Mens
98430280751,271690,12/5/2012,8,3,3,920,289.8,3049.8,TeleShop,Electronics,Personal Appliances
87732536702,273205,12/5/2012,12,6,2,879,184.59,1942.59,MBR,Home and kitchen,Academic
66699727430,269947,12/5/2012,9,3,4,1486,624.12,6568.12,e-Shop,Electronics,Cameras
81354883610,274136,12/5/2012,11,6,3,672,211.68,2227.68,e-Shop,Home and kitchen,Children
95197939843,272461,12/5/2012,12,5,2,1072,225.12,2369.12,Flagship store,Books,Academic
78171531263,271614,12/5/2012,4,2,-2,-1275,267.75,-2817.75,MBR,Footwear,Mens
83123798746,274313,12/5/2012,10,6,1,1105,116.025,1221.025,MBR,Home and kitchen,Audio and video
77461976216,274786,12/5/2012,4,2,-5,-1086,570.15,-6000.15,e-Shop,Footwear,Mens
66786209953,267522,12/5/2012,7,5,3,1013,319.095,3358.095,MBR,Books,Fiction
97643861480,268526,12/5/2012,6,5,5,790,414.75,4364.75,Flagship store,Books,DIY
83077635670,272225,12/5/2012,1,4,3,1169,368.235,3875.235,e-Shop,Bags,Women
94347435336,267058,12/5/2012,1,4,-5,-568,298.2,-3138.2,MBR,Bags,Women
38132009638,272910,11/5/2012,11,6,2,1290,270.9,2850.9,e-Shop,Home and kitchen,Children
43332655650,271487,11/5/2012,3,2,4,557,233.94,2461.94,MBR,Footwear,Kids
18134431462,269873,11/5/2012,11,5,1,967,101.535,1068.535,e-Shop,Books,Children
57911439738,273411,11/5/2012,11,5,2,151,31.71,333.71,e-Shop,Books,Children
44499339341,271363,11/5/2012,10,6,5,477,250.425,2635.425,TeleShop,Home and kitchen,Audio and video
22669720199,275033,11/5/2012,12,6,2,707,148.47,1562.47,TeleShop,Home and kitchen,Academic
51544424917,271971,11/5/2012,9,3,3,949,298.935,3145.935,MBR,Electronics,Cameras
19474706905,268558,11/5/2012,10,3,1,399,41.895,440.895,e-Shop,Electronics,Audio and video
33717987022,270182,11/5/2012,10,3,5,1020,535.5,5635.5,TeleShop,Electronics,Audio and video
49037882774,273995,11/5/2012,10,3,2,822,172.62,1816.62,TeleShop,Electronics,Audio and video
55229190220,267756,11/5/2012,4,1,5,296,155.4,1635.4,Flagship store,Clothing,Mens
11429712894,271100,11/5/2012,6,5,5,179,93.975,988.975,e-Shop,Books,DIY
42811791890,274450,11/5/2012,3,1,4,651,273.42,2877.42,e-Shop,Clothing,Kids
25411724532,272476,11/5/2012,7,5,4,1113,467.46,4919.46,MBR,Books,Fiction
4943902118,273989,11/5/2012,4,1,3,921,290.115,3053.115,MBR,Clothing,Mens
51258555764,271868,11/5/2012,9,3,3,647,203.805,2144.805,Flagship store,Electronics,Cameras
10415710274,273229,11/5/2012,4,1,4,96,40.32,424.32,e-Shop,Clothing,Mens
55033758008,270894,11/5/2012,6,5,1,497,52.185,549.185,e-Shop,Books,DIY
56438235308,271838,11/5/2012,4,4,5,293,153.825,1618.825,e-Shop,Bags,Mens
23718339061,270188,11/5/2012,1,4,-3,-1273,400.995,-4219.995,e-Shop,Bags,Women
36231965585,270520,11/5/2012,10,3,2,1411,296.31,3118.31,Flagship store,Electronics,Audio and video
75045373979,268015,11/5/2012,2,6,4,1045,438.9,4618.9,e-Shop,Home and kitchen,Furnishing
88191527251,273987,11/5/2012,12,6,1,140,14.7,154.7,TeleShop,Home and kitchen,Academic
77080827310,273250,11/5/2012,5,3,2,190,39.9,419.9,e-Shop,Electronics,Computers
93503172574,270071,11/5/2012,1,2,5,159,83.475,878.475,e-Shop,Footwear,Women
86840028169,272142,11/5/2012,5,3,2,541,113.61,1195.61,MBR,Electronics,Computers
91735093518,270688,11/5/2012,10,5,2,207,43.47,457.47,e-Shop,Books,Audio and video
79076034541,274475,11/5/2012,11,5,5,1448,760.2,8000.2,Flagship store,Books,Children
82930273016,274679,11/5/2012,2,6,-5,-1201,630.525,-6635.525,TeleShop,Home and kitchen,Furnishing
99547706002,271323,11/5/2012,3,2,4,77,32.34,340.34,e-Shop,Footwear,Kids
81238457482,273929,11/5/2012,3,2,4,1022,429.24,4517.24,MBR,Footwear,Kids
8973300884,269982,10/5/2012,12,5,5,999,524.475,5519.475,e-Shop,Books,Academic
9470681500,267266,10/5/2012,2,6,3,592,186.48,1962.48,e-Shop,Home and kitchen,Furnishing
50882742305,274813,10/5/2012,10,3,5,985,517.125,5442.125,e-Shop,Electronics,Audio and video
21459715581,269965,10/5/2012,11,5,-3,-377,118.755,-1249.755,TeleShop,Books,Children
61638129439,267467,10/5/2012,4,2,5,996,522.9,5502.9,e-Shop,Footwear,Mens
39230745204,269472,10/5/2012,11,5,1,1032,108.36,1140.36,MBR,Books,Children
44707490574,268991,10/5/2012,4,3,4,1280,537.6,5657.6,e-Shop,Electronics,Mens
60274767933,272479,10/5/2012,3,2,2,111,23.31,245.31,MBR,Footwear,Kids
61443800857,267395,10/5/2012,4,3,2,410,86.1,906.1,MBR,Electronics,Mens
32602349114,274561,10/5/2012,1,2,5,677,355.425,3740.425,e-Shop,Footwear,Women
58912077171,273555,10/5/2012,11,5,-1,-615,64.575,-679.575,TeleShop,Books,Children
1377815749,274654,10/5/2012,10,6,4,770,323.4,3403.4,MBR,Home and kitchen,Audio and video
53316816036,269657,10/5/2012,11,6,1,402,42.21,444.21,Flagship store,Home and kitchen,Children
49915493246,274476,10/5/2012,12,6,3,472,148.68,1564.68,e-Shop,Home and kitchen,Academic
9950932835,269703,10/5/2012,11,5,3,1432,451.08,4747.08,e-Shop,Books,Children
62294012792,269054,10/5/2012,5,3,1,1397,146.685,1543.685,TeleShop,Electronics,Computers
49558271795,272632,10/5/2012,7,5,1,828,86.94,914.94,TeleShop,Books,Fiction
46385401052,273914,10/5/2012,10,6,-3,-385,121.275,-1276.275,MBR,Home and kitchen,Audio and video
23203769756,274232,10/5/2012,3,1,1,422,44.31,466.31,TeleShop,Clothing,Kids
70460239044,271768,10/5/2012,11,5,-4,-905,380.1,-4000.1,Flagship store,Books,Children
71186901320,269533,10/5/2012,11,5,1,1391,146.055,1537.055,Flagship store,Books,Children
64639988779,273234,10/5/2012,2,6,2,701,147.21,1549.21,e-Shop,Home and kitchen,Furnishing
80075837949,267942,10/5/2012,10,5,3,1163,366.345,3855.345,TeleShop,Books,Audio and video
82930273016,274679,10/5/2012,2,6,5,1201,630.525,6635.525,TeleShop,Home and kitchen,Furnishing
64009165017,272568,10/5/2012,2,6,-4,-859,360.78,-3796.78,TeleShop,Home and kitchen,Furnishing
65957599436,271789,10/5/2012,3,2,3,762,240.03,2526.03,Flagship store,Footwear,Kids
96494578071,275066,10/5/2012,12,6,3,702,221.13,2327.13,e-Shop,Home and kitchen,Academic
9169575642,269085,9/5/2012,12,5,3,380,119.7,1259.7,e-Shop,Books,Academic
6151874489,271113,9/5/2012,10,5,5,1302,683.55,7193.55,Flagship store,Books,Audio and video
4578905865,274603,9/5/2012,12,6,5,525,275.625,2900.625,Flagship store,Home and kitchen,Academic
18809274142,270293,9/5/2012,4,1,1,491,51.555,542.555,TeleShop,Clothing,Mens
55608840662,274966,9/5/2012,4,4,5,998,523.95,5513.95,Flagship store,Bags,Mens
2550185020,271601,9/5/2012,4,2,3,1196,376.74,3964.74,e-Shop,Footwear,Mens
32232701316,270535,9/5/2012,12,6,3,570,179.55,1889.55,e-Shop,Home and kitchen,Academic
21297411785,270484,9/5/2012,3,2,1,682,71.61,753.61,Flagship store,Footwear,Kids
79064918927,267658,9/5/2012,9,3,3,252,79.38,835.38,MBR,Electronics,Cameras
98104460960,269956,9/5/2012,6,5,5,380,199.5,2099.5,e-Shop,Books,DIY
71479101845,273325,9/5/2012,1,2,1,1070,112.35,1182.35,MBR,Footwear,Women
74861989907,274671,9/5/2012,4,2,1,1093,114.765,1207.765,TeleShop,Footwear,Mens
95453236565,268356,9/5/2012,1,2,2,818,171.78,1807.78,e-Shop,Footwear,Women
94947076836,269175,9/5/2012,10,6,2,715,150.15,1580.15,e-Shop,Home and kitchen,Audio and video
78171531263,271614,9/5/2012,4,2,2,1275,267.75,2817.75,MBR,Footwear,Mens
79955170058,269940,9/5/2012,10,6,5,964,506.1,5326.1,e-Shop,Home and kitchen,Audio and video
75039992579,266814,9/5/2012,12,6,3,348,109.62,1153.62,e-Shop,Home and kitchen,Academic
69213564404,268765,9/5/2012,10,3,4,1278,536.76,5648.76,e-Shop,Electronics,Audio and video
87391899640,272339,9/5/2012,7,5,3,977,307.755,3238.755,Flagship store,Books,Fiction
45109046242,270093,8/5/2012,3,2,2,617,129.57,1363.57,e-Shop,Footwear,Kids
3689804153,270484,8/5/2012,8,3,2,760,159.6,1679.6,Flagship store,Electronics,Personal Appliances
45861554604,270386,8/5/2012,9,3,-1,-868,91.14,-959.14,MBR,Electronics,Cameras
42273617870,272479,8/5/2012,2,6,4,1309,549.78,5785.78,Flagship store,Home and kitchen,Furnishing
47031478016,268901,8/5/2012,4,4,3,823,259.245,2728.245,e-Shop,Bags,Mens
19234887437,270290,8/5/2012,12,6,2,1385,290.85,3060.85,e-Shop,Home and kitchen,Academic
48405072417,273485,8/5/2012,9,3,1,493,51.765,544.765,Flagship store,Electronics,Cameras
60488411526,268558,8/5/2012,8,3,4,385,161.7,1701.7,Flagship store,Electronics,Personal Appliances
39187532696,268290,8/5/2012,6,5,2,629,132.09,1390.09,e-Shop,Books,DIY
4526631155,274521,8/5/2012,6,5,4,370,155.4,1635.4,e-Shop,Books,DIY
3748265983,274295,8/5/2012,12,6,3,1448,456.12,4800.12,MBR,Home and kitchen,Academic
21459715581,269965,8/5/2012,11,5,3,377,118.755,1249.755,TeleShop,Books,Children
1177826790,273516,8/5/2012,10,5,5,1251,656.775,6911.775,MBR,Books,Audio and video
39926598925,274833,8/5/2012,4,2,1,666,69.93,735.93,TeleShop,Footwear,Mens
49654062912,272741,8/5/2012,6,5,3,694,218.61,2300.61,TeleShop,Books,DIY
84692214766,267806,8/5/2012,1,4,4,1498,629.16,6621.16,Flagship store,Bags,Women
72773890142,268660,8/5/2012,5,3,5,1043,547.575,5762.575,e-Shop,Electronics,Computers
91719081350,267117,8/5/2012,1,2,5,1232,646.8,6806.8,MBR,Footwear,Women
94347435336,267058,8/5/2012,1,4,5,568,298.2,3138.2,MBR,Bags,Women
77461976216,274786,8/5/2012,4,2,5,1086,570.15,6000.15,e-Shop,Footwear,Mens
68658514751,267248,8/5/2012,9,3,2,277,58.17,612.17,Flagship store,Electronics,Cameras
84028407922,270544,8/5/2012,4,4,4,824,346.08,3642.08,Flagship store,Bags,Mens
85226299454,267771,8/5/2012,10,3,4,736,309.12,3253.12,e-Shop,Electronics,Audio and video
94944235196,273829,8/5/2012,10,6,1,600,63,663,Flagship store,Home and kitchen,Audio and video
83272135212,269483,8/5/2012,3,2,2,130,27.3,287.3,MBR,Footwear,Kids
70460239044,271768,8/5/2012,11,5,4,905,380.1,4000.1,Flagship store,Books,Children
90759569714,271924,8/5/2012,3,2,2,647,135.87,1429.87,e-Shop,Footwear,Kids
69079606871,268395,8/5/2012,1,2,3,220,69.3,729.3,e-Shop,Footwear,Women
30402359089,270541,7/5/2012,3,2,1,795,83.475,878.475,TeleShop,Footwear,Kids
24204896486,267508,7/5/2012,12,6,3,434,136.71,1438.71,e-Shop,Home and kitchen,Academic
22412794100,273450,7/5/2012,12,6,1,1389,145.845,1534.845,TeleShop,Home and kitchen,Academic
26751966025,274427,7/5/2012,1,1,2,761,159.81,1681.81,Flagship store,Clothing,Women
40002877944,274008,7/5/2012,12,5,2,1070,224.7,2364.7,e-Shop,Books,Academic
24088543226,272055,7/5/2012,10,6,2,1310,275.1,2895.1,e-Shop,Home and kitchen,Audio and video
9110161727,269480,7/5/2012,11,6,5,1203,631.575,6646.575,e-Shop,Home and kitchen,Children
10050013657,268886,7/5/2012,11,6,5,85,44.625,469.625,Flagship store,Home and kitchen,Children
27307867365,274370,7/5/2012,9,3,4,1397,586.74,6174.74,e-Shop,Electronics,Cameras
34439878499,274590,7/5/2012,10,6,5,188,98.7,1038.7,TeleShop,Home and kitchen,Audio and video
27965319341,273215,7/5/2012,4,1,3,1232,388.08,4084.08,e-Shop,Clothing,Mens
49064259301,274551,7/5/2012,4,2,4,1293,543.06,5715.06,Flagship store,Footwear,Mens
46724350068,271225,7/5/2012,12,6,5,141,74.025,779.025,e-Shop,Home and kitchen,Academic
29103968287,267538,7/5/2012,9,3,2,153,32.13,338.13,TeleShop,Electronics,Cameras
54037981023,274593,7/5/2012,10,3,5,1276,669.9,7049.9,e-Shop,Electronics,Audio and video
28025714196,273850,7/5/2012,9,3,1,813,85.365,898.365,MBR,Electronics,Cameras
71335886700,269005,7/5/2012,2,6,1,784,82.32,866.32,TeleShop,Home and kitchen,Furnishing
97154058349,269884,7/5/2012,3,1,-5,-1162,610.05,-6420.05,TeleShop,Clothing,Kids
78580512711,267072,7/5/2012,10,6,1,881,92.505,973.505,Flagship store,Home and kitchen,Audio and video
82489678825,269362,7/5/2012,4,1,4,634,266.28,2802.28,MBR,Clothing,Mens
95071975814,273080,7/5/2012,8,3,1,777,81.585,858.585,Flagship store,Electronics,Personal Appliances
77601934444,272144,7/5/2012,5,3,5,1202,631.05,6641.05,e-Shop,Electronics,Computers
94290593121,272653,7/5/2012,2,6,1,396,41.58,437.58,Flagship store,Home and kitchen,Furnishing
76568032808,269300,7/5/2012,7,5,4,1232,517.44,5445.44,TeleShop,Books,Fiction
98979750666,266920,7/5/2012,11,6,4,497,208.74,2196.74,Flagship store,Home and kitchen,Children
69484771859,270225,7/5/2012,2,6,4,206,86.52,910.52,e-Shop,Home and kitchen,Furnishing
65328000122,271375,7/5/2012,10,6,2,838,175.98,1851.98,e-Shop,Home and kitchen,Audio and video
69012999167,273313,7/5/2012,4,3,1,1001,105.105,1106.105,TeleShop,Electronics,Mens
71599841046,266864,7/5/2012,1,2,5,595,312.375,3287.375,e-Shop,Footwear,Women
86279256236,269015,7/5/2012,10,6,-3,-173,54.495,-573.495,e-Shop,Home and kitchen,Audio and video
72648730581,269057,7/5/2012,5,3,4,615,258.3,2718.3,TeleShop,Electronics,Computers
8598284120,268628,6/5/2012,4,2,5,615,322.875,3397.875,e-Shop,Footwear,Mens
39614099257,270543,6/5/2012,3,2,5,358,187.95,1977.95,Flagship store,Footwear,Kids
21800396193,272207,6/5/2012,1,2,1,604,63.42,667.42,MBR,Footwear,Women
5374669897,267326,6/5/2012,11,6,5,1468,770.7,8110.7,Flagship store,Home and kitchen,Children
20009614379,269805,6/5/2012,3,1,1,306,32.13,338.13,Flagship store,Clothing,Kids
12270346585,273896,6/5/2012,3,1,1,871,91.455,962.455,e-Shop,Clothing,Kids
11593079001,267424,6/5/2012,7,5,1,1043,109.515,1152.515,Flagship store,Books,Fiction
51553443902,269297,6/5/2012,4,3,1,367,38.535,405.535,e-Shop,Electronics,Mens
32872574531,267182,6/5/2012,12,6,2,351,73.71,775.71,e-Shop,Home and kitchen,Academic
13561585272,272766,6/5/2012,2,6,1,1000,105,1105,e-Shop,Home and kitchen,Furnishing
49474470625,270561,6/5/2012,10,3,3,674,212.31,2234.31,e-Shop,Electronics,Audio and video
44181889324,266827,6/5/2012,11,6,2,986,207.06,2179.06,e-Shop,Home and kitchen,Children
90795651163,272915,6/5/2012,12,6,3,713,224.595,2363.595,e-Shop,Home and kitchen,Academic
66417417631,270657,6/5/2012,3,1,-1,-308,32.34,-340.34,e-Shop,Clothing,Kids
74513865735,274138,6/5/2012,10,3,2,357,74.97,788.97,MBR,Electronics,Audio and video
86774049118,267895,6/5/2012,10,6,2,432,90.72,954.72,MBR,Home and kitchen,Audio and video
82653956362,269235,6/5/2012,10,6,1,661,69.405,730.405,e-Shop,Home and kitchen,Audio and video
96115008851,271018,6/5/2012,6,5,4,1104,463.68,4879.68,Flagship store,Books,DIY
78360630562,269841,6/5/2012,10,5,3,846,266.49,2804.49,MBR,Books,Audio and video
87909554781,268301,6/5/2012,10,3,3,620,195.3,2055.3,Flagship store,Electronics,Audio and video
53037239816,270850,5/5/2012,4,3,2,340,71.4,751.4,e-Shop,Electronics,Mens
4544921967,268597,5/5/2012,12,5,1,1427,149.835,1576.835,TeleShop,Books,Academic
33846353056,275090,5/5/2012,4,1,5,681,357.525,3762.525,TeleShop,Clothing,Mens
55049742964,272336,5/5/2012,6,5,2,1270,266.7,2806.7,MBR,Books,DIY
38374642212,267683,5/5/2012,1,1,-4,-169,70.98,-746.98,e-Shop,Clothing,Women
31645886258,272438,5/5/2012,12,5,3,592,186.48,1962.48,Flagship store,Books,Academic
11873512081,267528,5/5/2012,11,6,4,1423,597.66,6289.66,MBR,Home and kitchen,Children
12073957250,274881,5/5/2012,12,5,5,406,213.15,2243.15,Flagship store,Books,Academic
95214378217,270583,5/5/2012,10,3,4,1394,585.48,6161.48,e-Shop,Electronics,Audio and video
68843271481,269441,5/5/2012,2,6,5,405,212.625,2237.625,TeleShop,Home and kitchen,Furnishing
78258383699,272951,5/5/2012,11,6,-3,-914,287.91,-3029.91,Flagship store,Home and kitchen,Children
95893265656,274509,5/5/2012,7,5,5,196,102.9,1082.9,e-Shop,Books,Fiction
77330480294,274534,5/5/2012,1,1,-3,-1285,404.775,-4259.775,e-Shop,Clothing,Women
71226432961,273606,5/5/2012,4,1,4,467,196.14,2064.14,e-Shop,Clothing,Mens
70555987621,275249,5/5/2012,9,3,1,774,81.27,855.27,e-Shop,Electronics,Cameras
77916821880,266960,5/5/2012,4,3,4,365,153.3,1613.3,TeleShop,Electronics,Mens
61459538667,273536,4/5/2012,8,3,1,556,58.38,614.38,TeleShop,Electronics,Personal Appliances
17363827295,271457,4/5/2012,10,3,5,1074,563.85,5933.85,e-Shop,Electronics,Audio and video
16090429609,271816,4/5/2012,4,3,2,898,188.58,1984.58,TeleShop,Electronics,Mens
18267960473,270443,4/5/2012,10,3,1,1399,146.895,1545.895,TeleShop,Electronics,Audio and video
54375738843,270852,4/5/2012,1,2,3,1251,394.065,4147.065,TeleShop,Footwear,Women
55039944588,273840,4/5/2012,10,6,1,1300,136.5,1436.5,MBR,Home and kitchen,Audio and video
23718339061,270188,4/5/2012,1,4,3,1273,400.995,4219.995,e-Shop,Bags,Women
58912077171,273555,4/5/2012,11,5,1,615,64.575,679.575,TeleShop,Books,Children
42609847505,270619,4/5/2012,9,3,2,576,120.96,1272.96,e-Shop,Electronics,Cameras
26988013774,268823,4/5/2012,3,2,3,822,258.93,2724.93,e-Shop,Footwear,Kids
27657088159,272017,4/5/2012,3,2,4,990,415.8,4375.8,Flagship store,Footwear,Kids
62011028094,273385,4/5/2012,9,3,3,607,191.205,2012.205,Flagship store,Electronics,Cameras
2032058518,266841,4/5/2012,4,4,4,304,127.68,1343.68,TeleShop,Bags,Mens
47821685639,268854,4/5/2012,1,2,1,422,44.31,466.31,e-Shop,Footwear,Women
62028528979,271302,4/5/2012,3,5,-5,-1387,728.175,-7663.175,e-Shop,Books,Kids
61940240426,267955,4/5/2012,10,5,5,1164,611.1,6431.1,e-Shop,Books,Audio and video
71841134322,268906,4/5/2012,6,5,-1,-940,98.7,-1038.7,MBR,Books,DIY
84588994340,268714,4/5/2012,3,2,3,1413,445.095,4684.095,e-Shop,Footwear,Kids
82546564782,268106,4/5/2012,3,2,3,797,251.055,2642.055,TeleShop,Footwear,Kids
89669434473,267053,4/5/2012,11,5,3,374,117.81,1239.81,e-Shop,Books,Children
69121545334,275237,4/5/2012,10,5,-1,-1294,135.87,-1429.87,Flagship store,Books,Audio and video
69994723675,275031,4/5/2012,10,5,-2,-1079,226.59,-2384.59,Flagship store,Books,Audio and video
92417894916,274863,4/5/2012,4,2,1,673,70.665,743.665,e-Shop,Footwear,Mens
77330480294,274534,4/5/2012,1,1,3,1285,404.775,4259.775,e-Shop,Clothing,Women
87660652341,267224,4/5/2012,8,3,-5,-125,65.625,-690.625,e-Shop,Electronics,Personal Appliances
80864920255,270542,4/5/2012,3,1,3,718,226.17,2380.17,TeleShop,Clothing,Kids
65643626293,271431,4/5/2012,1,2,4,473,198.66,2090.66,MBR,Footwear,Women
98337096209,271459,4/5/2012,5,3,5,1339,702.975,7397.975,TeleShop,Electronics,Computers
57123810351,267851,3/5/2012,3,2,3,504,158.76,1670.76,Flagship store,Footwear,Kids
4940101790,274703,3/5/2012,4,3,4,992,416.64,4384.64,e-Shop,Electronics,Mens
36870930708,274000,3/5/2012,9,3,1,489,51.345,540.345,TeleShop,Electronics,Cameras
55418525944,268936,3/5/2012,2,6,-3,-281,88.515,-931.515,e-Shop,Home and kitchen,Furnishing
28798370237,268223,3/5/2012,9,3,4,925,388.5,4088.5,Flagship store,Electronics,Cameras
36102750103,268498,3/5/2012,1,1,1,780,81.9,861.9,e-Shop,Clothing,Women
7530110873,271131,3/5/2012,5,3,2,1081,227.01,2389.01,TeleShop,Electronics,Computers
29740339278,273329,3/5/2012,4,1,2,644,135.24,1423.24,MBR,Clothing,Mens
6539114908,271079,3/5/2012,8,3,3,414,130.41,1372.41,TeleShop,Electronics,Personal Appliances
69055776079,270472,3/5/2012,10,5,1,1290,135.45,1425.45,e-Shop,Books,Audio and video
65490179412,271281,3/5/2012,4,4,1,1002,105.21,1107.21,TeleShop,Bags,Mens
84815313525,274198,3/5/2012,6,5,-5,-246,129.15,-1359.15,e-Shop,Books,DIY
86241605018,270450,3/5/2012,12,6,1,1013,106.365,1119.365,TeleShop,Home and kitchen,Academic
52050108321,269941,2/5/2012,9,3,4,103,43.26,455.26,TeleShop,Electronics,Cameras
30013801764,269953,2/5/2012,4,4,3,676,212.94,2240.94,e-Shop,Bags,Mens
46385401052,273914,2/5/2012,10,6,3,385,121.275,1276.275,MBR,Home and kitchen,Audio and video
26865110418,272461,2/5/2012,9,3,5,496,260.4,2740.4,MBR,Electronics,Cameras
6172393245,268393,2/5/2012,10,5,5,136,71.4,751.4,Flagship store,Books,Audio and video
4392451884,273194,2/5/2012,7,5,4,767,322.14,3390.14,TeleShop,Books,Fiction
56513839860,271816,2/5/2012,3,5,5,187,98.175,1033.175,MBR,Books,Kids
34002262063,270347,2/5/2012,1,2,3,504,158.76,1670.76,e-Shop,Footwear,Women
49624003905,267934,2/5/2012,8,3,1,915,96.075,1011.075,e-Shop,Electronics,Personal Appliances
37594735959,272813,2/5/2012,11,5,4,774,325.08,3421.08,e-Shop,Books,Children
36365087113,267439,2/5/2012,4,4,5,1318,691.95,7281.95,TeleShop,Bags,Mens
2221005425,272202,2/5/2012,10,3,-4,-812,341.04,-3589.04,e-Shop,Electronics,Audio and video
94361578401,273645,2/5/2012,1,1,1,140,14.7,154.7,e-Shop,Clothing,Women
96671385353,267547,2/5/2012,1,4,4,90,37.8,397.8,e-Shop,Bags,Women
95952939896,270547,2/5/2012,4,3,5,510,267.75,2817.75,TeleShop,Electronics,Mens
71000427358,269372,2/5/2012,2,6,-4,-761,319.62,-3363.62,MBR,Home and kitchen,Furnishing
91750302357,271729,2/5/2012,2,6,4,964,404.88,4260.88,MBR,Home and kitchen,Furnishing
67959834616,270636,2/5/2012,12,6,4,742,311.64,3279.64,MBR,Home and kitchen,Academic
64687419150,271805,2/5/2012,4,3,2,1284,269.64,2837.64,TeleShop,Electronics,Mens
71841134322,268906,2/5/2012,6,5,-1,-940,98.7,-1038.7,MBR,Books,DIY
99343674464,273828,2/5/2012,11,5,2,668,140.28,1476.28,Flagship store,Books,Children
86279256236,269015,2/5/2012,10,6,3,173,54.495,573.495,e-Shop,Home and kitchen,Audio and video
85157914087,273442,2/5/2012,3,2,2,1333,279.93,2945.93,e-Shop,Footwear,Kids
78258383699,272951,2/5/2012,11,6,3,914,287.91,3029.91,Flagship store,Home and kitchen,Children
84589683128,272442,2/5/2012,6,5,1,214,22.47,236.47,MBR,Books,DIY
12093173631,268578,1/5/2012,10,3,5,1064,558.6,5878.6,TeleShop,Electronics,Audio and video
926053828,271302,1/5/2012,12,5,2,255,53.55,563.55,e-Shop,Books,Academic
45861554604,270386,1/5/2012,9,3,1,868,91.14,959.14,MBR,Electronics,Cameras
8251879471,273588,1/5/2012,11,5,3,526,165.69,1743.69,TeleShop,Books,Children
56474634915,272596,1/5/2012,1,1,1,468,49.14,517.14,Flagship store,Clothing,Women
8435560843,273888,1/5/2012,10,6,3,215,67.725,712.725,e-Shop,Home and kitchen,Audio and video
25033642501,272535,1/5/2012,4,2,3,221,69.615,732.615,e-Shop,Footwear,Mens
34131539104,269564,1/5/2012,9,3,3,256,80.64,848.64,MBR,Electronics,Cameras
72498209486,266999,1/5/2012,4,3,3,161,50.715,533.715,Flagship store,Electronics,Mens
97154058349,269884,1/5/2012,3,1,5,1162,610.05,6420.05,TeleShop,Clothing,Kids
74509240633,273329,1/5/2012,10,6,1,1034,108.57,1142.57,MBR,Home and kitchen,Audio and video
90653829850,271302,1/5/2012,10,5,3,592,186.48,1962.48,MBR,Books,Audio and video
69862876511,272341,1/5/2012,1,2,-3,-1182,372.33,-3918.33,e-Shop,Footwear,Women
68439247446,274537,1/5/2012,6,5,4,832,349.44,3677.44,TeleShop,Books,DIY
65394407875,267014,1/5/2012,3,5,3,1169,368.235,3875.235,MBR,Books,Kids
18972123740,273371,30-04-2012,3,5,5,381,200.025,2105.025,MBR,Books,Kids
60938752097,270856,30-04-2012,11,5,-1,-1360,142.8,-1502.8,TeleShop,Books,Children
61078961855,269328,30-04-2012,11,6,3,658,207.27,2181.27,MBR,Home and kitchen,Children
25427045927,269794,30-04-2012,6,5,4,780,327.6,3447.6,e-Shop,Books,DIY
54592658329,271832,30-04-2012,11,5,2,1079,226.59,2384.59,e-Shop,Books,Children
35178442274,269148,30-04-2012,12,6,4,890,373.8,3933.8,Flagship store,Home and kitchen,Academic
45292796758,273740,30-04-2012,10,3,3,871,274.365,2887.365,e-Shop,Electronics,Audio and video
35565045609,269261,30-04-2012,1,4,1,1304,136.92,1440.92,TeleShop,Bags,Women
37410653457,274979,30-04-2012,9,3,2,1495,313.95,3303.95,MBR,Electronics,Cameras
55527114229,268379,30-04-2012,8,3,5,1027,539.175,5674.175,Flagship store,Electronics,Personal Appliances
25636082444,273684,30-04-2012,1,4,1,1382,145.11,1527.11,e-Shop,Bags,Women
53655014121,268193,30-04-2012,11,5,2,1135,238.35,2508.35,e-Shop,Books,Children
43073113246,270718,30-04-2012,2,6,1,1167,122.535,1289.535,Flagship store,Home and kitchen,Furnishing
14228301779,273977,30-04-2012,8,3,5,476,249.9,2629.9,e-Shop,Electronics,Personal Appliances
7957444050,270617,30-04-2012,4,2,4,1331,559.02,5883.02,TeleShop,Footwear,Mens
2424232324,274701,30-04-2012,4,4,1,863,90.615,953.615,e-Shop,Bags,Mens
69839459984,269119,30-04-2012,4,2,4,359,150.78,1586.78,e-Shop,Footwear,Mens
87175687386,272870,30-04-2012,4,4,1,174,18.27,192.27,TeleShop,Bags,Mens
79742708272,271988,30-04-2012,3,2,1,496,52.08,548.08,e-Shop,Footwear,Kids
64009165017,272568,30-04-2012,2,6,4,859,360.78,3796.78,TeleShop,Home and kitchen,Furnishing
93875861406,273828,30-04-2012,4,4,3,489,154.035,1621.035,TeleShop,Bags,Mens
73857754246,271210,30-04-2012,10,5,1,442,46.41,488.41,Flagship store,Books,Audio and video
92433082888,267196,30-04-2012,2,6,1,1207,126.735,1333.735,e-Shop,Home and kitchen,Furnishing
93870827546,271558,30-04-2012,4,2,4,552,231.84,2439.84,MBR,Footwear,Mens
45183867648,270696,29-04-2012,12,6,1,516,54.18,570.18,MBR,Home and kitchen,Academic
49732367482,272765,29-04-2012,6,5,3,669,210.735,2217.735,e-Shop,Books,DIY
24878234347,271351,29-04-2012,2,6,-3,-1451,457.065,-4810.065,e-Shop,Home and kitchen,Furnishing
4312735499,272225,29-04-2012,3,2,5,262,137.55,1447.55,Flagship store,Footwear,Kids
38880008069,270944,29-04-2012,9,3,1,572,60.06,632.06,e-Shop,Electronics,Cameras
6409679426,267504,29-04-2012,3,2,1,70,7.35,77.35,TeleShop,Footwear,Kids
55677631808,270033,29-04-2012,9,3,1,1164,122.22,1286.22,Flagship store,Electronics,Cameras
34491201744,274412,29-04-2012,4,2,1,125,13.125,138.125,MBR,Footwear,Mens
8436446425,267210,29-04-2012,4,1,3,1318,415.17,4369.17,MBR,Clothing,Mens
50028385497,270631,29-04-2012,11,5,3,210,66.15,696.15,Flagship store,Books,Children
71483860539,267895,29-04-2012,3,1,3,1335,420.525,4425.525,e-Shop,Clothing,Kids
95986826155,271721,29-04-2012,4,2,5,438,229.95,2419.95,e-Shop,Footwear,Mens
66417417631,270657,29-04-2012,3,1,1,308,32.34,340.34,e-Shop,Clothing,Kids
83689887887,268048,29-04-2012,4,2,2,1422,298.62,3142.62,e-Shop,Footwear,Mens
78625328729,271731,29-04-2012,10,3,5,1320,693,7293,TeleShop,Electronics,Audio and video
68538273017,270581,29-04-2012,7,5,4,580,243.6,2563.6,MBR,Books,Fiction
87660652341,267224,29-04-2012,8,3,5,125,65.625,690.625,e-Shop,Electronics,Personal Appliances
71841134322,268906,29-04-2012,6,5,1,940,98.7,1038.7,MBR,Books,DIY
86704477451,267565,29-04-2012,12,6,2,1450,304.5,3204.5,MBR,Home and kitchen,Academic
2221005425,272202,28-04-2012,10,3,4,812,341.04,3589.04,e-Shop,Electronics,Audio and video
18469937561,274689,28-04-2012,6,5,3,471,148.365,1561.365,e-Shop,Books,DIY
45961769112,274942,28-04-2012,10,6,1,1193,125.265,1318.265,MBR,Home and kitchen,Audio and video
52402327469,271651,28-04-2012,10,6,2,561,117.81,1239.81,TeleShop,Home and kitchen,Audio and video
26892861932,272463,28-04-2012,9,3,1,889,93.345,982.345,TeleShop,Electronics,Cameras
21691199675,273527,28-04-2012,3,2,4,764,320.88,3376.88,e-Shop,Footwear,Kids
28128409601,267377,28-04-2012,3,5,4,786,330.12,3474.12,MBR,Books,Kids
45007100620,272525,28-04-2012,6,5,4,1143,480.06,5052.06,e-Shop,Books,DIY
24279585107,269979,28-04-2012,4,2,3,1440,453.6,4773.6,e-Shop,Footwear,Mens
39326032185,273906,28-04-2012,10,3,5,1160,609,6409,e-Shop,Electronics,Audio and video
10136746155,268199,28-04-2012,12,5,1,551,57.855,608.855,TeleShop,Books,Academic
52184672905,269096,28-04-2012,9,3,2,1454,305.34,3213.34,e-Shop,Electronics,Cameras
57071642940,271281,28-04-2012,1,1,5,75,39.375,414.375,MBR,Clothing,Women
63074396048,270333,28-04-2012,4,2,3,230,72.45,762.45,e-Shop,Footwear,Mens
11423789552,273213,28-04-2012,11,5,5,645,338.625,3563.625,e-Shop,Books,Children
97108024602,270912,28-04-2012,4,2,2,209,43.89,461.89,TeleShop,Footwear,Mens
84170497521,272002,28-04-2012,12,5,5,1456,764.4,8044.4,TeleShop,Books,Academic
72070489977,269805,28-04-2012,4,3,1,79,8.295,87.295,Flagship store,Electronics,Mens
69312633535,270955,28-04-2012,9,3,3,1174,369.81,3891.81,e-Shop,Electronics,Cameras
69121545334,275237,28-04-2012,10,5,1,1294,135.87,1429.87,Flagship store,Books,Audio and video
98042360661,267631,28-04-2012,3,5,1,135,14.175,149.175,MBR,Books,Kids
96272226619,267099,28-04-2012,2,6,-3,-495,155.925,-1640.925,Flagship store,Home and kitchen,Furnishing
94182357134,272566,28-04-2012,8,3,2,1206,253.26,2665.26,MBR,Electronics,Personal Appliances
79283624110,267934,28-04-2012,4,4,2,415,87.15,917.15,e-Shop,Bags,Mens
86752976508,274445,28-04-2012,4,3,5,383,201.075,2116.075,e-Shop,Electronics,Mens
36644095512,274042,27-04-2012,10,6,5,969,508.725,5353.725,TeleShop,Home and kitchen,Audio and video
17345154503,270457,27-04-2012,1,1,5,832,436.8,4596.8,TeleShop,Clothing,Women
7432831058,267439,27-04-2012,4,2,2,274,57.54,605.54,MBR,Footwear,Mens
49268583940,272098,27-04-2012,1,1,1,678,71.19,749.19,MBR,Clothing,Women
36236260389,271351,27-04-2012,4,1,3,749,235.935,2482.935,e-Shop,Clothing,Mens
10986253550,267163,27-04-2012,3,2,2,1191,250.11,2632.11,Flagship store,Footwear,Kids
50149724397,271179,27-04-2012,9,3,2,990,207.9,2187.9,MBR,Electronics,Cameras
52729595386,269095,27-04-2012,10,6,1,634,66.57,700.57,e-Shop,Home and kitchen,Audio and video
57473620758,270799,27-04-2012,3,1,1,981,103.005,1084.005,MBR,Clothing,Kids
44016331022,269430,27-04-2012,4,1,1,100,10.5,110.5,e-Shop,Clothing,Mens
6099396085,273355,27-04-2012,3,1,3,122,38.43,404.43,e-Shop,Clothing,Kids
63456519020,267324,27-04-2012,11,5,5,787,413.175,4348.175,TeleShop,Books,Children
96003260550,273290,27-04-2012,1,2,1,554,58.17,612.17,MBR,Footwear,Women
93408630572,274780,27-04-2012,1,4,4,1259,528.78,5564.78,e-Shop,Bags,Women
83504060503,266900,27-04-2012,3,1,4,158,66.36,698.36,e-Shop,Clothing,Kids
92571455811,271172,27-04-2012,10,6,-4,-845,354.9,-3734.9,e-Shop,Home and kitchen,Audio and video
84815313525,274198,27-04-2012,6,5,5,246,129.15,1359.15,e-Shop,Books,DIY
74577962942,272987,27-04-2012,4,1,3,1144,360.36,3792.36,MBR,Clothing,Mens
69994723675,275031,27-04-2012,10,5,2,1079,226.59,2384.59,Flagship store,Books,Audio and video
76599479200,273554,27-04-2012,2,6,1,735,77.175,812.175,Flagship store,Home and kitchen,Furnishing
70334639946,272622,27-04-2012,4,1,2,609,127.89,1345.89,MBR,Clothing,Mens
80494053326,269514,27-04-2012,1,1,-1,-877,92.085,-969.085,e-Shop,Clothing,Women
76431731284,267662,27-04-2012,3,5,4,102,42.84,450.84,e-Shop,Books,Kids
31452194445,273714,26-04-2012,4,3,1,643,67.515,710.515,e-Shop,Electronics,Mens
62028528979,271302,26-04-2012,3,5,5,1387,728.175,7663.175,e-Shop,Books,Kids
4344587823,269717,26-04-2012,12,5,3,580,182.7,1922.7,Flagship store,Books,Academic
38374642212,267683,26-04-2012,1,1,4,169,70.98,746.98,e-Shop,Clothing,Women
9686635486,274192,26-04-2012,9,3,5,318,166.95,1756.95,Flagship store,Electronics,Cameras
24878234347,271351,26-04-2012,2,6,3,1451,457.065,4810.065,e-Shop,Home and kitchen,Furnishing
58532659278,273258,26-04-2012,3,2,-1,-339,35.595,-374.595,e-Shop,Footwear,Kids
61384349252,272783,26-04-2012,12,5,3,1102,347.13,3653.13,TeleShop,Books,Academic
57732527457,267345,26-04-2012,4,3,1,101,10.605,111.605,MBR,Electronics,Mens
64049690045,270031,26-04-2012,4,1,3,683,215.145,2264.145,Flagship store,Clothing,Mens
77188597551,273091,26-04-2012,11,6,2,895,187.95,1977.95,TeleShop,Home and kitchen,Children
90036727077,272752,26-04-2012,12,6,3,438,137.97,1451.97,e-Shop,Home and kitchen,Academic
63314547725,268408,26-04-2012,1,1,1,806,84.63,890.63,Flagship store,Clothing,Women
88580511420,269531,26-04-2012,1,2,-1,-1057,110.985,-1167.985,MBR,Footwear,Women
94033312891,269008,26-04-2012,7,5,5,746,391.65,4121.65,MBR,Books,Fiction
60304118846,269223,25-04-2012,4,3,-5,-416,218.4,-2298.4,e-Shop,Electronics,Mens
13656658142,275190,25-04-2012,10,5,4,168,70.56,742.56,e-Shop,Books,Audio and video
30920681441,273264,25-04-2012,2,6,1,1010,106.05,1116.05,TeleShop,Home and kitchen,Furnishing
27496562445,275243,25-04-2012,12,5,3,888,279.72,2943.72,TeleShop,Books,Academic
63080480075,272286,25-04-2012,5,3,-3,-805,253.575,-2668.575,e-Shop,Electronics,Computers
36402272683,270759,25-04-2012,2,6,1,843,88.515,931.515,e-Shop,Home and kitchen,Furnishing
2708222214,272255,25-04-2012,10,5,2,193,40.53,426.53,MBR,Books,Audio and video
57250412491,268472,25-04-2012,2,6,-4,-342,143.64,-1511.64,TeleShop,Home and kitchen,Furnishing
24419339570,268470,25-04-2012,10,5,5,343,180.075,1895.075,MBR,Books,Audio and video
8057047638,272006,25-04-2012,1,4,5,823,432.075,4547.075,MBR,Bags,Women
61830820859,273318,25-04-2012,12,6,4,862,362.04,3810.04,e-Shop,Home and kitchen,Academic
36886091807,273481,25-04-2012,10,6,1,465,48.825,513.825,TeleShop,Home and kitchen,Audio and video
58101054975,274852,25-04-2012,9,3,-4,-235,98.7,-1038.7,Flagship store,Electronics,Cameras
60938752097,270856,25-04-2012,11,5,1,1360,142.8,1502.8,TeleShop,Books,Children
156697409,268633,25-04-2012,12,5,-5,-1139,597.975,-6292.975,e-Shop,Books,Academic
946546319,273745,25-04-2012,11,6,2,647,135.87,1429.87,TeleShop,Home and kitchen,Children
55418525944,268936,25-04-2012,2,6,3,281,88.515,931.515,e-Shop,Home and kitchen,Furnishing
44021214508,274192,25-04-2012,2,6,1,654,68.67,722.67,e-Shop,Home and kitchen,Furnishing
34495124412,274809,25-04-2012,10,5,3,673,211.995,2230.995,e-Shop,Books,Audio and video
23778966263,273757,25-04-2012,12,6,5,1280,672,7072,e-Shop,Home and kitchen,Academic
3733651451,272301,25-04-2012,4,1,3,1482,466.83,4912.83,Flagship store,Clothing,Mens
97807587552,270889,25-04-2012,12,6,2,764,160.44,1688.44,e-Shop,Home and kitchen,Academic
71874191772,268087,25-04-2012,12,6,3,626,197.19,2075.19,TeleShop,Home and kitchen,Academic
89153680293,271982,25-04-2012,3,2,4,620,260.4,2740.4,MBR,Footwear,Kids
77124784055,274398,25-04-2012,4,4,4,540,226.8,2386.8,TeleShop,Bags,Mens
81057682611,270950,25-04-2012,3,5,5,731,383.775,4038.775,e-Shop,Books,Kids
79387931191,269336,25-04-2012,1,2,2,165,34.65,364.65,MBR,Footwear,Women
84313701411,270807,25-04-2012,1,1,3,1266,398.79,4196.79,e-Shop,Clothing,Women
65667119383,271116,25-04-2012,3,2,4,222,93.24,981.24,MBR,Footwear,Kids
27485842974,269891,24-04-2012,12,5,3,878,276.57,2910.57,e-Shop,Books,Academic
41585627789,269133,24-04-2012,8,3,1,547,57.435,604.435,e-Shop,Electronics,Personal Appliances
14708430941,271487,24-04-2012,12,5,5,1302,683.55,7193.55,TeleShop,Books,Academic
27439532997,272526,24-04-2012,10,5,3,1421,447.615,4710.615,Flagship store,Books,Audio and video
62714776053,268145,24-04-2012,2,6,5,807,423.675,4458.675,e-Shop,Home and kitchen,Furnishing
63080480075,272286,24-04-2012,5,3,3,805,253.575,2668.575,e-Shop,Electronics,Computers
26663016382,270126,24-04-2012,10,6,2,476,99.96,1051.96,Flagship store,Home and kitchen,Audio and video
58101054975,274852,24-04-2012,9,3,4,235,98.7,1038.7,Flagship store,Electronics,Cameras
15368152571,272070,24-04-2012,4,4,4,1028,431.76,4543.76,e-Shop,Bags,Mens
47052884790,269591,24-04-2012,3,1,2,1079,226.59,2384.59,MBR,Clothing,Kids
56911815201,267030,24-04-2012,1,2,4,324,136.08,1432.08,MBR,Footwear,Women
33685580296,268988,24-04-2012,1,2,-2,-358,75.18,-791.18,TeleShop,Footwear,Women
51422201546,274959,24-04-2012,3,5,4,642,269.64,2837.64,MBR,Books,Kids
68625357665,270229,24-04-2012,12,6,-5,-79,41.475,-436.475,Flagship store,Home and kitchen,Academic
94387435702,271673,24-04-2012,4,2,4,313,131.46,1383.46,TeleShop,Footwear,Mens
80447784713,266904,24-04-2012,1,2,4,592,248.64,2616.64,e-Shop,Footwear,Women
68625357665,270229,24-04-2012,12,6,-5,-79,41.475,-436.475,Flagship store,Home and kitchen,Academic
69862876511,272341,24-04-2012,1,2,3,1182,372.33,3918.33,e-Shop,Footwear,Women
86293071463,266883,24-04-2012,6,5,-5,-862,452.55,-4762.55,Flagship store,Books,DIY
92571455811,271172,24-04-2012,10,6,4,845,354.9,3734.9,e-Shop,Home and kitchen,Audio and video
76340377498,270928,24-04-2012,12,5,3,838,263.97,2777.97,e-Shop,Books,Academic
79972708425,274866,24-04-2012,3,2,-5,-1258,660.45,-6950.45,e-Shop,Footwear,Kids
89748501778,275156,24-04-2012,11,5,3,565,177.975,1872.975,Flagship store,Books,Children
96395814931,270443,24-04-2012,11,5,4,884,371.28,3907.28,Flagship store,Books,Children
71774301923,267807,24-04-2012,3,2,4,510,214.2,2254.2,Flagship store,Footwear,Kids
46963686403,269047,23-04-2012,1,2,1,1334,140.07,1474.07,TeleShop,Footwear,Women
6311790525,273602,23-04-2012,3,1,1,689,72.345,761.345,Flagship store,Clothing,Kids
39095466554,271597,23-04-2012,12,6,-2,-1017,213.57,-2247.57,e-Shop,Home and kitchen,Academic
31705537812,271162,23-04-2012,6,5,3,343,108.045,1137.045,Flagship store,Books,DIY
38149624226,268889,23-04-2012,1,1,2,785,164.85,1734.85,Flagship store,Clothing,Women
60010814923,269664,23-04-2012,12,6,4,70,29.4,309.4,e-Shop,Home and kitchen,Academic
54447142036,273429,23-04-2012,6,5,1,1005,105.525,1110.525,e-Shop,Books,DIY
33048624579,270724,23-04-2012,1,4,1,1255,131.775,1386.775,TeleShop,Bags,Women
26163506146,268583,23-04-2012,4,2,5,700,367.5,3867.5,e-Shop,Footwear,Mens
35455553417,268109,23-04-2012,3,5,5,937,491.925,5176.925,Flagship store,Books,Kids
55827334965,271028,23-04-2012,11,5,4,748,314.16,3306.16,Flagship store,Books,Children
42659543541,272441,23-04-2012,4,3,4,428,179.76,1891.76,e-Shop,Electronics,Mens
57250412491,268472,23-04-2012,2,6,4,342,143.64,1511.64,TeleShop,Home and kitchen,Furnishing
97072059294,274880,23-04-2012,6,5,5,939,492.975,5187.975,e-Shop,Books,DIY
86097048109,274359,23-04-2012,1,1,1,818,85.89,903.89,e-Shop,Clothing,Women
66823434899,271612,23-04-2012,1,1,2,1176,246.96,2598.96,e-Shop,Clothing,Women
94287065277,268844,23-04-2012,4,4,5,341,179.025,1884.025,e-Shop,Bags,Mens
88580511420,269531,23-04-2012,1,2,1,1057,110.985,1167.985,MBR,Footwear,Women
75047819380,270438,23-04-2012,12,6,3,1347,424.305,4465.305,TeleShop,Home and kitchen,Academic
81301309596,268543,23-04-2012,9,3,4,1422,597.24,6285.24,TeleShop,Electronics,Cameras
87818330831,272963,23-04-2012,2,6,-4,-482,202.44,-2130.44,e-Shop,Home and kitchen,Furnishing
68084555711,272437,23-04-2012,10,3,5,1108,581.7,6121.7,MBR,Electronics,Audio and video
71723701551,269016,23-04-2012,12,5,3,1115,351.225,3696.225,TeleShop,Books,Academic
89732498575,271470,23-04-2012,9,3,3,155,48.825,513.825,e-Shop,Electronics,Cameras
76926848619,269601,23-04-2012,10,6,4,1350,567,5967,Flagship store,Home and kitchen,Audio and video
94237140596,271091,23-04-2012,5,3,4,679,285.18,3001.18,e-Shop,Electronics,Computers
5694177104,267889,22-04-2012,1,2,3,347,109.305,1150.305,TeleShop,Footwear,Women
25927568668,273397,22-04-2012,6,5,3,1033,325.395,3424.395,MBR,Books,DIY
46331522087,268145,22-04-2012,3,1,4,1449,608.58,6404.58,e-Shop,Clothing,Kids
14881376590,268368,22-04-2012,12,5,4,959,402.78,4238.78,e-Shop,Books,Academic
51739746600,268379,22-04-2012,9,3,2,1206,253.26,2665.26,e-Shop,Electronics,Cameras
9145440414,272471,22-04-2012,2,6,1,823,86.415,909.415,e-Shop,Home and kitchen,Furnishing
55583346404,267482,22-04-2012,10,6,1,498,52.29,550.29,Flagship store,Home and kitchen,Audio and video
62913878308,270447,22-04-2012,11,5,5,1060,556.5,5856.5,Flagship store,Books,Children
11642545958,271589,22-04-2012,5,3,2,1333,279.93,2945.93,MBR,Electronics,Computers
55111984830,271004,22-04-2012,6,5,5,883,463.575,4878.575,MBR,Books,DIY
45436096853,268076,22-04-2012,1,4,1,760,79.8,839.8,MBR,Bags,Women
43033464517,267147,22-04-2012,4,3,3,1357,427.455,4498.455,TeleShop,Electronics,Mens
54983332060,268397,22-04-2012,1,2,1,1268,133.14,1401.14,Flagship store,Footwear,Women
77088492928,273465,22-04-2012,4,2,2,600,126,1326,e-Shop,Footwear,Mens
79972708425,274866,22-04-2012,3,2,5,1258,660.45,6950.45,e-Shop,Footwear,Kids
86293071463,266883,22-04-2012,6,5,-5,-862,452.55,-4762.55,Flagship store,Books,DIY
81021080133,273261,22-04-2012,4,2,2,356,74.76,786.76,MBR,Footwear,Mens
84298959416,268663,22-04-2012,3,5,-2,-321,67.41,-709.41,TeleShop,Books,Kids
83983388233,269580,22-04-2012,11,6,2,761,159.81,1681.81,Flagship store,Home and kitchen,Children
66145426490,272482,22-04-2012,6,5,5,191,100.275,1055.275,e-Shop,Books,DIY
84288925056,274435,22-04-2012,3,1,2,852,178.92,1882.92,e-Shop,Clothing,Kids
86176780041,267448,22-04-2012,11,6,1,733,76.965,809.965,e-Shop,Home and kitchen,Children
84298959416,268663,22-04-2012,3,5,-2,-321,67.41,-709.41,TeleShop,Books,Kids
71000427358,269372,22-04-2012,2,6,4,761,319.62,3363.62,MBR,Home and kitchen,Furnishing
55628907880,275163,21-04-2012,11,5,1,125,13.125,138.125,e-Shop,Books,Children
40150043501,270376,21-04-2012,11,5,5,1364,716.1,7536.1,e-Shop,Books,Children
81900697,274183,21-04-2012,10,3,1,936,98.28,1034.28,Flagship store,Electronics,Audio and video
52928260972,268335,21-04-2012,11,6,5,1031,541.275,5696.275,Flagship store,Home and kitchen,Children
11169673915,269111,21-04-2012,12,6,2,264,55.44,583.44,e-Shop,Home and kitchen,Academic
52168323023,269120,21-04-2012,2,6,1,765,80.325,845.325,TeleShop,Home and kitchen,Furnishing
19144933106,268377,21-04-2012,10,6,-4,-1235,518.7,-5458.7,TeleShop,Home and kitchen,Audio and video
59868194164,272210,21-04-2012,10,3,3,168,52.92,556.92,e-Shop,Electronics,Audio and video
40865013277,267160,21-04-2012,9,3,5,1043,547.575,5762.575,TeleShop,Electronics,Cameras
45722443280,272742,21-04-2012,4,3,1,711,74.655,785.655,e-Shop,Electronics,Mens
76535050886,273423,21-04-2012,5,3,4,586,246.12,2590.12,TeleShop,Electronics,Computers
93256779572,269439,21-04-2012,3,5,-3,-1493,470.295,-4949.295,e-Shop,Books,Kids
80494053326,269514,21-04-2012,1,1,1,877,92.085,969.085,e-Shop,Clothing,Women
82984563938,269875,21-04-2012,7,5,5,943,495.075,5210.075,Flagship store,Books,Fiction
86786272549,268612,21-04-2012,3,2,1,1030,108.15,1138.15,e-Shop,Footwear,Kids
96272226619,267099,21-04-2012,2,6,-3,-495,155.925,-1640.925,Flagship store,Home and kitchen,Furnishing
72548318577,272589,21-04-2012,10,3,1,240,25.2,265.2,MBR,Electronics,Audio and video
99611016858,273545,21-04-2012,3,5,3,1318,415.17,4369.17,MBR,Books,Kids
48618329668,273999,20-04-2012,1,4,1,291,30.555,321.555,e-Shop,Bags,Women
52114826623,270606,20-04-2012,4,3,1,1181,124.005,1305.005,e-Shop,Electronics,Mens
34418253213,270212,20-04-2012,3,2,5,1311,688.275,7243.275,e-Shop,Footwear,Kids
26326010917,273599,20-04-2012,12,6,3,1338,421.47,4435.47,e-Shop,Home and kitchen,Academic
3067464269,268870,20-04-2012,6,5,2,402,84.42,888.42,Flagship store,Books,DIY
37605774786,270770,20-04-2012,9,3,4,803,337.26,3549.26,e-Shop,Electronics,Cameras
35334225657,270653,20-04-2012,6,5,-3,-787,247.905,-2608.905,TeleShop,Books,DIY
39095466554,271597,20-04-2012,12,6,2,1017,213.57,2247.57,e-Shop,Home and kitchen,Academic
13310311251,270647,20-04-2012,10,5,1,946,99.33,1045.33,e-Shop,Books,Audio and video
30373634487,268304,20-04-2012,10,5,5,967,507.675,5342.675,e-Shop,Books,Audio and video
34555356206,273364,20-04-2012,9,3,3,368,115.92,1219.92,e-Shop,Electronics,Cameras
60989839658,273198,20-04-2012,12,5,2,1314,275.94,2903.94,Flagship store,Books,Academic
41805547900,269306,20-04-2012,3,5,1,728,76.44,804.44,Flagship store,Books,Kids
42139608424,273081,20-04-2012,12,5,1,139,14.595,153.595,TeleShop,Books,Academic
53584219051,270619,20-04-2012,4,2,-1,-1289,135.345,-1424.345,Flagship store,Footwear,Mens
57948875192,269555,20-04-2012,7,5,1,77,8.085,85.085,e-Shop,Books,Fiction
7255475213,268488,20-04-2012,9,3,5,158,82.95,872.95,Flagship store,Electronics,Cameras
46335546289,272152,20-04-2012,4,3,2,1486,312.06,3284.06,TeleShop,Electronics,Mens
19144933106,268377,20-04-2012,10,6,4,1235,518.7,5458.7,TeleShop,Home and kitchen,Audio and video
67087809215,271993,20-04-2012,11,6,3,399,125.685,1322.685,TeleShop,Home and kitchen,Children
91159095546,273421,20-04-2012,10,3,-5,-705,370.125,-3895.125,MBR,Electronics,Audio and video
86293071463,266883,20-04-2012,6,5,5,862,452.55,4762.55,Flagship store,Books,DIY
79077749715,272450,20-04-2012,11,5,2,78,16.38,172.38,e-Shop,Books,Children
84298959416,268663,20-04-2012,3,5,2,321,67.41,709.41,TeleShop,Books,Kids
91364002269,270374,20-04-2012,10,5,3,1344,423.36,4455.36,Flagship store,Books,Audio and video
84689759635,273243,20-04-2012,9,3,5,295,154.875,1629.875,MBR,Electronics,Cameras
84202576350,271384,20-04-2012,10,3,5,1361,714.525,7519.525,e-Shop,Electronics,Audio and video
64509279863,266930,20-04-2012,12,6,4,733,307.86,3239.86,e-Shop,Home and kitchen,Academic
62260335592,267574,19-04-2012,3,1,-1,-647,67.935,-714.935,e-Shop,Clothing,Kids
26170912061,272435,19-04-2012,11,6,2,574,120.54,1268.54,e-Shop,Home and kitchen,Children
22612035384,272158,19-04-2012,4,2,3,289,91.035,958.035,TeleShop,Footwear,Mens
36506434925,268545,19-04-2012,4,2,5,268,140.7,1480.7,MBR,Footwear,Mens
17611596368,272498,19-04-2012,10,6,-3,-344,108.36,-1140.36,Flagship store,Home and kitchen,Audio and video
5715863629,271464,19-04-2012,9,3,-1,-288,30.24,-318.24,e-Shop,Electronics,Cameras
20684688889,273056,19-04-2012,9,3,-3,-1343,423.045,-4452.045,Flagship store,Electronics,Cameras
55611237667,268102,19-04-2012,1,1,3,614,193.41,2035.41,e-Shop,Clothing,Women
16388686599,274145,19-04-2012,4,2,1,1007,105.735,1112.735,e-Shop,Footwear,Mens
30932583741,268884,19-04-2012,10,3,3,1060,333.9,3513.9,e-Shop,Electronics,Audio and video
42493186468,269249,19-04-2012,2,6,1,1246,130.83,1376.83,Flagship store,Home and kitchen,Furnishing
8398284068,271207,19-04-2012,9,3,5,803,421.575,4436.575,MBR,Electronics,Cameras
54477303121,268304,19-04-2012,4,2,2,79,16.59,174.59,Flagship store,Footwear,Mens
5016899467,269089,19-04-2012,4,4,3,105,33.075,348.075,MBR,Bags,Mens
54441383175,274869,19-04-2012,10,5,-3,-473,148.995,-1567.995,Flagship store,Books,Audio and video
51946589837,268771,19-04-2012,4,4,-2,-962,202.02,-2126.02,MBR,Bags,Mens
29103218996,269141,19-04-2012,4,4,4,598,251.16,2643.16,TeleShop,Bags,Mens
88460210242,272274,19-04-2012,10,5,1,796,83.58,879.58,Flagship store,Books,Audio and video
98097112949,266818,19-04-2012,10,6,-1,-1499,157.395,-1656.395,e-Shop,Home and kitchen,Audio and video
87798474044,272264,19-04-2012,4,2,5,1372,720.3,7580.3,Flagship store,Footwear,Mens
77767179784,270424,19-04-2012,10,5,3,895,281.925,2966.925,TeleShop,Books,Audio and video
75831648168,268246,19-04-2012,3,1,5,250,131.25,1381.25,e-Shop,Clothing,Kids
74178039083,274175,19-04-2012,10,5,5,206,108.15,1138.15,e-Shop,Books,Audio and video
63952774858,271232,19-04-2012,11,6,3,1485,467.775,4922.775,Flagship store,Home and kitchen,Children
70085693266,267763,19-04-2012,4,2,-4,-1226,514.92,-5418.92,Flagship store,Footwear,Mens
76112024355,268132,19-04-2012,12,5,2,662,139.02,1463.02,MBR,Books,Academic
30591102857,274509,18-04-2012,3,1,5,512,268.8,2828.8,e-Shop,Clothing,Kids
12378668798,269002,18-04-2012,3,1,5,1193,626.325,6591.325,TeleShop,Clothing,Kids
39021971712,267211,18-04-2012,1,4,5,567,297.675,3132.675,e-Shop,Bags,Women
46923549333,272075,18-04-2012,4,4,2,78,16.38,172.38,e-Shop,Bags,Mens
17639762788,275092,18-04-2012,10,3,5,174,91.35,961.35,e-Shop,Electronics,Audio and video
165168462,274900,18-04-2012,10,6,3,417,131.355,1382.355,e-Shop,Home and kitchen,Audio and video
62260335592,267574,18-04-2012,3,1,1,647,67.935,714.935,e-Shop,Clothing,Kids
36757799009,272858,18-04-2012,1,1,4,481,202.02,2126.02,e-Shop,Clothing,Women
51705517708,266854,18-04-2012,9,3,4,929,390.18,4106.18,TeleShop,Electronics,Cameras
33685580296,268988,18-04-2012,1,2,2,358,75.18,791.18,TeleShop,Footwear,Women
25810970275,272415,18-04-2012,10,6,-2,-592,124.32,-1308.32,e-Shop,Home and kitchen,Audio and video
60304118846,269223,18-04-2012,4,3,5,416,218.4,2298.4,e-Shop,Electronics,Mens
58532659278,273258,18-04-2012,3,2,1,339,35.595,374.595,e-Shop,Footwear,Kids
30998322418,272212,18-04-2012,1,1,1,309,32.445,341.445,e-Shop,Clothing,Women
1744439609,269038,18-04-2012,3,2,4,437,183.54,1931.54,e-Shop,Footwear,Kids
12183199573,270367,18-04-2012,3,2,4,1109,465.78,4901.78,Flagship store,Footwear,Kids
33287159737,268959,18-04-2012,12,6,2,83,17.43,183.43,Flagship store,Home and kitchen,Academic
5715863629,271464,18-04-2012,9,3,1,288,30.24,318.24,e-Shop,Electronics,Cameras
96272226619,267099,18-04-2012,2,6,3,495,155.925,1640.925,Flagship store,Home and kitchen,Furnishing
86612803358,270544,18-04-2012,1,4,-4,-274,115.08,-1211.08,e-Shop,Bags,Women
70085693266,267763,18-04-2012,4,2,4,1226,514.92,5418.92,Flagship store,Footwear,Mens
94760315525,271885,18-04-2012,1,4,4,213,89.46,941.46,MBR,Bags,Women
95433729261,272395,18-04-2012,10,5,3,841,264.915,2787.915,e-Shop,Books,Audio and video
79928904393,271663,18-04-2012,7,5,3,308,97.02,1021.02,TeleShop,Books,Fiction
93206995431,270044,18-04-2012,6,5,-3,-1334,420.21,-4422.21,MBR,Books,DIY
50821539205,270053,17-04-2012,4,1,4,1307,548.94,5776.94,MBR,Clothing,Mens
48141168879,269361,17-04-2012,11,6,2,162,34.02,358.02,Flagship store,Home and kitchen,Children
18851081565,272497,17-04-2012,10,6,1,399,41.895,440.895,MBR,Home and kitchen,Audio and video
58337887313,271359,17-04-2012,3,5,3,1288,405.72,4269.72,MBR,Books,Kids
55703102917,269036,17-04-2012,5,3,1,164,17.22,181.22,e-Shop,Electronics,Computers
58231961359,272369,17-04-2012,4,4,5,974,511.35,5381.35,MBR,Bags,Mens
6153325303,274629,17-04-2012,3,5,-3,-584,183.96,-1935.96,TeleShop,Books,Kids
51407395307,273155,17-04-2012,5,3,-1,-685,71.925,-756.925,e-Shop,Electronics,Computers
54407300905,273236,17-04-2012,4,1,1,1035,108.675,1143.675,e-Shop,Clothing,Mens
18223027244,272475,17-04-2012,11,6,2,171,35.91,377.91,Flagship store,Home and kitchen,Children
1882104096,271920,17-04-2012,10,3,1,549,57.645,606.645,TeleShop,Electronics,Audio and video
156697409,268633,17-04-2012,12,5,5,1139,597.975,6292.975,e-Shop,Books,Academic
46717982592,271737,17-04-2012,12,6,3,230,72.45,762.45,Flagship store,Home and kitchen,Academic
64399165075,269214,17-04-2012,2,6,3,1362,429.03,4515.03,e-Shop,Home and kitchen,Furnishing
68625357665,270229,17-04-2012,12,6,5,79,41.475,436.475,Flagship store,Home and kitchen,Academic
87765940174,273305,17-04-2012,3,2,1,1341,140.805,1481.805,TeleShop,Footwear,Kids
94773295525,268778,17-04-2012,12,6,4,245,102.9,1082.9,MBR,Home and kitchen,Academic
93206995431,270044,17-04-2012,6,5,3,1334,420.21,4422.21,MBR,Books,DIY
68613222676,269958,17-04-2012,12,6,2,1223,256.83,2702.83,MBR,Home and kitchen,Academic
95574059492,271100,17-04-2012,4,4,2,290,60.9,640.9,MBR,Bags,Mens
68466470430,273120,17-04-2012,4,3,4,1056,443.52,4667.52,MBR,Electronics,Mens
96040819392,267652,17-04-2012,10,3,3,491,154.665,1627.665,MBR,Electronics,Audio and video
64340664957,267350,17-04-2012,6,5,5,924,485.1,5105.1,e-Shop,Books,DIY
91159095546,273421,17-04-2012,10,3,5,705,370.125,3895.125,MBR,Electronics,Audio and video
41246811527,272163,16-04-2012,12,6,3,324,102.06,1074.06,MBR,Home and kitchen,Academic
19507892328,268184,16-04-2012,9,3,2,358,75.18,791.18,Flagship store,Electronics,Cameras
23691759039,273095,16-04-2012,6,5,1,1230,129.15,1359.15,Flagship store,Books,DIY
51946589837,268771,16-04-2012,4,4,2,962,202.02,2126.02,MBR,Bags,Mens
49784255205,268947,16-04-2012,2,6,4,611,256.62,2700.62,e-Shop,Home and kitchen,Furnishing
32636959881,273062,16-04-2012,4,1,-1,-1334,140.07,-1474.07,MBR,Clothing,Mens
27234517734,273238,16-04-2012,12,5,1,1494,156.87,1650.87,TeleShop,Books,Academic
25289472090,273256,16-04-2012,10,3,3,334,105.21,1107.21,e-Shop,Electronics,Audio and video
25965699105,271704,16-04-2012,10,5,3,867,273.105,2874.105,TeleShop,Books,Audio and video
46341670513,274757,16-04-2012,3,2,2,1112,233.52,2457.52,MBR,Footwear,Kids
70945187091,268328,16-04-2012,6,5,4,196,82.32,866.32,TeleShop,Books,DIY
69520182410,271544,16-04-2012,3,1,4,1397,586.74,6174.74,Flagship store,Clothing,Kids
89196038348,267701,16-04-2012,4,4,-2,-859,180.39,-1898.39,Flagship store,Bags,Mens
98845055924,267742,16-04-2012,6,5,1,1421,149.205,1570.205,e-Shop,Books,DIY
65656244957,268428,16-04-2012,11,5,2,1253,263.13,2769.13,Flagship store,Books,Children
75454605210,274437,16-04-2012,12,5,-2,-508,106.68,-1122.68,e-Shop,Books,Academic
38289799718,267346,15-04-2012,12,5,4,372,156.24,1644.24,MBR,Books,Academic
47604927293,269696,15-04-2012,9,3,-4,-735,308.7,-3248.7,MBR,Electronics,Cameras
51407395307,273155,15-04-2012,5,3,1,685,71.925,756.925,e-Shop,Electronics,Computers
22987527355,273737,15-04-2012,11,6,2,466,97.86,1029.86,e-Shop,Home and kitchen,Children
11369323142,275022,15-04-2012,10,3,4,578,242.76,2554.76,e-Shop,Electronics,Audio and video
71904687158,268486,15-04-2012,12,5,3,1320,415.8,4375.8,e-Shop,Books,Academic
82833078689,273839,15-04-2012,4,2,5,143,75.075,790.075,MBR,Footwear,Mens
87818330831,272963,15-04-2012,2,6,4,482,202.44,2130.44,e-Shop,Home and kitchen,Furnishing
81455065091,269050,15-04-2012,3,5,2,270,56.7,596.7,e-Shop,Books,Kids
54593934619,267232,14-04-2012,3,2,2,308,64.68,680.68,TeleShop,Footwear,Kids
812561697,274211,14-04-2012,3,5,3,1038,326.97,3440.97,Flagship store,Books,Kids
32696217495,274537,14-04-2012,3,5,1,1396,146.58,1542.58,e-Shop,Books,Kids
2143612647,271098,14-04-2012,4,1,1,252,26.46,278.46,e-Shop,Clothing,Mens
54026497619,270581,14-04-2012,8,3,3,85,26.775,281.775,e-Shop,Electronics,Personal Appliances
59571894054,270770,14-04-2012,4,2,-4,-1494,627.48,-6603.48,e-Shop,Footwear,Mens
33851708659,269948,14-04-2012,8,3,1,193,20.265,213.265,TeleShop,Electronics,Personal Appliances
8608278844,272062,14-04-2012,7,5,5,639,335.475,3530.475,e-Shop,Books,Fiction
21656234697,270498,14-04-2012,3,2,3,1425,448.875,4723.875,MBR,Footwear,Kids
58910029622,269874,14-04-2012,11,6,2,1343,282.03,2968.03,TeleShop,Home and kitchen,Children
13344315309,270982,14-04-2012,4,4,-3,-807,254.205,-2675.205,Flagship store,Bags,Mens
35334225657,270653,14-04-2012,6,5,3,787,247.905,2608.905,TeleShop,Books,DIY
40780841447,266910,14-04-2012,3,1,2,180,37.8,397.8,TeleShop,Clothing,Kids
25997700946,273172,14-04-2012,4,4,3,655,206.325,2171.325,Flagship store,Bags,Mens
25810970275,272415,14-04-2012,10,6,2,592,124.32,1308.32,e-Shop,Home and kitchen,Audio and video
15749479007,269038,14-04-2012,5,3,1,1304,136.92,1440.92,MBR,Electronics,Computers
20244817996,273539,14-04-2012,6,5,1,126,13.23,139.23,MBR,Books,DIY
20299132777,270498,14-04-2012,3,1,2,378,79.38,835.38,TeleShop,Clothing,Kids
74007635125,267819,14-04-2012,12,5,1,121,12.705,133.705,Flagship store,Books,Academic
72486310103,274727,14-04-2012,9,3,1,286,30.03,316.03,e-Shop,Electronics,Cameras
65825175725,270523,14-04-2012,4,3,-1,-1318,138.39,-1456.39,MBR,Electronics,Mens
98787757278,267024,14-04-2012,12,6,2,407,85.47,899.47,Flagship store,Home and kitchen,Academic
91677825579,270506,14-04-2012,10,5,2,174,36.54,384.54,MBR,Books,Audio and video
68690430585,271310,14-04-2012,3,1,3,212,66.78,702.78,e-Shop,Clothing,Kids
69240247592,273899,14-04-2012,10,6,1,1384,145.32,1529.32,e-Shop,Home and kitchen,Audio and video
57309488973,273633,13-04-2012,11,5,1,413,43.365,456.365,Flagship store,Books,Children
756297021,273623,13-04-2012,1,2,1,768,80.64,848.64,TeleShop,Footwear,Women
28454461167,272978,13-04-2012,3,5,3,358,112.77,1186.77,e-Shop,Books,Kids
20684688889,273056,13-04-2012,9,3,3,1343,423.045,4452.045,Flagship store,Electronics,Cameras
33171404986,270458,13-04-2012,4,2,5,1470,771.75,8121.75,TeleShop,Footwear,Mens
27716988048,269593,13-04-2012,7,5,-3,-716,225.54,-2373.54,TeleShop,Books,Fiction
43929163078,270347,13-04-2012,3,5,-5,-527,276.675,-2911.675,TeleShop,Books,Kids
44344333293,274896,13-04-2012,9,3,2,734,154.14,1622.14,MBR,Electronics,Cameras
8423722381,274589,13-04-2012,1,4,4,442,185.64,1953.64,e-Shop,Bags,Women
53212639430,268995,13-04-2012,1,2,1,1122,117.81,1239.81,TeleShop,Footwear,Women
54124812617,274389,13-04-2012,5,3,1,313,32.865,345.865,Flagship store,Electronics,Computers
27130094327,268918,13-04-2012,10,5,1,996,104.58,1100.58,Flagship store,Books,Audio and video
33994202702,268308,13-04-2012,3,5,1,712,74.76,786.76,TeleShop,Books,Kids
99663917476,270433,13-04-2012,8,3,2,658,138.18,1454.18,TeleShop,Electronics,Personal Appliances
32008855485,267105,12/4/2012,9,3,3,1297,408.555,4299.555,MBR,Electronics,Cameras
21894457897,266916,12/4/2012,3,2,5,999,524.475,5519.475,e-Shop,Footwear,Kids
8409888917,272902,12/4/2012,4,4,5,606,318.15,3348.15,Flagship store,Bags,Mens
52105043085,274057,12/4/2012,7,5,5,853,447.825,4712.825,Flagship store,Books,Fiction
11632222690,268359,12/4/2012,6,5,-5,-320,168,-1768,e-Shop,Books,DIY
21789459297,272929,12/4/2012,8,3,3,1362,429.03,4515.03,Flagship store,Electronics,Personal Appliances
34459088473,269689,12/4/2012,4,1,4,182,76.44,804.44,e-Shop,Clothing,Mens
6153325303,274629,12/4/2012,3,5,3,584,183.96,1935.96,TeleShop,Books,Kids
9747618858,271349,12/4/2012,7,5,3,178,56.07,590.07,e-Shop,Books,Fiction
47330865378,267813,12/4/2012,1,1,5,1396,732.9,7712.9,Flagship store,Clothing,Women
57037772202,271978,12/4/2012,10,3,3,886,279.09,2937.09,MBR,Electronics,Audio and video
58441627446,266917,12/4/2012,4,3,5,811,425.775,4480.775,e-Shop,Electronics,Mens
40759119132,274679,12/4/2012,11,5,4,1094,459.48,4835.48,TeleShop,Books,Children
60202318500,273426,12/4/2012,12,5,2,996,209.16,2201.16,MBR,Books,Academic
21560444881,273496,12/4/2012,11,5,4,1472,618.24,6506.24,e-Shop,Books,Children
57159856261,273802,12/4/2012,9,3,2,232,48.72,512.72,MBR,Electronics,Cameras
10213463325,273110,12/4/2012,9,3,2,1090,228.9,2408.9,e-Shop,Electronics,Cameras
34411529607,268033,12/4/2012,6,5,3,937,295.155,3106.155,e-Shop,Books,DIY
69442977111,274876,12/4/2012,6,5,5,363,190.575,2005.575,MBR,Books,DIY
73559545470,272666,12/4/2012,4,2,5,107,56.175,591.175,Flagship store,Footwear,Mens
98809238146,271469,12/4/2012,10,6,3,1500,472.5,4972.5,e-Shop,Home and kitchen,Audio and video
84361319168,267906,12/4/2012,1,1,5,1122,589.05,6199.05,Flagship store,Clothing,Women
98357951123,271936,12/4/2012,3,5,5,921,483.525,5088.525,e-Shop,Books,Kids
97470660802,270544,12/4/2012,10,3,-4,-417,175.14,-1843.14,e-Shop,Electronics,Audio and video
79576980016,274255,12/4/2012,7,5,1,92,9.66,101.66,TeleShop,Books,Fiction
69331207399,272982,12/4/2012,1,1,2,1389,291.69,3069.69,e-Shop,Clothing,Women
93209469862,271668,12/4/2012,8,3,5,708,371.7,3911.7,e-Shop,Electronics,Personal Appliances
42762780769,272116,11/4/2012,6,5,4,400,168,1768,TeleShop,Books,DIY
2021144507,267317,11/4/2012,3,2,5,1436,753.9,7933.9,e-Shop,Footwear,Kids
21170631279,272479,11/4/2012,1,2,2,965,202.65,2132.65,MBR,Footwear,Women
55687277103,273930,11/4/2012,9,3,4,183,76.86,808.86,e-Shop,Electronics,Cameras
19906902040,274363,11/4/2012,7,5,4,456,191.52,2015.52,Flagship store,Books,Fiction
50632065425,275216,11/4/2012,10,6,1,498,52.29,550.29,MBR,Home and kitchen,Audio and video
32936272727,274725,11/4/2012,9,3,4,1109,465.78,4901.78,TeleShop,Electronics,Cameras
17611596368,272498,11/4/2012,10,6,3,344,108.36,1140.36,Flagship store,Home and kitchen,Audio and video
11632222690,268359,11/4/2012,6,5,5,320,168,1768,e-Shop,Books,DIY
46301633928,272242,11/4/2012,11,6,5,551,289.275,3044.275,MBR,Home and kitchen,Children
18822564764,271970,11/4/2012,3,5,1,753,79.065,832.065,MBR,Books,Kids
1564657222,275190,11/4/2012,10,5,3,1062,334.53,3520.53,MBR,Books,Audio and video
27129645275,271055,11/4/2012,8,3,2,1176,246.96,2598.96,TeleShop,Electronics,Personal Appliances
47242493733,269890,11/4/2012,8,3,-5,-609,319.725,-3364.725,TeleShop,Electronics,Personal Appliances
55230306649,274661,11/4/2012,3,2,2,767,161.07,1695.07,Flagship store,Footwear,Kids
508811130,270233,11/4/2012,4,1,5,1411,740.775,7795.775,Flagship store,Clothing,Mens
41222364469,273951,11/4/2012,4,4,-1,-911,95.655,-1006.655,TeleShop,Bags,Mens
78357345891,274630,11/4/2012,7,5,1,646,67.83,713.83,TeleShop,Books,Fiction
85314889991,272812,11/4/2012,8,3,1,446,46.83,492.83,Flagship store,Electronics,Personal Appliances
93256779572,269439,11/4/2012,3,5,3,1493,470.295,4949.295,e-Shop,Books,Kids
89568506224,270933,11/4/2012,7,5,5,649,340.725,3585.725,MBR,Books,Fiction
36272281788,269035,10/4/2012,9,3,-2,-1449,304.29,-3202.29,Flagship store,Electronics,Cameras
29469467639,271422,10/4/2012,4,1,5,1213,636.825,6701.825,Flagship store,Clothing,Mens
51375328609,267508,10/4/2012,10,3,3,391,123.165,1296.165,e-Shop,Electronics,Audio and video
60323685764,273707,10/4/2012,1,4,1,1006,105.63,1111.63,MBR,Bags,Women
40596687610,272981,10/4/2012,11,6,1,237,24.885,261.885,MBR,Home and kitchen,Children
33261863650,273231,10/4/2012,7,5,-2,-162,34.02,-358.02,Flagship store,Books,Fiction
30130270493,273346,10/4/2012,3,2,3,464,146.16,1538.16,TeleShop,Footwear,Kids
58383264305,271176,10/4/2012,12,5,-5,-1173,615.825,-6480.825,MBR,Books,Academic
35281911913,268228,10/4/2012,12,6,-3,-923,290.745,-3059.745,TeleShop,Home and kitchen,Academic
59571894054,270770,10/4/2012,4,2,4,1494,627.48,6603.48,e-Shop,Footwear,Mens
6915343255,271026,10/4/2012,2,6,1,1274,133.77,1407.77,e-Shop,Home and kitchen,Furnishing
49619956077,269055,10/4/2012,7,5,5,765,401.625,4226.625,TeleShop,Books,Fiction
53584219051,270619,10/4/2012,4,2,1,1289,135.345,1424.345,Flagship store,Footwear,Mens
60551351242,269352,10/4/2012,1,2,1,93,9.765,102.765,TeleShop,Footwear,Women
26941789120,266843,10/4/2012,7,5,1,1238,129.99,1367.99,e-Shop,Books,Fiction
86612803358,270544,10/4/2012,1,4,4,274,115.08,1211.08,e-Shop,Bags,Women
76749366905,273355,10/4/2012,1,1,2,211,44.31,466.31,e-Shop,Clothing,Women
98097112949,266818,10/4/2012,10,6,1,1499,157.395,1656.395,e-Shop,Home and kitchen,Audio and video
90718014433,270911,10/4/2012,1,2,5,1439,755.475,7950.475,MBR,Footwear,Women
90666746065,272186,10/4/2012,5,3,3,263,82.845,871.845,MBR,Electronics,Computers
89196038348,267701,10/4/2012,4,4,2,859,180.39,1898.39,Flagship store,Bags,Mens
54441383175,274869,9/4/2012,10,5,3,473,148.995,1567.995,Flagship store,Books,Audio and video
11900061436,267000,9/4/2012,3,2,1,71,7.455,78.455,Flagship store,Footwear,Kids
27018739701,272412,9/4/2012,4,4,2,573,120.33,1266.33,Flagship store,Bags,Mens
49643307144,269739,9/4/2012,3,1,5,543,285.075,3000.075,e-Shop,Clothing,Kids
40510246400,272530,9/4/2012,10,5,4,469,196.98,2072.98,e-Shop,Books,Audio and video
53356126551,267801,9/4/2012,4,2,-5,-1369,718.725,-7563.725,TeleShop,Footwear,Mens
12738428351,269729,9/4/2012,10,5,5,509,267.225,2812.225,e-Shop,Books,Audio and video
21830967305,270626,9/4/2012,3,1,4,1033,433.86,4565.86,Flagship store,Clothing,Kids
41716245091,269073,9/4/2012,1,2,2,1202,252.42,2656.42,e-Shop,Footwear,Women
35263299517,271587,9/4/2012,3,1,1,613,64.365,677.365,MBR,Clothing,Kids
33280095378,270033,9/4/2012,1,1,3,557,175.455,1846.455,e-Shop,Clothing,Women
23585917290,274656,9/4/2012,6,5,5,319,167.475,1762.475,MBR,Books,DIY
4881149319,273941,9/4/2012,12,6,1,1377,144.585,1521.585,e-Shop,Home and kitchen,Academic
56355859434,272356,9/4/2012,3,5,-2,-779,163.59,-1721.59,e-Shop,Books,Kids
415013712,273714,9/4/2012,6,5,3,1326,417.69,4395.69,TeleShop,Books,DIY
37683322858,268898,9/4/2012,3,1,5,1427,749.175,7884.175,MBR,Clothing,Kids
32270401663,267183,9/4/2012,12,6,3,1188,374.22,3938.22,e-Shop,Home and kitchen,Academic
32260436686,267718,9/4/2012,11,6,2,1436,301.56,3173.56,e-Shop,Home and kitchen,Children
11318710033,270126,9/4/2012,3,5,1,1009,105.945,1114.945,MBR,Books,Kids
79413881685,274117,9/4/2012,8,3,2,659,138.39,1456.39,Flagship store,Electronics,Personal Appliances
81234672912,268684,9/4/2012,11,5,3,429,135.135,1422.135,MBR,Books,Children
71173407550,272267,9/4/2012,7,5,-3,-1170,368.55,-3878.55,TeleShop,Books,Fiction
89431000346,273248,9/4/2012,11,5,5,291,152.775,1607.775,MBR,Books,Children
75806302296,269661,9/4/2012,11,6,5,1437,754.425,7939.425,Flagship store,Home and kitchen,Children
91768022281,274490,9/4/2012,5,3,5,421,221.025,2326.025,e-Shop,Electronics,Computers
75690463539,274558,9/4/2012,12,5,-1,-1158,121.59,-1279.59,e-Shop,Books,Academic
94384111720,267806,9/4/2012,1,4,4,1471,617.82,6501.82,e-Shop,Bags,Women
72733602603,274481,9/4/2012,1,2,2,1116,234.36,2466.36,TeleShop,Footwear,Women
8429432201,274278,8/4/2012,7,5,1,1035,108.675,1143.675,Flagship store,Books,Fiction
51029502962,268066,8/4/2012,3,5,2,723,151.83,1597.83,TeleShop,Books,Kids
35281911913,268228,8/4/2012,12,6,3,923,290.745,3059.745,TeleShop,Home and kitchen,Academic
33261863650,273231,8/4/2012,7,5,2,162,34.02,358.02,Flagship store,Books,Fiction
54986338170,268771,8/4/2012,5,3,1,198,20.79,218.79,TeleShop,Electronics,Computers
50244969983,270834,8/4/2012,10,5,5,89,46.725,491.725,MBR,Books,Audio and video
56633561241,272739,8/4/2012,7,5,3,371,116.865,1229.865,Flagship store,Books,Fiction
47604927293,269696,8/4/2012,9,3,4,735,308.7,3248.7,MBR,Electronics,Cameras
21832389093,268399,8/4/2012,3,2,3,383,120.645,1269.645,MBR,Footwear,Kids
32636959881,273062,8/4/2012,4,1,1,1334,140.07,1474.07,MBR,Clothing,Mens
28260943426,266987,8/4/2012,2,6,3,220,69.3,729.3,MBR,Home and kitchen,Furnishing
1453192701,274748,8/4/2012,3,1,3,607,191.205,2012.205,TeleShop,Clothing,Kids
41916910820,266885,8/4/2012,10,3,3,474,149.31,1571.31,TeleShop,Electronics,Audio and video
89176542097,271764,8/4/2012,9,3,3,413,130.095,1369.095,e-Shop,Electronics,Cameras
91197598552,271768,8/4/2012,1,1,4,1308,549.36,5781.36,e-Shop,Clothing,Women
80021335993,272864,8/4/2012,1,4,-4,-1390,583.8,-6143.8,e-Shop,Bags,Women
69819273509,270530,8/4/2012,10,5,1,788,82.74,870.74,TeleShop,Books,Audio and video
65825175725,270523,8/4/2012,4,3,1,1318,138.39,1456.39,MBR,Electronics,Mens
89189412150,268359,8/4/2012,4,2,4,1143,480.06,5052.06,MBR,Footwear,Mens
71808178048,269906,8/4/2012,5,3,2,771,161.91,1703.91,e-Shop,Electronics,Computers
82359174498,269020,8/4/2012,2,6,2,1417,297.57,3131.57,TeleShop,Home and kitchen,Furnishing
97470660802,270544,8/4/2012,10,3,4,417,175.14,1843.14,e-Shop,Electronics,Audio and video
61077995883,272940,7/4/2012,4,3,3,1315,414.225,4359.225,e-Shop,Electronics,Mens
26771859374,274601,7/4/2012,5,3,5,673,353.325,3718.325,MBR,Electronics,Computers
13344315309,270982,7/4/2012,4,4,3,807,254.205,2675.205,Flagship store,Bags,Mens
14502083538,268813,7/4/2012,8,3,4,1163,488.46,5140.46,e-Shop,Electronics,Personal Appliances
19211976918,274736,7/4/2012,4,1,1,392,41.16,433.16,TeleShop,Clothing,Mens
31972406262,271817,7/4/2012,4,3,2,929,195.09,2053.09,e-Shop,Electronics,Mens
58383264305,271176,7/4/2012,12,5,5,1173,615.825,6480.825,MBR,Books,Academic
2948842295,269950,7/4/2012,1,4,4,631,265.02,2789.02,MBR,Bags,Women
5886533256,272425,7/4/2012,10,3,5,1419,744.975,7839.975,e-Shop,Electronics,Audio and video
28644612375,267934,7/4/2012,10,3,2,804,168.84,1776.84,Flagship store,Electronics,Audio and video
26986490168,268935,7/4/2012,4,1,5,942,494.55,5204.55,Flagship store,Clothing,Mens
59668376001,267624,7/4/2012,10,3,1,982,103.11,1085.11,e-Shop,Electronics,Audio and video
35023439779,273776,7/4/2012,12,5,3,1167,367.605,3868.605,Flagship store,Books,Academic
31793268077,267330,7/4/2012,11,5,-5,-93,48.825,-513.825,Flagship store,Books,Children
67968089013,271705,7/4/2012,4,2,4,587,246.54,2594.54,TeleShop,Footwear,Mens
78799170861,268025,7/4/2012,2,6,4,1236,519.12,5463.12,e-Shop,Home and kitchen,Furnishing
86004150713,274955,7/4/2012,1,1,2,586,123.06,1295.06,TeleShop,Clothing,Women
80634339024,266807,7/4/2012,10,3,2,615,129.15,1359.15,MBR,Electronics,Audio and video
1048261808,270170,6/4/2012,3,5,4,721,302.82,3186.82,e-Shop,Books,Kids
55074755496,274480,6/4/2012,12,5,5,755,396.375,4171.375,MBR,Books,Academic
31793268077,267330,6/4/2012,11,5,-5,-93,48.825,-513.825,Flagship store,Books,Children
6098986102,267282,6/4/2012,3,1,4,1376,577.92,6081.92,e-Shop,Clothing,Kids
16380804187,271604,6/4/2012,4,2,4,1053,442.26,4654.26,Flagship store,Footwear,Mens
8703595902,268819,6/4/2012,3,1,3,611,192.465,2025.465,e-Shop,Clothing,Kids
39424756602,269133,6/4/2012,9,3,1,336,35.28,371.28,e-Shop,Electronics,Cameras
27129555269,269621,6/4/2012,3,2,1,1062,111.51,1173.51,e-Shop,Footwear,Kids
56820117113,274984,6/4/2012,11,6,3,1091,343.665,3616.665,e-Shop,Home and kitchen,Children
51706625543,270425,6/4/2012,10,5,1,1316,138.18,1454.18,Flagship store,Books,Audio and video
41646613701,271498,6/4/2012,1,2,4,922,387.24,4075.24,e-Shop,Footwear,Women
12547023401,274081,6/4/2012,4,1,1,800,84,884,MBR,Clothing,Mens
76319483530,270884,6/4/2012,10,6,5,826,433.65,4563.65,e-Shop,Home and kitchen,Audio and video
79199314460,269864,6/4/2012,2,6,-4,-672,282.24,-2970.24,e-Shop,Home and kitchen,Furnishing
74291438012,274119,6/4/2012,5,3,4,601,252.42,2656.42,MBR,Electronics,Computers
72861430730,266901,6/4/2012,9,3,4,754,316.68,3332.68,MBR,Electronics,Cameras
70512680023,269503,6/4/2012,10,3,-1,-885,92.925,-977.925,e-Shop,Electronics,Audio and video
75454605210,274437,6/4/2012,12,5,2,508,106.68,1122.68,e-Shop,Books,Academic
99066767116,270252,6/4/2012,12,6,3,1333,419.895,4418.895,Flagship store,Home and kitchen,Academic
49403040659,269765,5/4/2012,10,5,4,175,73.5,773.5,Flagship store,Books,Audio and video
46745669386,272678,5/4/2012,4,3,4,83,34.86,366.86,e-Shop,Electronics,Mens
35597659928,268712,5/4/2012,12,6,4,862,362.04,3810.04,Flagship store,Home and kitchen,Academic
48425793402,272534,5/4/2012,4,4,1,817,85.785,902.785,e-Shop,Bags,Mens
47242493733,269890,5/4/2012,8,3,5,609,319.725,3364.725,TeleShop,Electronics,Personal Appliances
46183719500,269788,5/4/2012,3,5,5,332,174.3,1834.3,e-Shop,Books,Kids
61809388814,267067,5/4/2012,4,1,-5,-157,82.425,-867.425,MBR,Clothing,Mens
55389581056,271831,5/4/2012,11,6,-1,-169,17.745,-186.745,Flagship store,Home and kitchen,Children
57571275813,266810,5/4/2012,4,1,5,1157,607.425,6392.425,e-Shop,Clothing,Mens
27498876594,270357,5/4/2012,3,2,-5,-440,231,-2431,Flagship store,Footwear,Kids
35443792381,267108,5/4/2012,3,5,5,1442,757.05,7967.05,TeleShop,Books,Kids
20366289953,273190,5/4/2012,1,4,2,606,127.26,1339.26,e-Shop,Bags,Women
35797071804,270055,5/4/2012,11,5,4,484,203.28,2139.28,MBR,Books,Children
23635990226,272636,5/4/2012,7,5,3,644,202.86,2134.86,Flagship store,Books,Fiction
15708676199,268150,5/4/2012,6,5,1,852,89.46,941.46,TeleShop,Books,DIY
53356126551,267801,5/4/2012,4,2,5,1369,718.725,7563.725,TeleShop,Footwear,Mens
25694755339,268090,5/4/2012,10,3,3,1383,435.645,4584.645,TeleShop,Electronics,Audio and video
16468397208,266870,5/4/2012,7,5,-3,-629,198.135,-2085.135,e-Shop,Books,Fiction
27716988048,269593,5/4/2012,7,5,3,716,225.54,2373.54,TeleShop,Books,Fiction
55584873121,274279,5/4/2012,10,6,3,1272,400.68,4216.68,e-Shop,Home and kitchen,Audio and video
54785620267,271757,5/4/2012,3,2,2,462,97.02,1021.02,MBR,Footwear,Kids
43929163078,270347,5/4/2012,3,5,5,527,276.675,2911.675,TeleShop,Books,Kids
62040778901,273900,5/4/2012,10,6,3,270,85.05,895.05,Flagship store,Home and kitchen,Audio and video
81202199074,267464,5/4/2012,4,4,1,550,57.75,607.75,e-Shop,Bags,Mens
71173407550,272267,5/4/2012,7,5,3,1170,368.55,3878.55,TeleShop,Books,Fiction
95889770017,269652,5/4/2012,4,2,3,562,177.03,1863.03,Flagship store,Footwear,Mens
65028797098,270658,5/4/2012,4,4,4,559,234.78,2470.78,MBR,Bags,Mens
80387739201,267439,5/4/2012,11,6,-3,-1003,315.945,-3324.945,e-Shop,Home and kitchen,Children
75690463539,274558,5/4/2012,12,5,1,1158,121.59,1279.59,e-Shop,Books,Academic
92791756286,267925,5/4/2012,12,6,1,1353,142.065,1495.065,TeleShop,Home and kitchen,Academic
67288023517,267145,5/4/2012,3,5,-1,-673,70.665,-743.665,Flagship store,Books,Kids
4108243471,268216,4/4/2012,12,5,1,605,63.525,668.525,e-Shop,Books,Academic
54928724595,274902,4/4/2012,7,5,4,522,219.24,2307.24,e-Shop,Books,Fiction
27498876594,270357,4/4/2012,3,2,5,440,231,2431,Flagship store,Footwear,Kids
31793268077,267330,4/4/2012,11,5,5,93,48.825,513.825,Flagship store,Books,Children
44324166837,274787,4/4/2012,1,2,5,1401,735.525,7740.525,TeleShop,Footwear,Women
16628245605,273317,4/4/2012,10,5,2,837,175.77,1849.77,e-Shop,Books,Audio and video
36983837902,269098,4/4/2012,6,5,3,206,64.89,682.89,Flagship store,Books,DIY
42384989119,274963,4/4/2012,3,5,-2,-1084,227.64,-2395.64,e-Shop,Books,Kids
13328898822,268671,4/4/2012,5,3,2,427,89.67,943.67,MBR,Electronics,Computers
56355859434,272356,4/4/2012,3,5,2,779,163.59,1721.59,e-Shop,Books,Kids
39449907228,273005,4/4/2012,10,6,3,229,72.135,759.135,e-Shop,Home and kitchen,Audio and video
36331626631,274270,4/4/2012,12,6,3,210,66.15,696.15,Flagship store,Home and kitchen,Academic
65542495835,271168,4/4/2012,3,1,3,1176,370.44,3898.44,TeleShop,Clothing,Kids
92488436294,272127,4/4/2012,10,5,4,899,377.58,3973.58,MBR,Books,Audio and video
88854423239,272591,4/4/2012,9,3,5,1091,572.775,6027.775,e-Shop,Electronics,Cameras
80888594046,274336,4/4/2012,1,1,5,192,100.8,1060.8,e-Shop,Clothing,Women
69975095345,273225,4/4/2012,4,2,2,326,68.46,720.46,e-Shop,Footwear,Mens
80537911471,267019,4/4/2012,3,5,5,490,257.25,2707.25,TeleShop,Books,Kids
5877653049,267661,3/4/2012,4,3,1,1492,156.66,1648.66,e-Shop,Electronics,Mens
12299593590,267864,3/4/2012,4,4,1,1285,134.925,1419.925,Flagship store,Bags,Mens
23762193288,269920,3/4/2012,3,1,5,283,148.575,1563.575,TeleShop,Clothing,Kids
9237252879,272440,3/4/2012,10,5,4,551,231.42,2435.42,Flagship store,Books,Audio and video
6652629916,274944,3/4/2012,4,2,1,1026,107.73,1133.73,MBR,Footwear,Mens
26577992701,270008,3/4/2012,11,6,-1,-1003,105.315,-1108.315,e-Shop,Home and kitchen,Children
3616094051,270597,3/4/2012,1,4,-5,-325,170.625,-1795.625,e-Shop,Bags,Women
20268412339,267224,3/4/2012,4,4,3,653,205.695,2164.695,e-Shop,Bags,Mens
44344279807,274814,3/4/2012,12,5,-4,-1370,575.4,-6055.4,TeleShop,Books,Academic
13036062100,273500,3/4/2012,9,3,2,231,48.51,510.51,TeleShop,Electronics,Cameras
54530989796,271679,3/4/2012,8,3,1,1494,156.87,1650.87,e-Shop,Electronics,Personal Appliances
13103250316,274028,3/4/2012,9,3,3,911,286.965,3019.965,e-Shop,Electronics,Cameras
13721165626,268908,3/4/2012,5,3,1,286,30.03,316.03,e-Shop,Electronics,Computers
41639189069,273077,3/4/2012,5,3,4,1237,519.54,5467.54,e-Shop,Electronics,Computers
44517660369,268810,3/4/2012,2,6,2,222,46.62,490.62,e-Shop,Home and kitchen,Furnishing
71543316436,270908,3/4/2012,3,5,5,436,228.9,2408.9,MBR,Books,Kids
87827015325,267329,3/4/2012,4,4,5,220,115.5,1215.5,e-Shop,Bags,Mens
70222766744,267690,3/4/2012,3,2,-2,-800,168,-1768,e-Shop,Footwear,Kids
79199314460,269864,3/4/2012,2,6,4,672,282.24,2970.24,e-Shop,Home and kitchen,Furnishing
85884159620,267482,3/4/2012,3,5,1,1201,126.105,1327.105,MBR,Books,Kids
70512680023,269503,3/4/2012,10,3,1,885,92.925,977.925,e-Shop,Electronics,Audio and video
76361412817,271589,3/4/2012,10,5,-3,-1381,435.015,-4578.015,Flagship store,Books,Audio and video
46839582103,273674,2/4/2012,1,4,4,222,93.24,981.24,TeleShop,Bags,Women
42890151116,271397,2/4/2012,1,4,4,1165,489.3,5149.3,e-Shop,Bags,Women
39726268595,270822,2/4/2012,4,2,4,300,126,1326,TeleShop,Footwear,Mens
41222364469,273951,2/4/2012,4,4,1,911,95.655,1006.655,TeleShop,Bags,Mens
41934095429,274187,2/4/2012,4,3,2,1485,311.85,3281.85,e-Shop,Electronics,Mens
61603499573,272244,2/4/2012,4,1,1,1452,152.46,1604.46,e-Shop,Clothing,Mens
23836148473,272922,2/4/2012,10,3,4,912,383.04,4031.04,MBR,Electronics,Audio and video
20279273985,275181,2/4/2012,12,6,4,213,89.46,941.46,Flagship store,Home and kitchen,Academic
59838779074,270170,2/4/2012,10,3,-2,-956,200.76,-2112.76,MBR,Electronics,Audio and video
82741716486,275230,2/4/2012,5,3,2,423,88.83,934.83,e-Shop,Electronics,Computers
76411063299,269429,2/4/2012,4,1,2,749,157.29,1655.29,Flagship store,Clothing,Mens
98367684895,272774,2/4/2012,8,3,1,1484,155.82,1639.82,e-Shop,Electronics,Personal Appliances
81775806572,272428,2/4/2012,10,6,4,1183,496.86,5228.86,e-Shop,Home and kitchen,Audio and video
80685727589,271548,2/4/2012,10,6,3,192,60.48,636.48,e-Shop,Home and kitchen,Audio and video
80238147662,271807,2/4/2012,3,5,2,419,87.99,925.99,e-Shop,Books,Kids
67223922805,274196,2/4/2012,11,5,4,761,319.62,3363.62,TeleShop,Books,Children
23113182497,272780,1/4/2012,12,6,2,1443,303.03,3189.03,MBR,Home and kitchen,Academic
34682546916,267401,1/4/2012,10,5,3,441,138.915,1461.915,e-Shop,Books,Audio and video
18554862799,274350,1/4/2012,5,3,-5,-699,366.975,-3861.975,e-Shop,Electronics,Computers
6476466668,270824,1/4/2012,2,6,4,1415,594.3,6254.3,Flagship store,Home and kitchen,Furnishing
44215477104,273857,1/4/2012,4,3,2,754,158.34,1666.34,Flagship store,Electronics,Mens
60173713548,270430,1/4/2012,4,2,3,272,85.68,901.68,Flagship store,Footwear,Mens
54104839790,270676,1/4/2012,3,5,1,239,25.095,264.095,e-Shop,Books,Kids
58043924276,275224,1/4/2012,7,5,1,187,19.635,206.635,Flagship store,Books,Fiction
36272281788,269035,1/4/2012,9,3,2,1449,304.29,3202.29,Flagship store,Electronics,Cameras
20236520021,270061,1/4/2012,3,5,5,733,384.825,4049.825,Flagship store,Books,Kids
51515883551,269360,1/4/2012,3,2,5,1325,695.625,7320.625,e-Shop,Footwear,Kids
51333367303,269995,1/4/2012,1,1,3,983,309.645,3258.645,MBR,Clothing,Women
9628609885,268808,1/4/2012,3,5,5,183,96.075,1011.075,MBR,Books,Kids
32229697190,267749,1/4/2012,1,4,5,1369,718.725,7563.725,Flagship store,Bags,Women
62648974136,267042,1/4/2012,4,4,2,1098,230.58,2426.58,MBR,Bags,Mens
67288023517,267145,1/4/2012,3,5,1,673,70.665,743.665,Flagship store,Books,Kids
64344239747,270437,1/4/2012,11,5,1,1232,129.36,1361.36,MBR,Books,Children
85279866930,270480,1/4/2012,2,6,1,1325,139.125,1464.125,MBR,Home and kitchen,Furnishing
83161378896,274314,1/4/2012,3,1,1,191,20.055,211.055,e-Shop,Clothing,Kids
73867217970,267158,1/4/2012,3,5,5,383,201.075,2116.075,e-Shop,Books,Kids
88920791327,274852,1/4/2012,3,1,3,613,193.095,2032.095,Flagship store,Clothing,Kids
70853348974,269624,1/4/2012,4,2,3,931,293.265,3086.265,e-Shop,Footwear,Mens
91552507772,273337,1/4/2012,10,3,3,237,74.655,785.655,e-Shop,Electronics,Audio and video
57696927467,274227,31-03-2012,4,4,3,396,124.74,1312.74,TeleShop,Bags,Mens
22541505774,272870,31-03-2012,1,4,2,1238,259.98,2735.98,Flagship store,Bags,Women
38254205257,267688,31-03-2012,9,3,5,875,459.375,4834.375,TeleShop,Electronics,Cameras
23019274334,267298,31-03-2012,4,2,3,412,129.78,1365.78,MBR,Footwear,Mens
36440132267,269867,31-03-2012,1,1,3,879,276.885,2913.885,Flagship store,Clothing,Women
17809088499,274756,31-03-2012,3,2,2,1149,241.29,2539.29,e-Shop,Footwear,Kids
42953529809,271110,31-03-2012,4,1,4,1496,628.32,6612.32,e-Shop,Clothing,Mens
6471910900,274795,31-03-2012,3,1,2,433,90.93,956.93,e-Shop,Clothing,Kids
32673378480,268457,31-03-2012,11,5,5,1480,777,8177,TeleShop,Books,Children
35507740567,274842,31-03-2012,10,5,5,863,453.075,4768.075,Flagship store,Books,Audio and video
55070644103,273762,31-03-2012,6,5,-5,-1283,673.575,-7088.575,Flagship store,Books,DIY
6292842675,274580,31-03-2012,2,6,2,619,129.99,1367.99,e-Shop,Home and kitchen,Furnishing
55389581056,271831,31-03-2012,11,6,-1,-169,17.745,-186.745,Flagship store,Home and kitchen,Children
42384989119,274963,31-03-2012,3,5,2,1084,227.64,2395.64,e-Shop,Books,Kids
31913439880,272346,31-03-2012,3,1,1,266,27.93,293.93,Flagship store,Clothing,Kids
92530013028,273922,31-03-2012,4,2,2,870,182.7,1922.7,e-Shop,Footwear,Mens
99129967708,270137,31-03-2012,3,1,1,149,15.645,164.645,MBR,Clothing,Kids
69431625250,267021,31-03-2012,6,5,3,1215,382.725,4027.725,e-Shop,Books,DIY
84466287040,272976,31-03-2012,11,6,5,654,343.35,3613.35,TeleShop,Home and kitchen,Children
77238634833,274558,31-03-2012,12,6,3,506,159.39,1677.39,TeleShop,Home and kitchen,Academic
54028314479,271187,30-03-2012,8,3,3,1412,444.78,4680.78,TeleShop,Electronics,Personal Appliances
13139543472,268062,30-03-2012,1,4,2,182,38.22,402.22,MBR,Bags,Women
45244635139,274060,30-03-2012,10,5,3,866,272.79,2870.79,Flagship store,Books,Audio and video
35201958492,270517,30-03-2012,5,3,-4,-396,166.32,-1750.32,TeleShop,Electronics,Computers
16221563941,272418,30-03-2012,10,6,2,699,146.79,1544.79,TeleShop,Home and kitchen,Audio and video
61809388814,267067,30-03-2012,4,1,5,157,82.425,867.425,MBR,Clothing,Mens
49411178907,273652,30-03-2012,1,1,2,905,190.05,2000.05,e-Shop,Clothing,Women
49656466415,273718,30-03-2012,9,3,3,1390,437.85,4607.85,Flagship store,Electronics,Cameras
58984293542,270966,30-03-2012,3,5,-4,-892,374.64,-3942.64,TeleShop,Books,Kids
93199845804,270500,30-03-2012,1,1,4,586,246.12,2590.12,e-Shop,Clothing,Women
68084350766,269772,30-03-2012,1,4,3,1048,330.12,3474.12,Flagship store,Bags,Women
69846556409,270292,30-03-2012,12,6,1,195,20.475,215.475,e-Shop,Home and kitchen,Academic
92864239157,273319,30-03-2012,6,5,4,1478,620.76,6532.76,Flagship store,Books,DIY
97507207511,268867,30-03-2012,10,6,1,100,10.5,110.5,MBR,Home and kitchen,Audio and video
77680721786,272575,30-03-2012,5,3,2,826,173.46,1825.46,Flagship store,Electronics,Computers
88300474514,271730,30-03-2012,4,4,4,1195,501.9,5281.9,Flagship store,Bags,Mens
80021335993,272864,30-03-2012,1,4,4,1390,583.8,6143.8,e-Shop,Bags,Women
71570501261,269597,30-03-2012,7,5,1,463,48.615,511.615,e-Shop,Books,Fiction
80387739201,267439,30-03-2012,11,6,3,1003,315.945,3324.945,e-Shop,Home and kitchen,Children
53755473291,268827,29-03-2012,1,4,4,1124,472.08,4968.08,Flagship store,Bags,Women
16468397208,266870,29-03-2012,7,5,3,629,198.135,2085.135,e-Shop,Books,Fiction
35470263787,272775,29-03-2012,7,5,4,996,418.32,4402.32,TeleShop,Books,Fiction
54222618165,269703,29-03-2012,4,1,5,1026,538.65,5668.65,e-Shop,Clothing,Mens
52445742169,267832,29-03-2012,1,2,2,522,109.62,1153.62,MBR,Footwear,Women
59838779074,270170,29-03-2012,10,3,2,956,200.76,2112.76,MBR,Electronics,Audio and video
28445045388,271694,29-03-2012,4,3,1,721,75.705,796.705,MBR,Electronics,Mens
18318623956,272855,29-03-2012,4,2,3,273,85.995,904.995,e-Shop,Footwear,Mens
13704439021,273199,29-03-2012,1,2,2,234,49.14,517.14,e-Shop,Footwear,Women
5116556684,272954,29-03-2012,5,3,4,123,51.66,543.66,e-Shop,Electronics,Computers
17890864160,273588,29-03-2012,10,6,1,255,26.775,281.775,TeleShop,Home and kitchen,Audio and video
54464841671,271201,29-03-2012,10,5,5,993,521.325,5486.325,e-Shop,Books,Audio and video
27186008422,267467,29-03-2012,12,6,3,111,34.965,367.965,MBR,Home and kitchen,Academic
92897357976,268323,29-03-2012,3,1,4,782,328.44,3456.44,Flagship store,Clothing,Kids
70809247440,267143,29-03-2012,3,1,3,1160,365.4,3845.4,MBR,Clothing,Kids
86881513213,271406,29-03-2012,1,1,5,566,297.15,3127.15,e-Shop,Clothing,Women
89999281728,272493,29-03-2012,11,6,2,390,81.9,861.9,MBR,Home and kitchen,Children
98216914476,267906,29-03-2012,4,1,5,597,313.425,3298.425,e-Shop,Clothing,Mens
72029727233,267028,29-03-2012,12,5,1,1144,120.12,1264.12,e-Shop,Books,Academic
88734693915,274017,29-03-2012,1,4,1,466,48.93,514.93,e-Shop,Bags,Women
85675467692,269624,29-03-2012,6,5,1,910,95.55,1005.55,e-Shop,Books,DIY
36148079374,270907,28-03-2012,9,3,5,791,415.275,4370.275,Flagship store,Electronics,Cameras
14998214527,273417,28-03-2012,10,5,4,1201,504.42,5308.42,e-Shop,Books,Audio and video
5093407624,267604,28-03-2012,3,1,1,176,18.48,194.48,e-Shop,Clothing,Kids
27260520312,268974,28-03-2012,4,4,1,374,39.27,413.27,e-Shop,Bags,Mens
4755337067,267110,28-03-2012,4,3,5,944,495.6,5215.6,TeleShop,Electronics,Mens
26440919687,272831,28-03-2012,4,1,5,1449,760.725,8005.725,Flagship store,Clothing,Mens
5423632071,268743,28-03-2012,4,3,4,1310,550.2,5790.2,e-Shop,Electronics,Mens
49873283299,274117,28-03-2012,1,2,5,841,441.525,4646.525,Flagship store,Footwear,Women
17047022175,270295,28-03-2012,12,6,2,1471,308.91,3250.91,e-Shop,Home and kitchen,Academic
33870268408,271306,28-03-2012,8,3,-5,-387,203.175,-2138.175,Flagship store,Electronics,Personal Appliances
46891121865,273400,28-03-2012,12,6,3,125,39.375,414.375,TeleShop,Home and kitchen,Academic
41963910760,275137,28-03-2012,12,6,4,877,368.34,3876.34,MBR,Home and kitchen,Academic
11279190858,272536,28-03-2012,9,3,5,354,185.85,1955.85,MBR,Electronics,Cameras
3616094051,270597,28-03-2012,1,4,5,325,170.625,1795.625,e-Shop,Bags,Women
5670500957,270110,28-03-2012,8,3,3,1128,355.32,3739.32,e-Shop,Electronics,Personal Appliances
19710323589,270424,28-03-2012,12,6,2,180,37.8,397.8,e-Shop,Home and kitchen,Academic
76361412817,271589,28-03-2012,10,5,3,1381,435.015,4578.015,Flagship store,Books,Audio and video
65879398230,268419,28-03-2012,3,5,3,1248,393.12,4137.12,Flagship store,Books,Kids
93686710848,270922,28-03-2012,12,5,4,876,367.92,3871.92,e-Shop,Books,Academic
94435545116,267366,28-03-2012,9,3,1,1354,142.17,1496.17,e-Shop,Electronics,Cameras
73114356122,272841,28-03-2012,11,6,5,493,258.825,2723.825,Flagship store,Home and kitchen,Children
78282610402,271366,28-03-2012,9,3,2,963,202.23,2128.23,Flagship store,Electronics,Cameras
88597879017,270123,28-03-2012,9,3,2,554,116.34,1224.34,MBR,Electronics,Cameras
51543091427,274275,27-03-2012,10,3,1,711,74.655,785.655,e-Shop,Electronics,Audio and video
37725436293,267365,27-03-2012,2,6,-5,-1250,656.25,-6906.25,Flagship store,Home and kitchen,Furnishing
33870268408,271306,27-03-2012,8,3,5,387,203.175,2138.175,Flagship store,Electronics,Personal Appliances
55070644103,273762,27-03-2012,6,5,5,1283,673.575,7088.575,Flagship store,Books,DIY
13353967336,270908,27-03-2012,10,5,2,991,208.11,2190.11,e-Shop,Books,Audio and video
62128542294,271636,27-03-2012,4,1,-3,-293,92.295,-971.295,Flagship store,Clothing,Mens
3112837690,268367,27-03-2012,10,5,1,762,80.01,842.01,MBR,Books,Audio and video
35588365293,269392,27-03-2012,4,1,5,601,315.525,3320.525,e-Shop,Clothing,Mens
60492722154,272626,27-03-2012,10,3,2,239,50.19,528.19,MBR,Electronics,Audio and video
33035479323,267176,27-03-2012,3,1,3,451,142.065,1495.065,MBR,Clothing,Kids
32650108184,271201,27-03-2012,10,3,5,80,42,442,Flagship store,Electronics,Audio and video
12901589373,274593,27-03-2012,10,6,3,689,217.035,2284.035,e-Shop,Home and kitchen,Audio and video
55389581056,271831,27-03-2012,11,6,1,169,17.745,186.745,Flagship store,Home and kitchen,Children
21815200259,270144,27-03-2012,5,3,2,204,42.84,450.84,Flagship store,Electronics,Computers
22491109357,274047,27-03-2012,1,4,5,222,116.55,1226.55,e-Shop,Bags,Women
35201958492,270517,27-03-2012,5,3,4,396,166.32,1750.32,TeleShop,Electronics,Computers
18554862799,274350,27-03-2012,5,3,5,699,366.975,3861.975,e-Shop,Electronics,Computers
77306507070,273783,27-03-2012,10,5,5,828,434.7,4574.7,MBR,Books,Audio and video
83969664696,271833,27-03-2012,11,5,-4,-882,370.44,-3898.44,e-Shop,Books,Children
70054748645,269417,27-03-2012,10,6,2,483,101.43,1067.43,MBR,Home and kitchen,Audio and video
94215407073,271427,27-03-2012,7,5,2,1461,306.81,3228.81,MBR,Books,Fiction
85267254422,268021,27-03-2012,10,6,3,692,217.98,2293.98,Flagship store,Home and kitchen,Audio and video
68133628449,270234,27-03-2012,8,3,1,1097,115.185,1212.185,e-Shop,Electronics,Personal Appliances
90320242499,271519,27-03-2012,1,2,5,903,474.075,4989.075,e-Shop,Footwear,Women
72500230422,267680,27-03-2012,4,4,-1,-260,27.3,-287.3,TeleShop,Bags,Mens
56402419124,273423,26-03-2012,11,5,5,1105,580.125,6105.125,e-Shop,Books,Children
53726738152,267268,26-03-2012,7,5,5,1494,784.35,8254.35,MBR,Books,Fiction
56088651096,269002,26-03-2012,3,2,1,1394,146.37,1540.37,TeleShop,Footwear,Kids
24706919599,271643,26-03-2012,3,2,-3,-798,251.37,-2645.37,e-Shop,Footwear,Kids
16686013855,275046,26-03-2012,10,6,3,1163,366.345,3855.345,e-Shop,Home and kitchen,Audio and video
36602102640,271756,26-03-2012,2,6,5,1033,542.325,5707.325,TeleShop,Home and kitchen,Furnishing
54021197812,275252,26-03-2012,1,4,3,524,165.06,1737.06,TeleShop,Bags,Women
12142930349,267930,26-03-2012,3,5,4,952,399.84,4207.84,TeleShop,Books,Kids
52497833620,273976,26-03-2012,4,3,1,1084,113.82,1197.82,MBR,Electronics,Mens
18872716621,267825,26-03-2012,7,5,5,503,264.075,2779.075,e-Shop,Books,Fiction
2708103118,275084,26-03-2012,10,5,2,222,46.62,490.62,Flagship store,Books,Audio and video
22518165197,274568,26-03-2012,4,4,3,1462,460.53,4846.53,TeleShop,Bags,Mens
59165171819,268174,26-03-2012,1,4,5,1344,705.6,7425.6,Flagship store,Bags,Women
49146677132,271042,26-03-2012,4,3,3,1005,316.575,3331.575,e-Shop,Electronics,Mens
18513915353,269637,26-03-2012,10,3,1,860,90.3,950.3,e-Shop,Electronics,Audio and video
36958923303,273935,26-03-2012,4,3,5,277,145.425,1530.425,MBR,Electronics,Mens
7338399185,270975,26-03-2012,4,1,1,463,48.615,511.615,e-Shop,Clothing,Mens
60508431089,272556,26-03-2012,4,1,4,1343,564.06,5936.06,e-Shop,Clothing,Mens
43689235937,273547,26-03-2012,3,1,4,1366,573.72,6037.72,MBR,Clothing,Kids
85100143624,267330,26-03-2012,11,5,1,1283,134.715,1417.715,Flagship store,Books,Children
83969664696,271833,26-03-2012,11,5,4,882,370.44,3898.44,e-Shop,Books,Children
66600147350,270449,26-03-2012,1,4,-5,-1222,641.55,-6751.55,TeleShop,Bags,Women
88291564798,273966,26-03-2012,10,6,3,362,114.03,1200.03,MBR,Home and kitchen,Audio and video
66712751118,272318,26-03-2012,1,2,5,746,391.65,4121.65,e-Shop,Footwear,Women
80618085819,273058,26-03-2012,4,4,3,1366,430.29,4528.29,TeleShop,Bags,Mens
84088661941,268878,26-03-2012,2,6,1,149,15.645,164.645,e-Shop,Home and kitchen,Furnishing
93864442350,267858,26-03-2012,11,5,4,1262,530.04,5578.04,Flagship store,Books,Children
33583577887,270720,25-03-2012,4,3,4,783,328.86,3460.86,e-Shop,Electronics,Mens
1231486101,267148,25-03-2012,3,2,3,813,256.095,2695.095,e-Shop,Footwear,Kids
61629439851,272264,25-03-2012,7,5,3,793,249.795,2628.795,TeleShop,Books,Fiction
16180420323,275096,25-03-2012,4,3,5,416,218.4,2298.4,e-Shop,Electronics,Mens
36847245766,272703,25-03-2012,7,5,3,102,32.13,338.13,Flagship store,Books,Fiction
28996862972,270687,25-03-2012,12,6,4,1456,611.52,6435.52,e-Shop,Home and kitchen,Academic
56896596081,268903,25-03-2012,2,6,5,1298,681.45,7171.45,e-Shop,Home and kitchen,Furnishing
38379122031,274314,25-03-2012,7,5,2,305,64.05,674.05,TeleShop,Books,Fiction
44344279807,274814,25-03-2012,12,5,4,1370,575.4,6055.4,TeleShop,Books,Academic
10565189940,272356,25-03-2012,4,2,3,1399,440.685,4637.685,e-Shop,Footwear,Mens
55838110417,267460,25-03-2012,10,3,3,986,310.59,3268.59,e-Shop,Electronics,Audio and video
40416526036,274211,25-03-2012,4,1,3,593,186.795,1965.795,TeleShop,Clothing,Mens
29141012215,268313,25-03-2012,7,5,3,842,265.23,2791.23,TeleShop,Books,Fiction
24719318212,269528,25-03-2012,10,5,2,1108,232.68,2448.68,e-Shop,Books,Audio and video
83672197479,274208,25-03-2012,5,3,4,152,63.84,671.84,e-Shop,Electronics,Computers
72606298310,273845,25-03-2012,1,2,2,76,15.96,167.96,TeleShop,Footwear,Women
66600147350,270449,25-03-2012,1,4,5,1222,641.55,6751.55,TeleShop,Bags,Women
88065227314,274362,25-03-2012,11,6,2,1362,286.02,3010.02,MBR,Home and kitchen,Children
73211097836,274923,25-03-2012,10,6,2,662,139.02,1463.02,e-Shop,Home and kitchen,Audio and video
67444279351,269216,25-03-2012,11,6,3,1092,343.98,3619.98,MBR,Home and kitchen,Children
84469789992,272568,25-03-2012,3,2,4,692,290.64,3058.64,Flagship store,Footwear,Kids
88014527413,273305,25-03-2012,11,5,-3,-1314,413.91,-4355.91,TeleShop,Books,Children
62128542294,271636,24-03-2012,4,1,3,293,92.295,971.295,Flagship store,Clothing,Mens
60851705022,271986,24-03-2012,6,5,4,984,413.28,4349.28,e-Shop,Books,DIY
42446047432,273380,24-03-2012,1,2,4,1087,456.54,4804.54,e-Shop,Footwear,Women
1147273461,268572,24-03-2012,12,5,4,1217,511.14,5379.14,e-Shop,Books,Academic
54425145016,268825,24-03-2012,10,3,1,1290,135.45,1425.45,MBR,Electronics,Audio and video
3783354231,271278,24-03-2012,1,4,3,330,103.95,1093.95,Flagship store,Bags,Women
46025126465,269507,24-03-2012,7,5,3,1050,330.75,3480.75,TeleShop,Books,Fiction
44885916189,273313,24-03-2012,11,5,5,1456,764.4,8044.4,e-Shop,Books,Children
49468996469,271838,24-03-2012,4,3,3,486,153.09,1611.09,Flagship store,Electronics,Mens
29736629579,274033,24-03-2012,11,5,4,1461,613.62,6457.62,MBR,Books,Children
2736255465,268372,24-03-2012,4,4,5,194,101.85,1071.85,TeleShop,Bags,Mens
25670956975,271111,24-03-2012,7,5,3,434,136.71,1438.71,e-Shop,Books,Fiction
38472017456,273369,24-03-2012,1,4,1,630,66.15,696.15,MBR,Bags,Women
25561103952,271014,24-03-2012,11,6,3,719,226.485,2383.485,MBR,Home and kitchen,Children
38999497584,272923,24-03-2012,5,3,1,217,22.785,239.785,TeleShop,Electronics,Computers
30944211836,266846,24-03-2012,4,1,4,1166,489.72,5153.72,MBR,Clothing,Mens
16551552457,274778,24-03-2012,12,5,3,1147,361.305,3802.305,TeleShop,Books,Academic
26577992701,270008,24-03-2012,11,6,1,1003,105.315,1108.315,e-Shop,Home and kitchen,Children
9797610089,273713,24-03-2012,11,5,4,532,223.44,2351.44,Flagship store,Books,Children
59963938292,269259,24-03-2012,7,5,5,601,315.525,3320.525,Flagship store,Books,Fiction
71544104689,270695,24-03-2012,8,3,3,974,306.81,3228.81,MBR,Electronics,Personal Appliances
75050404695,274762,24-03-2012,9,3,1,1005,105.525,1110.525,e-Shop,Electronics,Cameras
72683886355,268527,24-03-2012,4,3,1,658,69.09,727.09,TeleShop,Electronics,Mens
93665786287,267742,24-03-2012,4,1,2,1068,224.28,2360.28,e-Shop,Clothing,Mens
90347200026,274860,24-03-2012,11,5,4,1197,502.74,5290.74,TeleShop,Books,Children
70222766744,267690,24-03-2012,3,2,2,800,168,1768,e-Shop,Footwear,Kids
76607918140,267673,24-03-2012,1,2,1,757,79.485,836.485,MBR,Footwear,Women
81669930766,268708,24-03-2012,1,2,4,1345,564.9,5944.9,e-Shop,Footwear,Women
17010282050,268043,23-03-2012,3,5,4,1388,582.96,6134.96,e-Shop,Books,Kids
19919162110,270404,23-03-2012,5,3,1,1458,153.09,1611.09,Flagship store,Electronics,Computers
6735548258,273168,23-03-2012,1,2,4,725,304.5,3204.5,e-Shop,Footwear,Women
19383988222,270489,23-03-2012,11,5,2,298,62.58,658.58,TeleShop,Books,Children
3387725188,272018,23-03-2012,1,4,4,1365,573.3,6033.3,e-Shop,Bags,Women
36375542230,274407,23-03-2012,10,3,3,696,219.24,2307.24,TeleShop,Electronics,Audio and video
43523080840,272383,23-03-2012,10,6,4,1165,489.3,5149.3,e-Shop,Home and kitchen,Audio and video
70719867617,268598,23-03-2012,11,5,-1,-504,52.92,-556.92,e-Shop,Books,Children
92792736651,274706,23-03-2012,10,6,2,924,194.04,2042.04,Flagship store,Home and kitchen,Audio and video
87506773991,267374,23-03-2012,6,5,3,730,229.95,2419.95,e-Shop,Books,DIY
65657230453,269987,23-03-2012,7,5,-3,-872,274.68,-2890.68,e-Shop,Books,Fiction
67896197992,274042,23-03-2012,5,3,5,700,367.5,3867.5,TeleShop,Electronics,Computers
76926174035,268607,23-03-2012,3,2,5,614,322.35,3392.35,Flagship store,Footwear,Kids
93794921438,274630,23-03-2012,4,4,1,617,64.785,681.785,TeleShop,Bags,Mens
28946478801,270828,22-03-2012,1,2,2,211,44.31,466.31,TeleShop,Footwear,Women
53307772916,268727,22-03-2012,10,6,5,278,145.95,1535.95,Flagship store,Home and kitchen,Audio and video
5950446165,272295,22-03-2012,4,2,2,1002,210.42,2214.42,e-Shop,Footwear,Mens
56697263324,267465,22-03-2012,11,6,1,620,65.1,685.1,TeleShop,Home and kitchen,Children
43578526360,272409,22-03-2012,9,3,5,1436,753.9,7933.9,e-Shop,Electronics,Cameras
45810395661,267522,22-03-2012,4,3,3,816,257.04,2705.04,e-Shop,Electronics,Mens
22990249211,271214,22-03-2012,11,5,3,573,180.495,1899.495,e-Shop,Books,Children
79964512856,275104,22-03-2012,11,5,3,1468,462.42,4866.42,e-Shop,Books,Children
82379245860,267794,22-03-2012,4,2,3,1446,455.49,4793.49,MBR,Footwear,Mens
98098289991,275040,22-03-2012,1,2,-1,-743,78.015,-821.015,TeleShop,Footwear,Women
93381438193,270469,22-03-2012,4,1,5,98,51.45,541.45,Flagship store,Clothing,Mens
79708078311,268572,22-03-2012,12,5,2,266,55.86,587.86,e-Shop,Books,Academic
80873175358,271584,22-03-2012,7,5,4,447,187.74,1975.74,e-Shop,Books,Fiction
20590267960,274541,21-03-2012,4,3,3,752,236.88,2492.88,TeleShop,Electronics,Mens
35555598261,274652,21-03-2012,3,5,2,301,63.21,665.21,TeleShop,Books,Kids
11533390754,274839,21-03-2012,5,3,3,1343,423.045,4452.045,TeleShop,Electronics,Computers
19514452192,269849,21-03-2012,10,5,2,1289,270.69,2848.69,e-Shop,Books,Audio and video
5767021228,268773,21-03-2012,11,5,4,429,180.18,1896.18,TeleShop,Books,Children
19828697879,269518,21-03-2012,9,3,3,515,162.225,1707.225,TeleShop,Electronics,Cameras
16204208644,273997,21-03-2012,8,3,5,900,472.5,4972.5,e-Shop,Electronics,Personal Appliances
49383834928,269732,21-03-2012,9,3,4,1270,533.4,5613.4,Flagship store,Electronics,Cameras
30210722031,269299,21-03-2012,11,6,5,403,211.575,2226.575,e-Shop,Home and kitchen,Children
30353607126,268405,21-03-2012,10,6,1,899,94.395,993.395,e-Shop,Home and kitchen,Audio and video
62988717792,269451,21-03-2012,9,3,2,330,69.3,729.3,TeleShop,Electronics,Cameras
33782293975,267898,21-03-2012,6,5,1,1006,105.63,1111.63,e-Shop,Books,DIY
7379646316,267099,21-03-2012,1,2,3,741,233.415,2456.415,e-Shop,Footwear,Women
11355539040,271477,21-03-2012,11,5,-4,-1021,428.82,-4512.82,e-Shop,Books,Children
1952852440,268892,21-03-2012,12,6,5,348,182.7,1922.7,e-Shop,Home and kitchen,Academic
39781540205,267163,21-03-2012,1,4,4,917,385.14,4053.14,MBR,Bags,Women
21378881414,268211,21-03-2012,4,3,5,1443,757.575,7972.575,Flagship store,Electronics,Mens
4925521601,271320,21-03-2012,10,5,4,799,335.58,3531.58,MBR,Books,Audio and video
63050317354,268579,21-03-2012,3,5,-2,-937,196.77,-2070.77,Flagship store,Books,Kids
72500230422,267680,21-03-2012,4,4,1,260,27.3,287.3,TeleShop,Bags,Mens
84584619633,269948,21-03-2012,3,1,3,405,127.575,1342.575,TeleShop,Clothing,Kids
80910892687,272427,21-03-2012,3,2,5,113,59.325,624.325,e-Shop,Footwear,Kids
87277136238,272026,21-03-2012,1,2,1,546,57.33,603.33,TeleShop,Footwear,Women
65685101820,271356,21-03-2012,12,6,5,788,413.7,4353.7,MBR,Home and kitchen,Academic
28213393090,270445,20-03-2012,10,5,4,629,264.18,2780.18,Flagship store,Books,Audio and video
48775512659,271159,20-03-2012,5,3,3,1298,408.87,4302.87,TeleShop,Electronics,Computers
52810791030,274436,20-03-2012,10,6,4,216,90.72,954.72,e-Shop,Home and kitchen,Audio and video
5471544706,273429,20-03-2012,3,2,5,1445,758.625,7983.625,e-Shop,Footwear,Kids
53783294189,269780,20-03-2012,7,5,-2,-587,123.27,-1297.27,TeleShop,Books,Fiction
58984293542,270966,20-03-2012,3,5,4,892,374.64,3942.64,TeleShop,Books,Kids
16866175914,271813,20-03-2012,1,1,-3,-150,47.25,-497.25,MBR,Clothing,Women
13870095802,269350,20-03-2012,1,2,4,675,283.5,2983.5,TeleShop,Footwear,Women
21794689739,268997,20-03-2012,5,3,4,1059,444.78,4680.78,e-Shop,Electronics,Computers
4545655117,266881,20-03-2012,4,2,-2,-507,106.47,-1120.47,MBR,Footwear,Mens
40601480044,270548,20-03-2012,12,5,-4,-408,171.36,-1803.36,MBR,Books,Academic
36132755702,271512,20-03-2012,11,5,4,842,353.64,3721.64,e-Shop,Books,Children
11355539040,271477,20-03-2012,11,5,-4,-1021,428.82,-4512.82,e-Shop,Books,Children
41295217271,270785,20-03-2012,11,5,1,1156,121.38,1277.38,TeleShop,Books,Children
74765492714,272773,20-03-2012,11,5,2,797,167.37,1761.37,Flagship store,Books,Children
72349320505,269136,20-03-2012,7,5,5,801,420.525,4425.525,MBR,Books,Fiction
66884492776,270144,20-03-2012,12,5,2,603,126.63,1332.63,MBR,Books,Academic
63745560678,274362,20-03-2012,1,2,3,1063,334.845,3523.845,Flagship store,Footwear,Women
94351490707,270029,20-03-2012,12,6,5,1261,662.025,6967.025,MBR,Home and kitchen,Academic
27380803925,269867,19-03-2012,10,3,2,1448,304.08,3200.08,e-Shop,Electronics,Audio and video
25713888696,268825,19-03-2012,3,2,4,473,198.66,2090.66,e-Shop,Footwear,Kids
62665157853,272855,19-03-2012,7,5,1,1096,115.08,1211.08,MBR,Books,Fiction
62433047243,274231,19-03-2012,4,4,3,325,102.375,1077.375,e-Shop,Bags,Mens
2959841501,266952,19-03-2012,1,2,4,999,419.58,4415.58,TeleShop,Footwear,Women
29447696786,272363,19-03-2012,6,5,4,133,55.86,587.86,e-Shop,Books,DIY
56223438995,270724,19-03-2012,1,4,4,304,127.68,1343.68,e-Shop,Bags,Women
37725436293,267365,19-03-2012,2,6,5,1250,656.25,6906.25,Flagship store,Home and kitchen,Furnishing
20149759070,273030,19-03-2012,1,1,3,720,226.8,2386.8,TeleShop,Clothing,Women
52146198963,267555,19-03-2012,11,5,5,690,362.25,3812.25,TeleShop,Books,Children
16866175914,271813,19-03-2012,1,1,3,150,47.25,497.25,MBR,Clothing,Women
11636789265,268536,19-03-2012,4,2,2,215,45.15,475.15,TeleShop,Footwear,Mens
24938639453,273702,19-03-2012,6,5,3,500,157.5,1657.5,TeleShop,Books,DIY
71487620116,267970,19-03-2012,3,2,4,454,190.68,2006.68,Flagship store,Footwear,Kids
87067497846,273381,19-03-2012,11,6,4,617,259.14,2727.14,MBR,Home and kitchen,Children
86849688037,274565,19-03-2012,8,3,3,1231,387.765,4080.765,Flagship store,Electronics,Personal Appliances
27717206594,268858,18-03-2012,10,6,5,162,85.05,895.05,TeleShop,Home and kitchen,Audio and video
17862500052,269709,18-03-2012,11,5,2,1155,242.55,2552.55,e-Shop,Books,Children
53783294189,269780,18-03-2012,7,5,2,587,123.27,1297.27,TeleShop,Books,Fiction
13246398101,271459,18-03-2012,1,2,5,698,366.45,3856.45,MBR,Footwear,Women
44425889101,274987,18-03-2012,1,1,4,897,376.74,3964.74,Flagship store,Clothing,Women
40615508857,266846,18-03-2012,11,6,4,1194,501.48,5277.48,e-Shop,Home and kitchen,Children
10803544817,274549,18-03-2012,11,6,4,110,46.2,486.2,MBR,Home and kitchen,Children
18271880585,270481,18-03-2012,12,6,1,223,23.415,246.415,TeleShop,Home and kitchen,Academic
24870041457,272767,18-03-2012,4,2,5,365,191.625,2016.625,MBR,Footwear,Mens
70837491455,268601,18-03-2012,3,5,2,755,158.55,1668.55,TeleShop,Books,Kids
74040755036,273572,18-03-2012,6,5,5,342,179.55,1889.55,TeleShop,Books,DIY
74988323944,267263,18-03-2012,5,3,5,120,63,663,Flagship store,Electronics,Computers
90170754512,269621,18-03-2012,4,4,4,752,315.84,3323.84,TeleShop,Bags,Mens
65657230453,269987,18-03-2012,7,5,3,872,274.68,2890.68,e-Shop,Books,Fiction
80499516266,274328,18-03-2012,11,5,5,775,406.875,4281.875,MBR,Books,Children
73362196831,269617,18-03-2012,12,6,5,1251,656.775,6911.775,MBR,Home and kitchen,Academic
32343916029,272256,17-03-2012,1,1,4,933,391.86,4123.86,e-Shop,Clothing,Women
19879168758,269717,17-03-2012,8,3,4,1191,500.22,5264.22,Flagship store,Electronics,Personal Appliances
40962273194,269586,17-03-2012,3,2,3,324,102.06,1074.06,TeleShop,Footwear,Kids
11606588810,273025,17-03-2012,10,5,3,1217,383.355,4034.355,e-Shop,Books,Audio and video
8493548638,267807,17-03-2012,12,6,5,181,95.025,1000.025,Flagship store,Home and kitchen,Academic
40078612445,270700,17-03-2012,4,1,3,198,62.37,656.37,e-Shop,Clothing,Mens
39498754831,267512,17-03-2012,1,2,2,1391,292.11,3074.11,e-Shop,Footwear,Women
4545655117,266881,17-03-2012,4,2,-2,-507,106.47,-1120.47,MBR,Footwear,Mens
32113167711,273086,17-03-2012,3,1,1,846,88.83,934.83,Flagship store,Clothing,Kids
12187004185,272442,17-03-2012,6,5,1,428,44.94,472.94,TeleShop,Books,DIY
46723226136,270935,17-03-2012,12,5,4,855,359.1,3779.1,Flagship store,Books,Academic
75888343283,272127,17-03-2012,10,3,3,752,236.88,2492.88,e-Shop,Electronics,Audio and video
72177015677,268245,17-03-2012,1,1,5,519,272.475,2867.475,e-Shop,Clothing,Women
76311690572,274517,17-03-2012,9,3,2,1094,229.74,2417.74,MBR,Electronics,Cameras
98056912120,267156,17-03-2012,1,2,2,983,206.43,2172.43,e-Shop,Footwear,Women
77558056215,271294,17-03-2012,10,5,1,632,66.36,698.36,e-Shop,Books,Audio and video
98098289991,275040,17-03-2012,1,2,1,743,78.015,821.015,TeleShop,Footwear,Women
25727930049,272907,16-03-2012,8,3,4,377,158.34,1666.34,e-Shop,Electronics,Personal Appliances
13778389540,271900,16-03-2012,4,2,-5,-925,485.625,-5110.625,Flagship store,Footwear,Mens
3978480848,273140,16-03-2012,3,5,4,1167,490.14,5158.14,TeleShop,Books,Kids
24706919599,271643,16-03-2012,3,2,3,798,251.37,2645.37,e-Shop,Footwear,Kids
29730819086,268305,16-03-2012,11,6,5,437,229.425,2414.425,MBR,Home and kitchen,Children
4562697265,273383,16-03-2012,11,6,5,410,215.25,2265.25,e-Shop,Home and kitchen,Children
9245087539,267575,16-03-2012,3,1,4,770,323.4,3403.4,MBR,Clothing,Kids
30409342972,273035,16-03-2012,1,4,-2,-1073,225.33,-2371.33,e-Shop,Bags,Women
32461689276,266974,16-03-2012,8,3,3,88,27.72,291.72,e-Shop,Electronics,Personal Appliances
11355539040,271477,16-03-2012,11,5,4,1021,428.82,4512.82,e-Shop,Books,Children
45876883732,268567,16-03-2012,3,1,1,74,7.77,81.77,MBR,Clothing,Kids
50032143946,273868,16-03-2012,11,5,1,960,100.8,1060.8,TeleShop,Books,Children
8240484357,266825,16-03-2012,3,1,-4,-1196,502.32,-5286.32,e-Shop,Clothing,Kids
12393851148,270984,16-03-2012,10,3,5,1471,772.275,8127.275,Flagship store,Electronics,Audio and video
3853545643,268344,16-03-2012,3,2,5,284,149.1,1569.1,Flagship store,Footwear,Kids
69089452016,272645,16-03-2012,4,3,5,541,284.025,2989.025,e-Shop,Electronics,Mens
95138150340,272565,16-03-2012,11,6,3,862,271.53,2857.53,e-Shop,Home and kitchen,Children
87949533275,266844,16-03-2012,1,2,5,1341,704.025,7409.025,e-Shop,Footwear,Women
78791482221,268458,16-03-2012,8,3,1,1239,130.095,1369.095,Flagship store,Electronics,Personal Appliances
4545655117,266881,15-03-2012,4,2,2,507,106.47,1120.47,MBR,Footwear,Mens
28395260960,266841,15-03-2012,10,6,5,318,166.95,1756.95,TeleShop,Home and kitchen,Audio and video
9002343305,271813,15-03-2012,12,5,4,756,317.52,3341.52,e-Shop,Books,Academic
14101442185,271825,15-03-2012,4,2,2,1085,227.85,2397.85,e-Shop,Footwear,Mens
21569066122,270139,15-03-2012,1,2,2,832,174.72,1838.72,TeleShop,Footwear,Women
50110766225,270975,15-03-2012,12,6,-4,-576,241.92,-2545.92,Flagship store,Home and kitchen,Academic
46710410020,274832,15-03-2012,4,4,4,1472,618.24,6506.24,MBR,Bags,Mens
63050317354,268579,15-03-2012,3,5,2,937,196.77,2070.77,Flagship store,Books,Kids
21296930640,268328,15-03-2012,4,2,4,1305,548.1,5768.1,Flagship store,Footwear,Mens
34534489922,274136,15-03-2012,11,6,5,540,283.5,2983.5,e-Shop,Home and kitchen,Children
29950009825,268741,15-03-2012,3,1,5,1235,648.375,6823.375,e-Shop,Clothing,Kids
26517242693,273417,15-03-2012,11,6,1,1111,116.655,1227.655,MBR,Home and kitchen,Children
18377923318,273539,15-03-2012,12,6,5,253,132.825,1397.825,e-Shop,Home and kitchen,Academic
21098689159,272749,15-03-2012,9,3,5,1024,537.6,5657.6,e-Shop,Electronics,Cameras
47274170881,267842,15-03-2012,3,5,4,1081,454.02,4778.02,e-Shop,Books,Kids
56575143851,272318,15-03-2012,10,6,1,356,37.38,393.38,e-Shop,Home and kitchen,Audio and video
42937432538,271679,15-03-2012,12,5,1,919,96.495,1015.495,MBR,Books,Academic
57711406459,270105,15-03-2012,4,4,1,641,67.305,708.305,e-Shop,Bags,Mens
51141582518,267335,15-03-2012,12,5,3,336,105.84,1113.84,e-Shop,Books,Academic
28605493409,272995,15-03-2012,5,3,1,1081,113.505,1194.505,TeleShop,Electronics,Computers
82518041722,271788,15-03-2012,1,2,5,272,142.8,1502.8,e-Shop,Footwear,Women
93647089627,273716,15-03-2012,1,4,3,1344,423.36,4455.36,MBR,Bags,Women
98574332495,272849,15-03-2012,11,5,3,1473,463.995,4882.995,e-Shop,Books,Children
77954198012,275093,15-03-2012,10,6,3,677,213.255,2244.255,e-Shop,Home and kitchen,Audio and video
86438295775,269520,15-03-2012,3,1,1,1482,155.61,1637.61,Flagship store,Clothing,Kids
88014527413,273305,15-03-2012,11,5,3,1314,413.91,4355.91,TeleShop,Books,Children
66932911595,267611,15-03-2012,1,1,-1,-1482,155.61,-1637.61,Flagship store,Clothing,Women
41086510477,268938,14-03-2012,11,5,2,1201,252.21,2654.21,MBR,Books,Children
32702422963,271858,14-03-2012,10,6,3,198,62.37,656.37,e-Shop,Home and kitchen,Audio and video
47274596232,274211,14-03-2012,1,4,4,842,353.64,3721.64,Flagship store,Bags,Women
29043235989,269260,14-03-2012,1,4,-5,-941,494.025,-5199.025,e-Shop,Bags,Women
55198247814,274110,14-03-2012,1,1,4,903,379.26,3991.26,MBR,Clothing,Women
18982942274,271587,14-03-2012,3,2,3,1251,394.065,4147.065,TeleShop,Footwear,Kids
46927327841,269783,14-03-2012,11,5,1,281,29.505,310.505,e-Shop,Books,Children
36221235368,272003,14-03-2012,4,3,4,493,207.06,2179.06,TeleShop,Electronics,Mens
40601480044,270548,14-03-2012,12,5,4,408,171.36,1803.36,MBR,Books,Academic
34429885833,268874,14-03-2012,6,5,4,1454,610.68,6426.68,TeleShop,Books,DIY
64163408092,268592,14-03-2012,3,1,5,1360,714,7514,e-Shop,Clothing,Kids
78795736137,267000,14-03-2012,11,5,1,1058,111.09,1169.09,MBR,Books,Children
75857779666,268661,14-03-2012,1,4,2,806,169.26,1781.26,TeleShop,Bags,Women
70719867617,268598,14-03-2012,11,5,1,504,52.92,556.92,e-Shop,Books,Children
80111207749,270778,14-03-2012,4,4,3,764,240.66,2532.66,Flagship store,Bags,Mens
78881540790,270437,14-03-2012,5,3,5,750,393.75,4143.75,e-Shop,Electronics,Computers
83198265376,271660,14-03-2012,2,6,1,1277,134.085,1411.085,e-Shop,Home and kitchen,Furnishing
18978799658,269148,13-03-2012,7,5,1,92,9.66,101.66,MBR,Books,Fiction
40608511265,268011,13-03-2012,4,3,3,809,254.835,2681.835,Flagship store,Electronics,Mens
30409342972,273035,13-03-2012,1,4,2,1073,225.33,2371.33,e-Shop,Bags,Women
43755416839,269768,13-03-2012,11,5,2,234,49.14,517.14,e-Shop,Books,Children
46975580507,271916,13-03-2012,11,6,4,1043,438.06,4610.06,Flagship store,Home and kitchen,Children
23158860005,275031,13-03-2012,3,2,5,1389,729.225,7674.225,e-Shop,Footwear,Kids
60583350908,267073,13-03-2012,10,6,5,710,372.75,3922.75,Flagship store,Home and kitchen,Audio and video
24733455126,271822,13-03-2012,9,3,-4,-211,88.62,-932.62,e-Shop,Electronics,Cameras
45434309051,270821,13-03-2012,10,6,2,912,191.52,2015.52,MBR,Home and kitchen,Audio and video
54321543540,273583,13-03-2012,10,3,4,992,416.64,4384.64,e-Shop,Electronics,Audio and video
17299408656,272617,13-03-2012,11,5,1,612,64.26,676.26,e-Shop,Books,Children
11439779062,272191,13-03-2012,1,4,3,1084,341.46,3593.46,TeleShop,Bags,Women
37933504893,273150,13-03-2012,2,6,3,693,218.295,2297.295,MBR,Home and kitchen,Furnishing
10031713071,271915,13-03-2012,12,6,4,823,345.66,3637.66,TeleShop,Home and kitchen,Academic
13778389540,271900,13-03-2012,4,2,5,925,485.625,5110.625,Flagship store,Footwear,Mens
83642031159,272339,13-03-2012,4,2,1,1270,133.35,1403.35,e-Shop,Footwear,Mens
79085001315,268899,13-03-2012,3,1,-2,-1138,238.98,-2514.98,e-Shop,Clothing,Kids
93244225482,271704,13-03-2012,12,6,3,383,120.645,1269.645,TeleShop,Home and kitchen,Academic
64949498702,273469,13-03-2012,11,6,5,481,252.525,2657.525,TeleShop,Home and kitchen,Children
72479303374,271152,13-03-2012,4,2,5,993,521.325,5486.325,TeleShop,Footwear,Mens
50815047801,273452,12/3/2012,8,3,2,387,81.27,855.27,MBR,Electronics,Personal Appliances
50535792582,269463,12/3/2012,1,4,-5,-573,300.825,-3165.825,MBR,Bags,Women
2878552024,269299,12/3/2012,11,6,4,559,234.78,2470.78,MBR,Home and kitchen,Children
8818596325,272526,12/3/2012,1,1,1,794,83.37,877.37,e-Shop,Clothing,Women
57012876781,268157,12/3/2012,2,6,1,1425,149.625,1574.625,Flagship store,Home and kitchen,Furnishing
8208755262,267346,12/3/2012,3,2,5,199,104.475,1099.475,TeleShop,Footwear,Kids
36605332391,267697,12/3/2012,10,5,-4,-1431,601.02,-6325.02,e-Shop,Books,Audio and video
40336799311,274074,12/3/2012,1,4,-3,-859,270.585,-2847.585,e-Shop,Bags,Women
14818019898,267609,12/3/2012,1,4,-3,-220,69.3,-729.3,MBR,Bags,Women
20404689455,273311,12/3/2012,4,2,4,1262,530.04,5578.04,Flagship store,Footwear,Mens
13953213244,272697,12/3/2012,10,3,2,407,85.47,899.47,MBR,Electronics,Audio and video
319395876,268852,12/3/2012,1,1,2,558,117.18,1233.18,TeleShop,Clothing,Women
81623503439,271706,12/3/2012,8,3,2,1122,235.62,2479.62,e-Shop,Electronics,Personal Appliances
74991878141,267112,12/3/2012,9,3,5,1415,742.875,7817.875,MBR,Electronics,Cameras
66932911595,267611,12/3/2012,1,1,1,1482,155.61,1637.61,Flagship store,Clothing,Women
84745250068,267151,12/3/2012,10,5,5,539,282.975,2977.975,MBR,Books,Audio and video
74725133546,273683,12/3/2012,12,5,4,1457,611.94,6439.94,TeleShop,Books,Academic
69478007893,273798,12/3/2012,4,2,1,169,17.745,186.745,TeleShop,Footwear,Mens
95013329278,273764,12/3/2012,1,2,3,1180,371.7,3911.7,e-Shop,Footwear,Women
81395737144,272356,12/3/2012,12,6,5,1363,715.575,7530.575,TeleShop,Home and kitchen,Academic
88462147656,267207,12/3/2012,1,4,5,689,361.725,3806.725,e-Shop,Bags,Women
75242452910,273014,12/3/2012,10,6,5,118,61.95,651.95,Flagship store,Home and kitchen,Audio and video
7280380886,271849,11/3/2012,4,3,3,572,180.18,1896.18,Flagship store,Electronics,Mens
45028971671,270540,11/3/2012,10,5,3,829,261.135,2748.135,e-Shop,Books,Audio and video
31413709376,270242,11/3/2012,3,2,1,566,59.43,625.43,Flagship store,Footwear,Kids
38727202803,266799,11/3/2012,5,3,5,1294,679.35,7149.35,Flagship store,Electronics,Computers
8850019352,270075,11/3/2012,12,5,3,741,233.415,2456.415,Flagship store,Books,Academic
701507324,270908,11/3/2012,12,5,1,1104,115.92,1219.92,MBR,Books,Academic
47649841410,269095,11/3/2012,8,3,1,639,67.095,706.095,Flagship store,Electronics,Personal Appliances
11602855200,270399,11/3/2012,12,6,3,923,290.745,3059.745,Flagship store,Home and kitchen,Academic
66274283712,268481,11/3/2012,12,6,2,727,152.67,1606.67,Flagship store,Home and kitchen,Academic
84441368903,267814,11/3/2012,3,5,1,100,10.5,110.5,Flagship store,Books,Kids
65026784134,274654,11/3/2012,4,4,2,79,16.59,174.59,e-Shop,Bags,Mens
83985060295,268669,11/3/2012,3,1,4,1478,620.76,6532.76,Flagship store,Clothing,Kids
95705715091,271400,11/3/2012,3,5,3,620,195.3,2055.3,e-Shop,Books,Kids
74694628386,267105,11/3/2012,4,3,3,913,287.595,3026.595,MBR,Electronics,Mens
33282437839,268385,10/3/2012,4,3,1,1468,154.14,1622.14,e-Shop,Electronics,Mens
56038724152,267510,10/3/2012,3,5,5,999,524.475,5519.475,Flagship store,Books,Kids
29720406303,275068,10/3/2012,10,3,3,1296,408.24,4296.24,Flagship store,Electronics,Audio and video
19736173742,267227,10/3/2012,3,2,3,699,220.185,2317.185,e-Shop,Footwear,Kids
26710550865,271106,10/3/2012,1,4,-3,-1465,461.475,-4856.475,MBR,Bags,Women
37050035743,269821,10/3/2012,6,5,5,1322,694.05,7304.05,MBR,Books,DIY
47390217002,269903,10/3/2012,10,6,3,828,260.82,2744.82,e-Shop,Home and kitchen,Audio and video
50486366191,274222,10/3/2012,3,2,3,275,86.625,911.625,TeleShop,Footwear,Kids
30723989554,272131,10/3/2012,12,6,4,480,201.6,2121.6,Flagship store,Home and kitchen,Academic
42588149756,270881,10/3/2012,12,5,1,143,15.015,158.015,TeleShop,Books,Academic
9908825442,274455,10/3/2012,2,6,3,1323,416.745,4385.745,TeleShop,Home and kitchen,Furnishing
5568661436,272528,10/3/2012,8,3,3,1100,346.5,3646.5,MBR,Electronics,Personal Appliances
52461972859,271452,10/3/2012,1,4,2,888,186.48,1962.48,MBR,Bags,Women
55295817493,270598,10/3/2012,10,5,2,1338,280.98,2956.98,MBR,Books,Audio and video
25845684122,268908,10/3/2012,11,6,2,1101,231.21,2433.21,TeleShop,Home and kitchen,Children
50110766225,270975,10/3/2012,12,6,4,576,241.92,2545.92,Flagship store,Home and kitchen,Academic
3782797716,274345,10/3/2012,4,1,1,1296,136.08,1432.08,TeleShop,Clothing,Mens
87088238123,268434,10/3/2012,4,2,3,484,152.46,1604.46,e-Shop,Footwear,Mens
68982636628,271012,10/3/2012,9,3,5,106,55.65,585.65,MBR,Electronics,Cameras
70223263838,272703,10/3/2012,11,5,4,896,376.32,3960.32,e-Shop,Books,Children
70553588935,271189,10/3/2012,12,5,3,1479,465.885,4902.885,MBR,Books,Academic
98790410700,267000,10/3/2012,10,6,4,457,191.94,2019.94,e-Shop,Home and kitchen,Audio and video
94740262343,270582,10/3/2012,11,6,1,234,24.57,258.57,Flagship store,Home and kitchen,Children
71942072001,275024,10/3/2012,10,6,3,1455,458.325,4823.325,e-Shop,Home and kitchen,Audio and video
40336799311,274074,9/3/2012,1,4,3,859,270.585,2847.585,e-Shop,Bags,Women
19820683815,271866,9/3/2012,11,6,1,1294,135.87,1429.87,TeleShop,Home and kitchen,Children
6243938180,268179,9/3/2012,12,5,-5,-863,453.075,-4768.075,Flagship store,Books,Academic
50019198822,274633,9/3/2012,5,3,2,1184,248.64,2616.64,TeleShop,Electronics,Computers
15957151250,270453,9/3/2012,10,6,5,265,139.125,1464.125,MBR,Home and kitchen,Audio and video
13274154321,274182,9/3/2012,10,5,1,925,97.125,1022.125,e-Shop,Books,Audio and video
49324191465,267081,9/3/2012,1,1,5,586,307.65,3237.65,e-Shop,Clothing,Women
52779102968,269463,9/3/2012,10,5,1,229,24.045,253.045,e-Shop,Books,Audio and video
47130033567,273262,9/3/2012,10,6,1,205,21.525,226.525,Flagship store,Home and kitchen,Audio and video
26710550865,271106,9/3/2012,1,4,3,1465,461.475,4856.475,MBR,Bags,Women
3733066002,271664,9/3/2012,1,4,4,702,294.84,3102.84,MBR,Bags,Women
59888214540,266976,9/3/2012,1,1,1,368,38.64,406.64,e-Shop,Clothing,Women
46312957196,274112,9/3/2012,10,6,4,748,314.16,3306.16,e-Shop,Home and kitchen,Audio and video
8240484357,266825,9/3/2012,3,1,4,1196,502.32,5286.32,e-Shop,Clothing,Kids
59438512833,274751,9/3/2012,1,2,4,942,395.64,4163.64,Flagship store,Footwear,Women
63163331006,271055,9/3/2012,4,2,-2,-290,60.9,-640.9,TeleShop,Footwear,Mens
94989132975,270763,9/3/2012,4,1,1,1184,124.32,1308.32,e-Shop,Clothing,Mens
90522791756,272062,9/3/2012,10,5,5,807,423.675,4458.675,e-Shop,Books,Audio and video
89863603438,274260,9/3/2012,7,5,3,118,37.17,391.17,TeleShop,Books,Fiction
76430505108,270491,9/3/2012,11,5,5,143,75.075,790.075,TeleShop,Books,Children
80335473392,270828,9/3/2012,1,2,1,981,103.005,1084.005,e-Shop,Footwear,Women
97251524375,273373,9/3/2012,9,3,4,474,199.08,2095.08,e-Shop,Electronics,Cameras
68339825169,271846,9/3/2012,4,1,4,1074,451.08,4747.08,Flagship store,Clothing,Mens
74442970826,267830,9/3/2012,1,1,5,1106,580.65,6110.65,e-Shop,Clothing,Women
85435759773,271538,9/3/2012,1,1,1,673,70.665,743.665,MBR,Clothing,Women
92334087369,268934,9/3/2012,8,3,1,1386,145.53,1531.53,TeleShop,Electronics,Personal Appliances
51717117175,268049,8/3/2012,7,5,5,628,329.7,3469.7,e-Shop,Books,Fiction
40972635477,274169,8/3/2012,1,2,5,345,181.125,1906.125,Flagship store,Footwear,Women
20602717467,269422,8/3/2012,5,3,-1,-1333,139.965,-1472.965,MBR,Electronics,Computers
29043235989,269260,8/3/2012,1,4,5,941,494.025,5199.025,e-Shop,Bags,Women
12147260074,268229,8/3/2012,12,5,5,138,72.45,762.45,e-Shop,Books,Academic
353261573,267646,8/3/2012,10,5,1,261,27.405,288.405,MBR,Books,Audio and video
46748870946,270924,8/3/2012,12,6,1,1288,135.24,1423.24,TeleShop,Home and kitchen,Academic
57428648093,273352,8/3/2012,8,3,3,1451,457.065,4810.065,MBR,Electronics,Personal Appliances
36676520071,267468,8/3/2012,10,3,4,1035,434.7,4574.7,e-Shop,Electronics,Audio and video
41009984273,270481,8/3/2012,11,5,3,245,77.175,812.175,TeleShop,Books,Children
56053364243,270252,8/3/2012,4,3,3,1023,322.245,3391.245,Flagship store,Electronics,Mens
84946149513,273190,8/3/2012,1,1,1,217,22.785,239.785,TeleShop,Clothing,Women
64123974092,269188,8/3/2012,4,4,5,1018,534.45,5624.45,Flagship store,Bags,Mens
70190633349,269972,8/3/2012,1,4,4,672,282.24,2970.24,TeleShop,Bags,Women
7045208023,270694,7/3/2012,4,2,-4,-448,188.16,-1980.16,TeleShop,Footwear,Mens
43518535679,267827,7/3/2012,1,4,-4,-108,45.36,-477.36,Flagship store,Bags,Women
13677613580,267622,7/3/2012,3,2,2,670,140.7,1480.7,Flagship store,Footwear,Kids
40961676192,269667,7/3/2012,12,6,4,84,35.28,371.28,TeleShop,Home and kitchen,Academic
50242323455,272141,7/3/2012,10,6,3,754,237.51,2499.51,Flagship store,Home and kitchen,Audio and video
7067938567,273554,7/3/2012,11,5,-5,-840,441,-4641,e-Shop,Books,Children
36605332391,267697,7/3/2012,10,5,4,1431,601.02,6325.02,e-Shop,Books,Audio and video
3639190607,269100,7/3/2012,3,1,5,1361,714.525,7519.525,TeleShop,Clothing,Kids
54899363533,275056,7/3/2012,1,1,3,393,123.795,1302.795,Flagship store,Clothing,Women
19479061382,273945,7/3/2012,1,1,5,85,44.625,469.625,e-Shop,Clothing,Women
63783621706,272192,7/3/2012,3,5,4,230,96.6,1016.6,e-Shop,Books,Kids
88233953325,275045,7/3/2012,4,1,5,1377,722.925,7607.925,e-Shop,Clothing,Mens
98962053897,269582,7/3/2012,3,5,3,1018,320.67,3374.67,e-Shop,Books,Kids
93233336858,269472,7/3/2012,4,2,3,1236,389.34,4097.34,MBR,Footwear,Mens
80715589673,267693,7/3/2012,11,6,3,461,145.215,1528.215,TeleShop,Home and kitchen,Children
74469139078,272869,7/3/2012,10,6,1,587,61.635,648.635,e-Shop,Home and kitchen,Audio and video
87720898323,268605,7/3/2012,3,5,5,750,393.75,4143.75,e-Shop,Books,Kids
99351529382,268589,7/3/2012,4,2,5,670,351.75,3701.75,TeleShop,Footwear,Mens
63163331006,271055,7/3/2012,4,2,-2,-290,60.9,-640.9,TeleShop,Footwear,Mens
61045929913,274456,6/3/2012,1,2,2,1399,293.79,3091.79,MBR,Footwear,Women
25013815671,268952,6/3/2012,12,6,2,273,57.33,603.33,e-Shop,Home and kitchen,Academic
7002828644,273681,6/3/2012,4,3,3,478,150.57,1584.57,MBR,Electronics,Mens
48433482781,269459,6/3/2012,4,3,4,360,151.2,1591.2,Flagship store,Electronics,Mens
45581261472,267020,6/3/2012,7,5,4,1169,490.98,5166.98,e-Shop,Books,Fiction
37561218549,273286,6/3/2012,2,6,1,1066,111.93,1177.93,e-Shop,Home and kitchen,Furnishing
47226023407,273625,6/3/2012,12,6,3,212,66.78,702.78,e-Shop,Home and kitchen,Academic
13872848359,274234,6/3/2012,4,1,5,1101,578.025,6083.025,MBR,Clothing,Mens
41510279162,272551,6/3/2012,4,3,5,1005,527.625,5552.625,MBR,Electronics,Mens
35317787791,271107,6/3/2012,4,3,4,314,131.88,1387.88,e-Shop,Electronics,Mens
39501050345,268332,6/3/2012,3,5,1,181,19.005,200.005,MBR,Books,Kids
51587937542,272626,6/3/2012,11,6,2,452,94.92,998.92,e-Shop,Home and kitchen,Children
4321168998,275084,6/3/2012,6,5,3,88,27.72,291.72,e-Shop,Books,DIY
42030957101,267924,6/3/2012,9,3,1,159,16.695,175.695,Flagship store,Electronics,Cameras
99138709117,267975,6/3/2012,4,4,3,81,25.515,268.515,Flagship store,Bags,Mens
76376427316,272999,6/3/2012,6,5,3,1402,441.63,4647.63,TeleShop,Books,DIY
99599917827,274319,6/3/2012,4,4,5,1363,715.575,7530.575,Flagship store,Bags,Mens
67847143885,271995,6/3/2012,10,3,4,1144,480.48,5056.48,TeleShop,Electronics,Audio and video
75274898597,275056,6/3/2012,9,3,2,811,170.31,1792.31,e-Shop,Electronics,Cameras
84111001557,271599,6/3/2012,10,3,3,672,211.68,2227.68,MBR,Electronics,Audio and video
86155086721,268549,6/3/2012,1,4,1,947,99.435,1046.435,e-Shop,Bags,Women
75536126529,274803,6/3/2012,1,2,4,1441,605.22,6369.22,MBR,Footwear,Women
70083703331,271261,6/3/2012,1,4,-3,-734,231.21,-2433.21,e-Shop,Bags,Women
63596209373,268339,6/3/2012,10,6,1,599,62.895,661.895,MBR,Home and kitchen,Audio and video
7045208023,270694,5/3/2012,4,2,4,448,188.16,1980.16,TeleShop,Footwear,Mens
7604329797,274465,5/3/2012,10,5,3,1370,431.55,4541.55,e-Shop,Books,Audio and video
4252353609,273465,5/3/2012,3,5,1,336,35.28,371.28,Flagship store,Books,Kids
31919524992,270289,5/3/2012,11,6,5,504,264.6,2784.6,TeleShop,Home and kitchen,Children
56114927564,274533,5/3/2012,11,5,1,1074,112.77,1186.77,e-Shop,Books,Children
37333193581,270724,5/3/2012,12,5,4,1474,619.08,6515.08,e-Shop,Books,Academic
9135588540,269117,5/3/2012,10,6,-4,-721,302.82,-3186.82,TeleShop,Home and kitchen,Audio and video
51918668847,270944,5/3/2012,3,1,1,320,33.6,353.6,TeleShop,Clothing,Kids
20861777289,270900,5/3/2012,6,5,5,171,89.775,944.775,TeleShop,Books,DIY
38779007898,270778,5/3/2012,4,1,4,700,294,3094,e-Shop,Clothing,Mens
24572082478,274592,5/3/2012,12,6,2,500,105,1105,e-Shop,Home and kitchen,Academic
20602717467,269422,5/3/2012,5,3,1,1333,139.965,1472.965,MBR,Electronics,Computers
590040341,273474,5/3/2012,4,4,2,367,77.07,811.07,TeleShop,Bags,Mens
86822615795,273012,5/3/2012,10,6,3,1007,317.205,3338.205,TeleShop,Home and kitchen,Audio and video
76443195540,272171,5/3/2012,9,3,3,145,45.675,480.675,e-Shop,Electronics,Cameras
79085001315,268899,5/3/2012,3,1,2,1138,238.98,2514.98,e-Shop,Clothing,Kids
91955993986,273903,5/3/2012,1,1,5,1133,594.825,6259.825,e-Shop,Clothing,Women
90091280494,275023,5/3/2012,11,5,3,513,161.595,1700.595,MBR,Books,Children
72422582886,273095,5/3/2012,1,2,5,1373,720.825,7585.825,e-Shop,Footwear,Women
26561809838,273868,4/3/2012,12,5,1,536,56.28,592.28,Flagship store,Books,Academic
14818019898,267609,4/3/2012,1,4,3,220,69.3,729.3,MBR,Bags,Women
36644219113,269574,4/3/2012,8,3,3,698,219.87,2313.87,e-Shop,Electronics,Personal Appliances
15964385126,274468,4/3/2012,5,3,2,707,148.47,1562.47,MBR,Electronics,Computers
19908542014,270950,4/3/2012,3,1,4,841,353.22,3717.22,MBR,Clothing,Kids
30244937041,267938,4/3/2012,5,3,1,1403,147.315,1550.315,e-Shop,Electronics,Computers
23801617761,274804,4/3/2012,12,5,-5,-83,43.575,-458.575,TeleShop,Books,Academic
50208223740,270583,4/3/2012,6,5,5,922,484.05,5094.05,MBR,Books,DIY
19298299635,274925,4/3/2012,1,1,4,141,59.22,623.22,MBR,Clothing,Women
36019672404,270463,4/3/2012,10,6,-1,-515,54.075,-569.075,e-Shop,Home and kitchen,Audio and video
8322654044,271581,4/3/2012,8,3,3,163,51.345,540.345,TeleShop,Electronics,Personal Appliances
9135588540,269117,4/3/2012,10,6,4,721,302.82,3186.82,TeleShop,Home and kitchen,Audio and video
50535792582,269463,4/3/2012,1,4,5,573,300.825,3165.825,MBR,Bags,Women
62941489907,271426,4/3/2012,4,3,2,1366,286.86,3018.86,MBR,Electronics,Mens
51157397257,273019,4/3/2012,4,3,1,267,28.035,295.035,e-Shop,Electronics,Mens
84224370176,267205,4/3/2012,2,6,-3,-1496,471.24,-4959.24,e-Shop,Home and kitchen,Furnishing
86602905271,272222,4/3/2012,12,5,4,1466,615.72,6479.72,MBR,Books,Academic
86615108532,269925,4/3/2012,11,6,5,234,122.85,1292.85,e-Shop,Home and kitchen,Children
84004257103,269253,4/3/2012,11,5,1,1487,156.135,1643.135,e-Shop,Books,Children
88492794300,269665,4/3/2012,1,1,-1,-289,30.345,-319.345,e-Shop,Clothing,Women
63163331006,271055,4/3/2012,4,2,2,290,60.9,640.9,TeleShop,Footwear,Mens
64059835746,272431,4/3/2012,3,1,4,1146,481.32,5065.32,MBR,Clothing,Kids
53006645803,268530,3/3/2012,9,3,2,843,177.03,1863.03,MBR,Electronics,Cameras
7284770915,275170,3/3/2012,11,6,3,890,280.35,2950.35,TeleShop,Home and kitchen,Children
49552148876,267208,3/3/2012,1,4,3,1157,364.455,3835.455,Flagship store,Bags,Women
41376622466,275096,3/3/2012,2,6,5,656,344.4,3624.4,Flagship store,Home and kitchen,Furnishing
55851279599,267898,3/3/2012,10,5,1,1306,137.13,1443.13,Flagship store,Books,Audio and video
43518535679,267827,3/3/2012,1,4,-4,-108,45.36,-477.36,Flagship store,Bags,Women
5433159179,271039,3/3/2012,10,6,5,1199,629.475,6624.475,Flagship store,Home and kitchen,Audio and video
24733455126,271822,3/3/2012,9,3,4,211,88.62,932.62,e-Shop,Electronics,Cameras
316988693,266814,3/3/2012,8,3,2,117,24.57,258.57,TeleShop,Electronics,Personal Appliances
13691154784,268246,3/3/2012,1,2,-1,-1278,134.19,-1412.19,e-Shop,Footwear,Women
49663897349,271992,3/3/2012,4,3,3,1453,457.695,4816.695,Flagship store,Electronics,Mens
64566718598,273305,3/3/2012,9,3,-2,-1081,227.01,-2389.01,e-Shop,Electronics,Cameras
87151140909,269971,3/3/2012,5,3,2,477,100.17,1054.17,e-Shop,Electronics,Computers
79410890699,273649,3/3/2012,6,5,1,1363,143.115,1506.115,MBR,Books,DIY
94903702925,274152,3/3/2012,10,5,4,728,305.76,3217.76,e-Shop,Books,Audio and video
69150897562,269058,3/3/2012,4,1,4,1227,515.34,5423.34,e-Shop,Clothing,Mens
29714227206,273435,2/3/2012,9,3,2,599,125.79,1323.79,e-Shop,Electronics,Cameras
44670602974,268205,2/3/2012,4,3,3,844,265.86,2797.86,TeleShop,Electronics,Mens
29479411403,272592,2/3/2012,1,4,3,293,92.295,971.295,Flagship store,Bags,Women
43991663882,267877,2/3/2012,5,3,1,1419,148.995,1567.995,Flagship store,Electronics,Computers
42661619063,267609,2/3/2012,3,5,5,1347,707.175,7442.175,TeleShop,Books,Kids
35847977980,272976,2/3/2012,4,2,-4,-410,172.2,-1812.2,e-Shop,Footwear,Mens
10455631312,273071,2/3/2012,1,2,5,1421,746.025,7851.025,e-Shop,Footwear,Women
8421349226,273801,2/3/2012,9,3,4,997,418.74,4406.74,Flagship store,Electronics,Cameras
31123029825,271896,2/3/2012,8,3,4,1182,496.44,5224.44,e-Shop,Electronics,Personal Appliances
52734003806,272554,2/3/2012,11,6,1,687,72.135,759.135,e-Shop,Home and kitchen,Children
26668843236,268853,2/3/2012,1,2,1,355,37.275,392.275,e-Shop,Footwear,Women
15499531639,267559,2/3/2012,10,6,1,759,79.695,838.695,e-Shop,Home and kitchen,Audio and video
21088991573,270311,2/3/2012,4,4,1,660,69.3,729.3,TeleShop,Bags,Mens
8643135566,273606,2/3/2012,10,5,4,1429,600.18,6316.18,TeleShop,Books,Audio and video
49207700730,266920,2/3/2012,1,2,-1,-996,104.58,-1100.58,TeleShop,Footwear,Women
93899583999,268131,2/3/2012,10,6,3,1376,433.44,4561.44,TeleShop,Home and kitchen,Audio and video
95824765297,272929,2/3/2012,6,5,5,558,292.95,3082.95,MBR,Books,DIY
86998434657,269192,2/3/2012,5,3,5,1245,653.625,6878.625,Flagship store,Electronics,Computers
68056202237,269819,2/3/2012,2,6,3,1455,458.325,4823.325,e-Shop,Home and kitchen,Furnishing
63658355648,270485,2/3/2012,12,6,1,651,68.355,719.355,MBR,Home and kitchen,Academic
71418800977,271091,2/3/2012,9,3,3,112,35.28,371.28,Flagship store,Electronics,Cameras
64656562115,273503,2/3/2012,3,1,-1,-428,44.94,-472.94,MBR,Clothing,Kids
70611254625,269104,2/3/2012,12,6,5,184,96.6,1016.6,MBR,Home and kitchen,Academic
78293415917,269409,2/3/2012,3,5,-5,-1044,548.1,-5768.1,MBR,Books,Kids
76136148232,266921,2/3/2012,2,6,2,758,159.18,1675.18,e-Shop,Home and kitchen,Furnishing
20242758081,273897,1/3/2012,3,2,2,891,187.11,1969.11,e-Shop,Footwear,Kids
59749601274,268493,1/3/2012,4,4,2,420,88.2,928.2,MBR,Bags,Mens
27443136956,270858,1/3/2012,3,2,5,527,276.675,2911.675,e-Shop,Footwear,Kids
5559277574,271107,1/3/2012,12,5,1,1397,146.685,1543.685,Flagship store,Books,Academic
53271032833,268443,1/3/2012,6,5,2,1384,290.64,3058.64,TeleShop,Books,DIY
44306283048,273429,1/3/2012,11,5,3,913,287.595,3026.595,Flagship store,Books,Children
3030014364,268969,1/3/2012,8,3,3,544,171.36,1803.36,e-Shop,Electronics,Personal Appliances
296073900,269883,1/3/2012,10,3,-5,-169,88.725,-933.725,e-Shop,Electronics,Audio and video
2427631523,271515,1/3/2012,10,3,2,1243,261.03,2747.03,TeleShop,Electronics,Audio and video
53599634586,269147,1/3/2012,3,5,5,227,119.175,1254.175,e-Shop,Books,Kids
18949067973,272428,1/3/2012,2,6,2,1196,251.16,2643.16,e-Shop,Home and kitchen,Furnishing
70083703331,271261,1/3/2012,1,4,3,734,231.21,2433.21,e-Shop,Bags,Women
91048852029,267172,1/3/2012,6,5,3,946,297.99,3135.99,TeleShop,Books,DIY
92314875911,274699,1/3/2012,4,2,4,544,228.48,2404.48,TeleShop,Footwear,Mens
64481983214,268835,1/3/2012,7,5,5,776,407.4,4287.4,e-Shop,Books,Fiction
80703454401,271894,1/3/2012,12,5,1,1263,132.615,1395.615,MBR,Books,Academic
67108203432,272687,1/3/2012,1,4,3,1075,338.625,3563.625,e-Shop,Bags,Women
64566718598,273305,1/3/2012,9,3,2,1081,227.01,2389.01,e-Shop,Electronics,Cameras
75106102640,273896,1/3/2012,2,6,2,1445,303.45,3193.45,Flagship store,Home and kitchen,Furnishing
70242570124,272456,1/3/2012,4,1,1,722,75.81,797.81,MBR,Clothing,Mens
109925209,275125,29-02-2012,6,5,3,132,41.58,437.58,MBR,Books,DIY
19530552500,268571,29-02-2012,10,3,1,1335,140.175,1475.175,TeleShop,Electronics,Audio and video
15779759854,272341,29-02-2012,1,1,1,442,46.41,488.41,MBR,Clothing,Women
2557266420,275088,29-02-2012,1,4,-1,-1365,143.325,-1508.325,MBR,Bags,Women
20904307018,270460,29-02-2012,4,1,5,142,74.55,784.55,MBR,Clothing,Mens
38051230635,272435,29-02-2012,12,6,1,1423,149.415,1572.415,e-Shop,Home and kitchen,Academic
37389702961,273971,29-02-2012,6,5,1,377,39.585,416.585,e-Shop,Books,DIY
37230941034,268122,29-02-2012,10,5,3,524,165.06,1737.06,e-Shop,Books,Audio and video
59153499387,275262,29-02-2012,4,1,3,1004,316.26,3328.26,Flagship store,Clothing,Mens
41071692458,273935,29-02-2012,12,6,4,1196,502.32,5286.32,MBR,Home and kitchen,Academic
17740213010,267747,29-02-2012,11,5,2,1085,227.85,2397.85,Flagship store,Books,Children
11001898718,267781,29-02-2012,6,5,4,240,100.8,1060.8,e-Shop,Books,DIY
49417526468,272678,29-02-2012,3,1,5,861,452.025,4757.025,TeleShop,Clothing,Kids
43954491077,274700,29-02-2012,1,2,-2,-150,31.5,-331.5,e-Shop,Footwear,Women
49207700730,266920,29-02-2012,1,2,1,996,104.58,1100.58,TeleShop,Footwear,Women
28225110638,275108,29-02-2012,4,1,5,337,176.925,1861.925,e-Shop,Clothing,Mens
22467080540,274604,29-02-2012,4,1,3,1343,423.045,4452.045,Flagship store,Clothing,Mens
70099731130,269228,29-02-2012,3,1,2,687,144.27,1518.27,TeleShop,Clothing,Kids
65917298666,274894,29-02-2012,2,6,4,775,325.5,3425.5,TeleShop,Home and kitchen,Furnishing
86620969675,268027,29-02-2012,9,3,3,1435,452.025,4757.025,e-Shop,Electronics,Cameras
78976969959,273839,29-02-2012,9,3,-5,-388,203.7,-2143.7,e-Shop,Electronics,Cameras
76624507638,267586,29-02-2012,9,3,2,639,134.19,1412.19,Flagship store,Electronics,Cameras
78183888785,271152,29-02-2012,9,3,5,70,36.75,386.75,e-Shop,Electronics,Cameras
72998225490,271714,29-02-2012,1,4,3,1441,453.915,4776.915,Flagship store,Bags,Women
82588887451,270288,29-02-2012,11,6,1,1484,155.82,1639.82,Flagship store,Home and kitchen,Children
82733220577,274119,29-02-2012,3,5,-2,-312,65.52,-689.52,Flagship store,Books,Kids
97709758164,268367,29-02-2012,4,1,2,1366,286.86,3018.86,MBR,Clothing,Mens
87045112967,271322,29-02-2012,4,4,2,442,92.82,976.82,Flagship store,Bags,Mens
80874118572,270593,29-02-2012,1,2,5,493,258.825,2723.825,e-Shop,Footwear,Women
64656562115,273503,29-02-2012,3,1,1,428,44.94,472.94,MBR,Clothing,Kids
20339236627,268792,28-02-2012,3,5,2,102,21.42,225.42,e-Shop,Books,Kids
6664271747,273368,28-02-2012,12,5,1,241,25.305,266.305,e-Shop,Books,Academic
29518585461,272357,28-02-2012,10,5,2,670,140.7,1480.7,Flagship store,Books,Audio and video
46207530078,271671,28-02-2012,4,3,3,293,92.295,971.295,Flagship store,Electronics,Mens
6243938180,268179,28-02-2012,12,5,5,863,453.075,4768.075,Flagship store,Books,Academic
54746791875,270486,28-02-2012,12,6,2,230,48.3,508.3,e-Shop,Home and kitchen,Academic
54589211549,273721,28-02-2012,11,6,3,1110,349.65,3679.65,e-Shop,Home and kitchen,Children
7067938567,273554,28-02-2012,11,5,5,840,441,4641,e-Shop,Books,Children
43518535679,267827,28-02-2012,1,4,4,108,45.36,477.36,Flagship store,Bags,Women
10379712640,271131,28-02-2012,11,5,2,903,189.63,1995.63,TeleShop,Books,Children
21470695094,272049,28-02-2012,4,2,5,190,99.75,1049.75,MBR,Footwear,Mens
51453043898,269675,28-02-2012,10,5,2,1223,256.83,2702.83,TeleShop,Books,Audio and video
47185408109,272207,28-02-2012,11,6,5,822,431.55,4541.55,MBR,Home and kitchen,Children
20214629390,272080,28-02-2012,3,1,4,656,275.52,2899.52,MBR,Clothing,Kids
27856842651,267889,28-02-2012,1,4,3,1420,447.3,4707.3,e-Shop,Bags,Women
96850947526,272355,28-02-2012,10,6,2,111,23.31,245.31,MBR,Home and kitchen,Audio and video
73524803987,274234,28-02-2012,3,2,4,1334,560.28,5896.28,e-Shop,Footwear,Kids
91028996614,273546,28-02-2012,3,2,1,1363,143.115,1506.115,e-Shop,Footwear,Kids
84224370176,267205,28-02-2012,2,6,3,1496,471.24,4959.24,e-Shop,Home and kitchen,Furnishing
90343042707,270453,28-02-2012,1,2,-2,-939,197.19,-2075.19,e-Shop,Footwear,Women
65194127149,272741,28-02-2012,10,5,3,1077,339.255,3570.255,Flagship store,Books,Audio and video
67685530989,273155,28-02-2012,3,5,-1,-1181,124.005,-1305.005,e-Shop,Books,Kids
76411909372,267260,28-02-2012,12,6,2,1338,280.98,2956.98,TeleShop,Home and kitchen,Academic
95961707994,273270,28-02-2012,12,6,2,578,121.38,1277.38,MBR,Home and kitchen,Academic
8508206340,273119,27-02-2012,1,1,-1,-177,18.585,-195.585,Flagship store,Clothing,Women
9377405084,270873,27-02-2012,12,6,3,917,288.855,3039.855,e-Shop,Home and kitchen,Academic
58761156999,266902,27-02-2012,11,5,3,411,129.465,1362.465,e-Shop,Books,Children
41928221478,270562,27-02-2012,3,5,4,1488,624.96,6576.96,Flagship store,Books,Kids
50847278777,271287,27-02-2012,10,5,3,1471,463.365,4876.365,e-Shop,Books,Audio and video
58100159734,269367,27-02-2012,11,6,5,924,485.1,5105.1,e-Shop,Home and kitchen,Children
51969118032,268573,27-02-2012,4,2,2,867,182.07,1916.07,MBR,Footwear,Mens
39982042379,267974,27-02-2012,1,4,5,1459,765.975,8060.975,TeleShop,Bags,Women
38125874051,268060,27-02-2012,3,1,1,1199,125.895,1324.895,MBR,Clothing,Kids
39832106327,267753,27-02-2012,4,2,4,144,60.48,636.48,Flagship store,Footwear,Mens
56704313881,269564,27-02-2012,4,4,3,101,31.815,334.815,TeleShop,Bags,Mens
2626732024,275215,27-02-2012,4,1,5,143,75.075,790.075,MBR,Clothing,Mens
43179532658,270949,27-02-2012,1,1,3,133,41.895,440.895,e-Shop,Clothing,Women
76217212608,272217,27-02-2012,10,5,1,164,17.22,181.22,e-Shop,Books,Audio and video
96475198377,269874,27-02-2012,2,6,2,111,23.31,245.31,TeleShop,Home and kitchen,Furnishing
67783071929,271885,27-02-2012,1,2,4,472,198.24,2086.24,Flagship store,Footwear,Women
88566727596,273016,27-02-2012,4,3,5,817,428.925,4513.925,MBR,Electronics,Mens
73436661249,274357,27-02-2012,3,2,4,1122,471.24,4959.24,e-Shop,Footwear,Kids
63491548280,273905,27-02-2012,10,3,3,592,186.48,1962.48,e-Shop,Electronics,Audio and video
24732285924,274166,26-02-2012,12,5,2,91,19.11,201.11,MBR,Books,Academic
14391037334,274728,26-02-2012,4,2,1,1064,111.72,1175.72,Flagship store,Footwear,Mens
44801153721,273032,26-02-2012,11,6,3,1402,441.63,4647.63,e-Shop,Home and kitchen,Children
45099168444,267562,26-02-2012,1,1,-4,-711,298.62,-3142.62,e-Shop,Clothing,Women
26554262342,272349,26-02-2012,12,6,4,574,241.08,2537.08,TeleShop,Home and kitchen,Academic
8600212016,274818,26-02-2012,3,1,4,228,95.76,1007.76,TeleShop,Clothing,Kids
47816750687,266942,26-02-2012,6,5,5,520,273,2873,e-Shop,Books,DIY
52469927946,271108,26-02-2012,12,6,3,1452,457.38,4813.38,e-Shop,Home and kitchen,Academic
59937722551,273679,26-02-2012,1,2,1,590,61.95,651.95,Flagship store,Footwear,Women
39324067314,269758,26-02-2012,11,5,-2,-1279,268.59,-2826.59,MBR,Books,Children
48177174673,273477,26-02-2012,7,5,4,1374,577.08,6073.08,e-Shop,Books,Fiction
39094640542,275035,26-02-2012,3,5,1,796,83.58,879.58,TeleShop,Books,Kids
79333688962,273109,26-02-2012,12,5,4,119,49.98,525.98,e-Shop,Books,Academic
74293047580,272997,26-02-2012,10,3,3,148,46.62,490.62,Flagship store,Electronics,Audio and video
76093304466,267930,26-02-2012,7,5,1,997,104.685,1101.685,TeleShop,Books,Fiction
65302020706,268605,26-02-2012,9,3,4,1431,601.02,6325.02,Flagship store,Electronics,Cameras
99338189161,268492,26-02-2012,8,3,1,1388,145.74,1533.74,e-Shop,Electronics,Personal Appliances
18387680082,272023,25-02-2012,11,5,3,1274,401.31,4223.31,e-Shop,Books,Children
12300197163,267503,25-02-2012,4,2,2,1153,242.13,2548.13,TeleShop,Footwear,Mens
5635888867,268160,25-02-2012,8,3,3,1483,467.145,4916.145,TeleShop,Electronics,Personal Appliances
46838779739,271660,25-02-2012,4,2,3,853,268.695,2827.695,MBR,Footwear,Mens
36019672404,270463,25-02-2012,10,6,1,515,54.075,569.075,e-Shop,Home and kitchen,Audio and video
296073900,269883,25-02-2012,10,3,5,169,88.725,933.725,e-Shop,Electronics,Audio and video
60818308164,267104,25-02-2012,11,6,2,789,165.69,1743.69,TeleShop,Home and kitchen,Children
8508206340,273119,25-02-2012,1,1,1,177,18.585,195.585,Flagship store,Clothing,Women
13691154784,268246,25-02-2012,1,2,1,1278,134.19,1412.19,e-Shop,Footwear,Women
78293415917,269409,25-02-2012,3,5,5,1044,548.1,5768.1,MBR,Books,Kids
70234425476,267975,25-02-2012,4,4,5,448,235.2,2475.2,TeleShop,Bags,Mens
85571658470,267233,25-02-2012,1,1,1,1267,133.035,1400.035,MBR,Clothing,Women
93474246872,273473,25-02-2012,4,4,5,618,324.45,3414.45,TeleShop,Bags,Mens
78976969959,273839,25-02-2012,9,3,5,388,203.7,2143.7,e-Shop,Electronics,Cameras
56870523323,268860,24-02-2012,3,1,5,863,453.075,4768.075,MBR,Clothing,Kids
46386454033,272544,24-02-2012,4,3,2,1116,234.36,2466.36,MBR,Electronics,Mens
54265083960,268447,24-02-2012,5,3,1,564,59.22,623.22,Flagship store,Electronics,Computers
26946562074,271383,24-02-2012,4,4,4,292,122.64,1290.64,Flagship store,Bags,Mens
2557266420,275088,24-02-2012,1,4,1,1365,143.325,1508.325,MBR,Bags,Women
63059467069,274339,24-02-2012,1,2,2,109,22.89,240.89,MBR,Footwear,Women
33610963255,272357,24-02-2012,5,3,2,78,16.38,172.38,TeleShop,Electronics,Computers
48107097626,274422,24-02-2012,5,3,1,736,77.28,813.28,TeleShop,Electronics,Computers
23801617761,274804,24-02-2012,12,5,5,83,43.575,458.575,TeleShop,Books,Academic
19933865968,271606,24-02-2012,5,3,5,1496,785.4,8265.4,e-Shop,Electronics,Computers
9356013337,270607,24-02-2012,4,3,3,384,120.96,1272.96,MBR,Electronics,Mens
50511561777,271797,24-02-2012,1,1,3,1482,466.83,4912.83,MBR,Clothing,Women
59046108182,267172,24-02-2012,12,6,3,1286,405.09,4263.09,Flagship store,Home and kitchen,Academic
52363030764,274390,24-02-2012,1,2,1,658,69.09,727.09,e-Shop,Footwear,Women
36056589572,275043,24-02-2012,3,1,2,1226,257.46,2709.46,e-Shop,Clothing,Kids
26289567195,273417,24-02-2012,1,1,5,915,480.375,5055.375,e-Shop,Clothing,Women
99488038460,269533,24-02-2012,6,5,-4,-109,45.78,-481.78,MBR,Books,DIY
93507396040,270540,24-02-2012,10,5,4,803,337.26,3549.26,Flagship store,Books,Audio and video
98869501829,270445,24-02-2012,11,6,4,1113,467.46,4919.46,Flagship store,Home and kitchen,Children
64883973370,272524,24-02-2012,6,5,5,1417,743.925,7828.925,e-Shop,Books,DIY
71268573945,270801,24-02-2012,10,6,4,1079,453.18,4769.18,e-Shop,Home and kitchen,Audio and video
19784671527,269261,23-02-2012,11,6,4,1221,512.82,5396.82,e-Shop,Home and kitchen,Children
53045324628,272849,23-02-2012,4,3,3,977,307.755,3238.755,Flagship store,Electronics,Mens
6114460595,270914,23-02-2012,10,5,4,1253,526.26,5538.26,Flagship store,Books,Audio and video
19997755291,269624,23-02-2012,11,5,2,250,52.5,552.5,MBR,Books,Children
31249599301,274251,23-02-2012,10,5,2,448,94.08,990.08,e-Shop,Books,Audio and video
10230072266,272844,23-02-2012,1,1,1,854,89.67,943.67,TeleShop,Clothing,Women
17528657285,269363,23-02-2012,12,6,4,176,73.92,777.92,e-Shop,Home and kitchen,Academic
22198732939,267644,23-02-2012,11,5,4,642,269.64,2837.64,TeleShop,Books,Children
12447571256,270291,23-02-2012,7,5,-1,-654,68.67,-722.67,e-Shop,Books,Fiction
43474356221,268679,23-02-2012,7,5,-2,-1043,219.03,-2305.03,TeleShop,Books,Fiction
40611186729,267000,23-02-2012,7,5,5,1062,557.55,5867.55,e-Shop,Books,Fiction
39324067314,269758,23-02-2012,11,5,2,1279,268.59,2826.59,MBR,Books,Children
41306181424,273718,23-02-2012,4,2,4,153,64.26,676.26,TeleShop,Footwear,Mens
45647280335,268255,23-02-2012,4,3,4,454,190.68,2006.68,e-Shop,Electronics,Mens
88492794300,269665,23-02-2012,1,1,1,289,30.345,319.345,e-Shop,Clothing,Women
95218898351,272279,23-02-2012,2,6,3,717,225.855,2376.855,TeleShop,Home and kitchen,Furnishing
81653351262,269508,23-02-2012,3,5,5,1146,601.65,6331.65,e-Shop,Books,Kids
95076690710,268207,23-02-2012,12,6,-4,-508,213.36,-2245.36,e-Shop,Home and kitchen,Academic
82733220577,274119,23-02-2012,3,5,2,312,65.52,689.52,Flagship store,Books,Kids
97273010477,273524,23-02-2012,3,2,3,1368,430.92,4534.92,e-Shop,Footwear,Kids
98165240757,271872,23-02-2012,11,6,-2,-1378,289.38,-3045.38,e-Shop,Home and kitchen,Children
70947346444,272673,23-02-2012,2,6,4,1254,526.68,5542.68,Flagship store,Home and kitchen,Furnishing
3035413225,268972,22-02-2012,9,3,1,1475,154.875,1629.875,TeleShop,Electronics,Cameras
13216762779,269174,22-02-2012,4,1,4,1143,480.06,5052.06,e-Shop,Clothing,Mens
11855075840,269441,22-02-2012,1,4,5,642,337.05,3547.05,e-Shop,Bags,Women
35723669907,269260,22-02-2012,12,6,3,312,98.28,1034.28,e-Shop,Home and kitchen,Academic
32668528134,268729,22-02-2012,12,5,-5,-486,255.15,-2685.15,e-Shop,Books,Academic
50802883830,268909,22-02-2012,7,5,2,810,170.1,1790.1,TeleShop,Books,Fiction
45698582978,267792,22-02-2012,4,4,1,377,39.585,416.585,TeleShop,Bags,Mens
49469866415,269959,22-02-2012,3,5,4,641,269.22,2833.22,MBR,Books,Kids
52915636998,273595,22-02-2012,1,2,5,846,444.15,4674.15,e-Shop,Footwear,Women
35847977980,272976,22-02-2012,4,2,4,410,172.2,1812.2,e-Shop,Footwear,Mens
62577462205,273899,22-02-2012,2,6,5,232,121.8,1281.8,Flagship store,Home and kitchen,Furnishing
64622743589,268364,22-02-2012,1,4,3,1369,431.235,4538.235,e-Shop,Bags,Women
91311814764,271701,22-02-2012,4,2,1,1480,155.4,1635.4,TeleShop,Footwear,Mens
97651880752,274715,22-02-2012,9,3,3,589,185.535,1952.535,TeleShop,Electronics,Cameras
82242004619,271313,22-02-2012,1,1,2,1005,211.05,2221.05,e-Shop,Clothing,Women
73574740453,273217,22-02-2012,9,3,1,953,100.065,1053.065,TeleShop,Electronics,Cameras
69604198933,269981,22-02-2012,9,3,2,197,41.37,435.37,TeleShop,Electronics,Cameras
81825763294,275221,22-02-2012,3,5,1,812,85.26,897.26,e-Shop,Books,Kids
96806226789,270432,22-02-2012,4,1,3,150,47.25,497.25,TeleShop,Clothing,Mens
95728869843,272728,22-02-2012,11,5,1,156,16.38,172.38,Flagship store,Books,Children
4454933071,272198,21-02-2012,11,6,2,588,123.48,1299.48,MBR,Home and kitchen,Children
43954491077,274700,21-02-2012,1,2,2,150,31.5,331.5,e-Shop,Footwear,Women
25915027028,269961,21-02-2012,12,5,2,279,58.59,616.59,Flagship store,Books,Academic
16606016743,269050,21-02-2012,12,6,1,632,66.36,698.36,TeleShop,Home and kitchen,Academic
50417568674,266816,21-02-2012,11,5,4,975,409.5,4309.5,e-Shop,Books,Children
37922280292,273988,21-02-2012,10,3,-1,-808,84.84,-892.84,Flagship store,Electronics,Audio and video
19725194268,270476,21-02-2012,4,4,4,618,259.56,2731.56,e-Shop,Bags,Mens
55047885231,271868,21-02-2012,4,2,1,744,78.12,822.12,TeleShop,Footwear,Mens
51159615881,269005,21-02-2012,12,6,3,1015,319.725,3364.725,e-Shop,Home and kitchen,Academic
267147202,271769,21-02-2012,1,2,5,763,400.575,4215.575,MBR,Footwear,Women
21282164621,267522,21-02-2012,1,4,5,1150,603.75,6353.75,TeleShop,Bags,Women
20004451006,269580,21-02-2012,3,1,-5,-1389,729.225,-7674.225,TeleShop,Clothing,Kids
47223495943,272373,21-02-2012,3,5,5,415,217.875,2292.875,e-Shop,Books,Kids
26195128148,267657,21-02-2012,2,6,-4,-827,347.34,-3655.34,TeleShop,Home and kitchen,Furnishing
71093019045,271426,21-02-2012,11,5,4,742,311.64,3279.64,e-Shop,Books,Children
90343042707,270453,21-02-2012,1,2,2,939,197.19,2075.19,e-Shop,Footwear,Women
96507635937,269862,21-02-2012,5,3,3,949,298.935,3145.935,Flagship store,Electronics,Computers
88152501780,272784,21-02-2012,4,2,4,888,372.96,3924.96,Flagship store,Footwear,Mens
82648745917,270512,21-02-2012,4,1,5,1283,673.575,7088.575,e-Shop,Clothing,Mens
77888333648,272799,21-02-2012,10,5,4,1279,537.18,5653.18,e-Shop,Books,Audio and video
98165240757,271872,21-02-2012,11,6,2,1378,289.38,3045.38,e-Shop,Home and kitchen,Children
72815140032,271855,21-02-2012,4,4,4,740,310.8,3270.8,TeleShop,Bags,Mens
68644705208,267251,21-02-2012,6,5,1,222,23.31,245.31,TeleShop,Books,DIY
10483954350,269366,20-02-2012,1,2,4,1177,494.34,5202.34,e-Shop,Footwear,Women
38115037204,269820,20-02-2012,4,1,5,1140,598.5,6298.5,TeleShop,Clothing,Mens
935977226,270055,20-02-2012,1,4,3,1233,388.395,4087.395,e-Shop,Bags,Women
21689088888,269726,20-02-2012,8,3,1,885,92.925,977.925,MBR,Electronics,Personal Appliances
55710146612,269541,20-02-2012,4,1,1,652,68.46,720.46,MBR,Clothing,Mens
19786123023,268328,20-02-2012,5,3,1,984,103.32,1087.32,e-Shop,Electronics,Computers
2746457247,270983,20-02-2012,4,4,5,639,335.475,3530.475,e-Shop,Bags,Mens
24636440462,273023,20-02-2012,4,1,4,499,209.58,2205.58,MBR,Clothing,Mens
23213986553,272961,20-02-2012,4,1,3,588,185.22,1949.22,e-Shop,Clothing,Mens
69362782364,269330,20-02-2012,5,3,2,881,185.01,1947.01,Flagship store,Electronics,Computers
81507756795,267690,20-02-2012,3,2,2,1429,300.09,3158.09,e-Shop,Footwear,Kids
69596356144,272455,20-02-2012,3,5,2,1249,262.29,2760.29,TeleShop,Books,Kids
91983737401,274091,20-02-2012,1,2,4,920,386.4,4066.4,MBR,Footwear,Women
94469297350,270709,20-02-2012,11,5,2,1071,224.91,2366.91,e-Shop,Books,Children
79354618859,266910,20-02-2012,1,1,4,639,268.38,2824.38,e-Shop,Clothing,Women
81941570346,268751,20-02-2012,1,4,3,1097,345.555,3636.555,Flagship store,Bags,Women
90336836682,273905,20-02-2012,10,6,5,817,428.925,4513.925,e-Shop,Home and kitchen,Audio and video
80368291310,270711,20-02-2012,10,6,3,1267,399.105,4200.105,MBR,Home and kitchen,Audio and video
46315988768,270450,19-02-2012,12,6,4,78,32.76,344.76,TeleShop,Home and kitchen,Academic
49894209276,274239,19-02-2012,5,3,4,1362,572.04,6020.04,e-Shop,Electronics,Computers
10195904465,271851,19-02-2012,1,4,-4,-1204,505.68,-5321.68,Flagship store,Bags,Women
35969562936,274825,19-02-2012,12,6,2,1195,250.95,2640.95,MBR,Home and kitchen,Academic
23039645464,273207,19-02-2012,1,2,3,967,304.605,3205.605,MBR,Footwear,Women
45735967742,269873,19-02-2012,12,6,4,426,178.92,1882.92,TeleShop,Home and kitchen,Academic
33986372556,269151,19-02-2012,10,6,1,1331,139.755,1470.755,MBR,Home and kitchen,Audio and video
60567327720,271384,19-02-2012,9,3,2,401,84.21,886.21,e-Shop,Electronics,Cameras
43960122881,267895,19-02-2012,11,6,1,715,75.075,790.075,Flagship store,Home and kitchen,Children
28193343226,273656,19-02-2012,6,5,4,1323,555.66,5847.66,MBR,Books,DIY
11049709389,267325,19-02-2012,6,5,2,951,199.71,2101.71,e-Shop,Books,DIY
14326685267,270588,19-02-2012,4,2,4,451,189.42,1993.42,MBR,Footwear,Mens
22331492370,268133,19-02-2012,8,3,3,1350,425.25,4475.25,Flagship store,Electronics,Personal Appliances
37006177743,268874,19-02-2012,1,1,1,1435,150.675,1585.675,MBR,Clothing,Women
32458155883,267191,19-02-2012,4,4,3,576,181.44,1909.44,e-Shop,Bags,Mens
90501340928,271817,19-02-2012,1,1,1,1122,117.81,1239.81,TeleShop,Clothing,Women
76489361046,267248,19-02-2012,6,5,1,110,11.55,121.55,e-Shop,Books,DIY
94511946723,269728,19-02-2012,6,5,-2,-296,62.16,-654.16,MBR,Books,DIY
67685530989,273155,19-02-2012,3,5,1,1181,124.005,1305.005,e-Shop,Books,Kids
80151096653,272997,19-02-2012,11,6,4,1485,623.7,6563.7,e-Shop,Home and kitchen,Children
78084152129,268317,19-02-2012,3,5,5,1473,773.325,8138.325,TeleShop,Books,Kids
2992582809,267348,18-02-2012,5,3,1,1063,111.615,1174.615,Flagship store,Electronics,Computers
48187207320,274577,18-02-2012,8,3,4,602,252.84,2660.84,e-Shop,Electronics,Personal Appliances
26822716656,268504,18-02-2012,1,4,-1,-576,60.48,-636.48,TeleShop,Bags,Women
35197952847,268665,18-02-2012,12,5,3,827,260.505,2741.505,Flagship store,Books,Academic
11979325745,270928,18-02-2012,3,5,1,1007,105.735,1112.735,TeleShop,Books,Kids
1938953281,274325,18-02-2012,3,1,2,633,132.93,1398.93,TeleShop,Clothing,Kids
12447571256,270291,18-02-2012,7,5,1,654,68.67,722.67,e-Shop,Books,Fiction
42743712071,267560,18-02-2012,3,1,2,1300,273,2873,e-Shop,Clothing,Kids
52544815429,268138,18-02-2012,4,2,-4,-761,319.62,-3363.62,Flagship store,Footwear,Mens
15553419484,268199,18-02-2012,3,2,2,672,141.12,1485.12,e-Shop,Footwear,Kids
1973963752,267907,18-02-2012,11,6,-3,-931,293.265,-3086.265,Flagship store,Home and kitchen,Children
49714936302,268345,18-02-2012,6,5,2,1062,223.02,2347.02,Flagship store,Books,DIY
18935211914,274345,18-02-2012,10,3,3,672,211.68,2227.68,e-Shop,Electronics,Audio and video
10451157341,274551,18-02-2012,4,3,4,248,104.16,1096.16,e-Shop,Electronics,Mens
20004451006,269580,18-02-2012,3,1,5,1389,729.225,7674.225,TeleShop,Clothing,Kids
43149034247,271722,18-02-2012,1,4,2,981,206.01,2168.01,Flagship store,Bags,Women
14867125449,275170,18-02-2012,3,2,3,769,242.235,2549.235,e-Shop,Footwear,Kids
15786896393,270080,18-02-2012,10,6,-4,-373,156.66,-1648.66,e-Shop,Home and kitchen,Audio and video
22906032696,268713,18-02-2012,12,5,3,485,152.775,1607.775,Flagship store,Books,Academic
62122316061,267328,18-02-2012,10,5,5,634,332.85,3502.85,e-Shop,Books,Audio and video
31898726495,275092,18-02-2012,10,3,4,1023,429.66,4521.66,e-Shop,Electronics,Audio and video
60404413180,272595,18-02-2012,10,5,4,1032,433.44,4561.44,e-Shop,Books,Audio and video
98074687424,271036,18-02-2012,3,5,3,433,136.395,1435.395,e-Shop,Books,Kids
91841745056,267325,18-02-2012,11,6,4,675,283.5,2983.5,TeleShop,Home and kitchen,Children
69184437496,267152,18-02-2012,4,4,5,655,343.875,3618.875,e-Shop,Bags,Mens
72322460115,271087,18-02-2012,3,5,1,334,35.07,369.07,Flagship store,Books,Kids
90059924197,272279,18-02-2012,3,5,3,906,285.39,3003.39,e-Shop,Books,Kids
84966676317,272165,18-02-2012,3,1,4,1294,543.48,5719.48,TeleShop,Clothing,Kids
93727228315,272564,18-02-2012,12,6,4,659,276.78,2912.78,TeleShop,Home and kitchen,Academic
94865877756,271811,18-02-2012,3,5,5,1158,607.95,6397.95,Flagship store,Books,Kids
1254346337,270540,17-02-2012,1,1,1,1054,110.67,1164.67,MBR,Clothing,Women
9591354629,269913,17-02-2012,11,6,2,1499,314.79,3312.79,MBR,Home and kitchen,Children
31464105886,270072,17-02-2012,1,4,1,495,51.975,546.975,e-Shop,Bags,Women
37922280292,273988,17-02-2012,10,3,1,808,84.84,892.84,Flagship store,Electronics,Audio and video
9053981854,274144,17-02-2012,7,5,5,1037,544.425,5729.425,Flagship store,Books,Fiction
40944035532,273564,17-02-2012,11,5,3,1254,395.01,4157.01,Flagship store,Books,Children
38207121818,268151,17-02-2012,4,2,5,1336,701.4,7381.4,e-Shop,Footwear,Mens
10696262900,270041,17-02-2012,6,5,-2,-194,40.74,-428.74,e-Shop,Books,DIY
9248093983,268636,17-02-2012,12,6,4,554,232.68,2448.68,e-Shop,Home and kitchen,Academic
18684930864,267568,17-02-2012,3,5,5,560,294,3094,TeleShop,Books,Kids
99582164112,269385,17-02-2012,3,5,5,190,99.75,1049.75,MBR,Books,Kids
87524669541,274960,17-02-2012,2,6,2,1085,227.85,2397.85,e-Shop,Home and kitchen,Furnishing
64916562787,269941,17-02-2012,7,5,-4,-1373,576.66,-6068.66,e-Shop,Books,Fiction
67691278138,272833,17-02-2012,1,4,1,1396,146.58,1542.58,TeleShop,Bags,Women
95435669711,274246,17-02-2012,10,3,5,292,153.3,1613.3,TeleShop,Electronics,Audio and video
68595458312,271147,17-02-2012,1,1,3,333,104.895,1103.895,TeleShop,Clothing,Women
68291613505,271031,17-02-2012,9,3,1,926,97.23,1023.23,Flagship store,Electronics,Cameras
96308199208,269318,17-02-2012,12,6,3,174,54.81,576.81,Flagship store,Home and kitchen,Academic
11359539001,267639,16-02-2012,9,3,1,102,10.71,112.71,e-Shop,Electronics,Cameras
47262577429,267015,16-02-2012,12,5,1,1199,125.895,1324.895,TeleShop,Books,Academic
21687670207,273012,16-02-2012,2,6,4,1377,578.34,6086.34,Flagship store,Home and kitchen,Furnishing
15786896393,270080,16-02-2012,10,6,4,373,156.66,1648.66,e-Shop,Home and kitchen,Audio and video
55451899155,274543,16-02-2012,3,5,-4,-618,259.56,-2731.56,TeleShop,Books,Kids
13061748995,271987,16-02-2012,11,5,5,442,232.05,2442.05,MBR,Books,Children
45099168444,267562,16-02-2012,1,1,4,711,298.62,3142.62,e-Shop,Clothing,Women
10195904465,271851,16-02-2012,1,4,4,1204,505.68,5321.68,Flagship store,Bags,Women
27976669269,267768,16-02-2012,9,3,1,223,23.415,246.415,MBR,Electronics,Cameras
5993653580,274101,16-02-2012,8,3,5,1216,638.4,6718.4,TeleShop,Electronics,Personal Appliances
42183172653,274487,16-02-2012,1,2,2,672,141.12,1485.12,TeleShop,Footwear,Women
47502939238,267528,16-02-2012,10,3,5,716,375.9,3955.9,MBR,Electronics,Audio and video
99321150992,270820,16-02-2012,1,4,3,975,307.125,3232.125,e-Shop,Bags,Women
82217688080,268229,16-02-2012,11,6,-2,-291,61.11,-643.11,e-Shop,Home and kitchen,Children
85136295809,270333,16-02-2012,11,6,3,1270,400.05,4210.05,e-Shop,Home and kitchen,Children
99602333249,274934,16-02-2012,2,6,4,885,371.7,3911.7,Flagship store,Home and kitchen,Furnishing
86245266354,269912,16-02-2012,4,2,2,100,21,221,e-Shop,Footwear,Mens
78455050487,273837,16-02-2012,1,1,4,801,336.42,3540.42,e-Shop,Clothing,Women
81436625743,275108,16-02-2012,9,3,4,516,216.72,2280.72,Flagship store,Electronics,Cameras
69769787576,272170,16-02-2012,9,3,1,281,29.505,310.505,TeleShop,Electronics,Cameras
74070552481,272648,16-02-2012,3,5,4,1078,452.76,4764.76,e-Shop,Books,Kids
27094826310,273435,15-02-2012,5,3,4,127,53.34,561.34,e-Shop,Electronics,Computers
10292510348,270856,15-02-2012,2,6,5,924,485.1,5105.1,Flagship store,Home and kitchen,Furnishing
43832821829,268745,15-02-2012,4,4,3,727,229.005,2410.005,e-Shop,Bags,Mens
54559649306,267270,15-02-2012,7,5,5,871,457.275,4812.275,e-Shop,Books,Fiction
45937538005,272663,15-02-2012,6,5,4,106,44.52,468.52,MBR,Books,DIY
56798703395,269249,15-02-2012,3,1,5,204,107.1,1127.1,e-Shop,Clothing,Kids
57506663263,267117,15-02-2012,1,1,4,93,39.06,411.06,TeleShop,Clothing,Women
43474356221,268679,15-02-2012,7,5,2,1043,219.03,2305.03,TeleShop,Books,Fiction
46270171527,268894,15-02-2012,2,6,1,879,92.295,971.295,MBR,Home and kitchen,Furnishing
12050626216,267103,15-02-2012,1,1,4,1461,613.62,6457.62,MBR,Clothing,Women
4348418815,269476,15-02-2012,10,5,2,521,109.41,1151.41,MBR,Books,Audio and video
65209969947,271820,15-02-2012,1,4,4,575,241.5,2541.5,MBR,Bags,Women
79826992974,268935,15-02-2012,4,3,5,639,335.475,3530.475,TeleShop,Electronics,Mens
66657821913,274475,15-02-2012,6,5,4,1317,553.14,5821.14,TeleShop,Books,DIY
98494771598,269747,15-02-2012,11,6,4,1393,585.06,6157.06,MBR,Home and kitchen,Children
72519843592,267604,15-02-2012,12,6,4,685,287.7,3027.7,e-Shop,Home and kitchen,Academic
64213572452,268627,15-02-2012,3,1,1,936,98.28,1034.28,TeleShop,Clothing,Kids
99488038460,269533,15-02-2012,6,5,4,109,45.78,481.78,MBR,Books,DIY
5650269843,275247,14-02-2012,10,3,-3,-1094,344.61,-3626.61,e-Shop,Electronics,Audio and video
17606927394,275221,14-02-2012,11,6,2,560,117.6,1237.6,Flagship store,Home and kitchen,Children
53491950406,270675,14-02-2012,11,5,4,301,126.42,1330.42,TeleShop,Books,Children
53652360088,273226,14-02-2012,12,5,-4,-1265,531.3,-5591.3,Flagship store,Books,Academic
2443940395,267348,14-02-2012,11,6,4,869,364.98,3840.98,e-Shop,Home and kitchen,Children
20739129306,274431,14-02-2012,11,6,2,573,120.33,1266.33,e-Shop,Home and kitchen,Children
42427133297,269902,14-02-2012,9,3,2,462,97.02,1021.02,e-Shop,Electronics,Cameras
4700507112,271770,14-02-2012,12,6,3,1126,354.69,3732.69,TeleShop,Home and kitchen,Academic
32668528134,268729,14-02-2012,12,5,5,486,255.15,2685.15,e-Shop,Books,Academic
50241746449,275153,14-02-2012,11,5,2,159,33.39,351.39,MBR,Books,Children
50051787528,274960,14-02-2012,12,6,4,1144,480.48,5056.48,TeleShop,Home and kitchen,Academic
95076690710,268207,14-02-2012,12,6,4,508,213.36,2245.36,e-Shop,Home and kitchen,Academic
91530082461,269449,14-02-2012,12,6,-4,-1359,570.78,-6006.78,e-Shop,Home and kitchen,Academic
67958154889,269888,14-02-2012,6,5,1,84,8.82,92.82,TeleShop,Books,DIY
99743287617,269529,14-02-2012,7,5,1,706,74.13,780.13,e-Shop,Books,Fiction
68981437340,272642,14-02-2012,7,5,3,1456,458.64,4826.64,Flagship store,Books,Fiction
63377674180,270864,14-02-2012,9,3,2,537,112.77,1186.77,Flagship store,Electronics,Cameras
66206556982,274948,14-02-2012,1,1,3,435,137.025,1442.025,TeleShop,Clothing,Women
95667904716,272824,14-02-2012,1,2,5,1324,695.1,7315.1,e-Shop,Footwear,Women
40606928458,268162,13-02-2012,1,4,4,1299,545.58,5741.58,MBR,Bags,Women
60469992420,273171,13-02-2012,11,5,1,1455,152.775,1607.775,Flagship store,Books,Children
26195128148,267657,13-02-2012,2,6,4,827,347.34,3655.34,TeleShop,Home and kitchen,Furnishing
60993520299,267033,13-02-2012,8,3,4,792,332.64,3500.64,e-Shop,Electronics,Personal Appliances
42709628205,273140,13-02-2012,12,6,5,1400,735,7735,MBR,Home and kitchen,Academic
1973963752,267907,13-02-2012,11,6,3,931,293.265,3086.265,Flagship store,Home and kitchen,Children
11507138583,267892,13-02-2012,10,6,2,1130,237.3,2497.3,Flagship store,Home and kitchen,Audio and video
51755253516,267538,13-02-2012,3,2,5,898,471.45,4961.45,Flagship store,Footwear,Kids
21962493023,273535,13-02-2012,1,1,-4,-420,176.4,-1856.4,e-Shop,Clothing,Women
50970747402,274795,13-02-2012,4,4,5,964,506.1,5326.1,MBR,Bags,Mens
41781424740,270413,13-02-2012,3,5,4,258,108.36,1140.36,e-Shop,Books,Kids
73073949824,267616,13-02-2012,4,3,5,846,444.15,4674.15,MBR,Electronics,Mens
77928611233,268690,13-02-2012,12,6,1,1361,142.905,1503.905,e-Shop,Home and kitchen,Academic
69604380569,274462,13-02-2012,3,1,4,523,219.66,2311.66,e-Shop,Clothing,Kids
95125299537,268076,13-02-2012,1,1,2,1286,270.06,2842.06,Flagship store,Clothing,Women
89817235519,270683,13-02-2012,3,5,1,652,68.46,720.46,e-Shop,Books,Kids
93881854751,270470,13-02-2012,11,5,5,1033,542.325,5707.325,MBR,Books,Children
85905402039,271603,13-02-2012,4,2,5,1450,761.25,8011.25,TeleShop,Footwear,Mens
64617090724,269377,13-02-2012,3,2,2,665,139.65,1469.65,e-Shop,Footwear,Kids
79105787020,272940,13-02-2012,12,6,4,994,417.48,4393.48,MBR,Home and kitchen,Academic
92592650187,267261,13-02-2012,10,6,2,997,209.37,2203.37,MBR,Home and kitchen,Audio and video
18346893655,273270,12/2/2012,4,3,-4,-675,283.5,-2983.5,TeleShop,Electronics,Mens
8011726982,274638,12/2/2012,12,6,5,555,291.375,3066.375,TeleShop,Home and kitchen,Academic
22987208238,268333,12/2/2012,4,4,3,287,90.405,951.405,MBR,Bags,Mens
53652360088,273226,12/2/2012,12,5,4,1265,531.3,5591.3,Flagship store,Books,Academic
5650269843,275247,12/2/2012,10,3,3,1094,344.61,3626.61,e-Shop,Electronics,Audio and video
51165856639,271287,12/2/2012,10,6,4,1230,516.6,5436.6,e-Shop,Home and kitchen,Audio and video
9657110559,268591,12/2/2012,10,5,5,390,204.75,2154.75,e-Shop,Books,Audio and video
28261464473,268179,12/2/2012,4,3,5,360,189,1989,e-Shop,Electronics,Mens
57548172324,266937,12/2/2012,12,5,-1,-1467,154.035,-1621.035,e-Shop,Books,Academic
58279431708,271807,12/2/2012,2,6,4,944,396.48,4172.48,e-Shop,Home and kitchen,Furnishing
46332723092,268994,12/2/2012,3,2,5,685,359.625,3784.625,e-Shop,Footwear,Kids
16733445675,271311,12/2/2012,6,5,-1,-979,102.795,-1081.795,e-Shop,Books,DIY
8248185939,269283,12/2/2012,12,5,1,501,52.605,553.605,MBR,Books,Academic
2721364492,269141,12/2/2012,11,5,1,1202,126.21,1328.21,MBR,Books,Children
59792142648,274171,12/2/2012,11,5,1,735,77.175,812.175,TeleShop,Books,Children
90507639006,270163,12/2/2012,4,3,1,1410,148.05,1558.05,e-Shop,Electronics,Mens
64980218486,270884,12/2/2012,4,2,3,378,119.07,1253.07,TeleShop,Footwear,Mens
83893374456,267913,12/2/2012,1,4,3,109,34.335,361.335,e-Shop,Bags,Women
84850911872,270176,12/2/2012,1,1,1,562,59.01,621.01,MBR,Clothing,Women
91530082461,269449,12/2/2012,12,6,-4,-1359,570.78,-6006.78,e-Shop,Home and kitchen,Academic
67370399167,271080,12/2/2012,3,2,-2,-1237,259.77,-2733.77,TeleShop,Footwear,Kids
83040817366,273781,12/2/2012,10,6,-1,-842,88.41,-930.41,MBR,Home and kitchen,Audio and video
64916562787,269941,12/2/2012,7,5,4,1373,576.66,6068.66,e-Shop,Books,Fiction
13019408210,275168,11/2/2012,5,3,3,215,67.725,712.725,MBR,Electronics,Computers
14354307948,268600,11/2/2012,9,3,4,741,311.22,3275.22,e-Shop,Electronics,Cameras
3914092039,268710,11/2/2012,12,5,-1,-281,29.505,-310.505,MBR,Books,Academic
6074307261,269930,11/2/2012,8,3,2,257,53.97,567.97,e-Shop,Electronics,Personal Appliances
157736425,274625,11/2/2012,3,5,3,213,67.095,706.095,MBR,Books,Kids
33905459901,273437,11/2/2012,1,4,5,529,277.725,2922.725,Flagship store,Bags,Women
3216906418,268157,11/2/2012,3,2,1,462,48.51,510.51,e-Shop,Footwear,Kids
43139591428,271688,11/2/2012,10,5,2,733,153.93,1619.93,e-Shop,Books,Audio and video
3376842714,274232,11/2/2012,5,3,4,360,151.2,1591.2,TeleShop,Electronics,Computers
59110183722,267158,11/2/2012,3,2,2,962,202.02,2126.02,e-Shop,Footwear,Kids
20647973510,270337,11/2/2012,1,2,4,348,146.16,1538.16,MBR,Footwear,Women
99068965664,271019,11/2/2012,3,2,2,1153,242.13,2548.13,e-Shop,Footwear,Kids
81464376573,268354,11/2/2012,4,2,5,1130,593.25,6243.25,Flagship store,Footwear,Mens
95843033788,268629,11/2/2012,3,2,2,1102,231.42,2435.42,Flagship store,Footwear,Kids
99643665600,266836,11/2/2012,1,2,3,764,240.66,2532.66,e-Shop,Footwear,Women
89365791775,273899,11/2/2012,1,1,-1,-1024,107.52,-1131.52,MBR,Clothing,Women
96995026041,268787,11/2/2012,12,5,4,773,324.66,3416.66,e-Shop,Books,Academic
87450823654,268458,11/2/2012,3,1,4,777,326.34,3434.34,e-Shop,Clothing,Kids
82530735436,267980,11/2/2012,12,6,-5,-1300,682.5,-7182.5,TeleShop,Home and kitchen,Academic
82667974556,268684,11/2/2012,11,5,2,1466,307.86,3239.86,e-Shop,Books,Children
4427690092,272908,10/2/2012,3,1,3,1305,411.075,4326.075,MBR,Clothing,Kids
8208374311,269279,10/2/2012,7,5,2,1291,271.11,2853.11,e-Shop,Books,Fiction
36836955608,266920,10/2/2012,12,6,2,1072,225.12,2369.12,e-Shop,Home and kitchen,Academic
10696262900,270041,10/2/2012,6,5,2,194,40.74,428.74,e-Shop,Books,DIY
27751136549,272686,10/2/2012,4,3,2,116,24.36,256.36,e-Shop,Electronics,Mens
9848655596,270300,10/2/2012,8,3,3,118,37.17,391.17,e-Shop,Electronics,Personal Appliances
25680528014,269085,10/2/2012,2,6,4,687,288.54,3036.54,e-Shop,Home and kitchen,Furnishing
10955351428,273004,10/2/2012,8,3,4,256,107.52,1131.52,e-Shop,Electronics,Personal Appliances
47885516244,269968,10/2/2012,11,5,3,327,103.005,1084.005,e-Shop,Books,Children
26627819202,268145,10/2/2012,10,5,1,859,90.195,949.195,e-Shop,Books,Audio and video
52544815429,268138,10/2/2012,4,2,4,761,319.62,3363.62,Flagship store,Footwear,Mens
34140221454,273679,10/2/2012,4,4,2,1010,212.1,2232.1,e-Shop,Bags,Mens
24786844728,274023,10/2/2012,8,3,5,522,274.05,2884.05,e-Shop,Electronics,Personal Appliances
49887407088,272822,10/2/2012,10,5,5,908,476.7,5016.7,e-Shop,Books,Audio and video
25411294137,272518,10/2/2012,12,5,4,406,170.52,1794.52,MBR,Books,Academic
7057636850,270258,10/2/2012,6,5,2,137,28.77,302.77,Flagship store,Books,DIY
25901987994,271492,10/2/2012,10,6,1,1392,146.16,1538.16,TeleShop,Home and kitchen,Audio and video
42163215132,273551,10/2/2012,11,5,1,1169,122.745,1291.745,Flagship store,Books,Children
25319000387,267053,10/2/2012,10,3,2,1076,225.96,2377.96,Flagship store,Electronics,Audio and video
11955296650,274539,10/2/2012,8,3,4,240,100.8,1060.8,MBR,Electronics,Personal Appliances
88588774029,267497,10/2/2012,1,4,-3,-897,282.555,-2973.555,TeleShop,Bags,Women
78857128027,274229,10/2/2012,3,2,-4,-601,252.42,-2656.42,Flagship store,Footwear,Kids
83914141924,270493,10/2/2012,4,3,2,1051,220.71,2322.71,Flagship store,Electronics,Mens
83575059985,271038,10/2/2012,11,5,2,150,31.5,331.5,MBR,Books,Children
96593892152,269168,10/2/2012,7,5,3,1354,426.51,4488.51,e-Shop,Books,Fiction
94511946723,269728,10/2/2012,6,5,2,296,62.16,654.16,MBR,Books,DIY
76843333888,271898,10/2/2012,11,6,2,498,104.58,1100.58,e-Shop,Home and kitchen,Children
97990077440,274278,10/2/2012,3,5,-3,-754,237.51,-2499.51,TeleShop,Books,Kids
55451899155,274543,9/2/2012,3,5,4,618,259.56,2731.56,TeleShop,Books,Kids
40070481603,272487,9/2/2012,4,2,3,900,283.5,2983.5,e-Shop,Footwear,Mens
51691988572,268964,9/2/2012,1,1,2,1312,275.52,2899.52,TeleShop,Clothing,Women
30294931136,273302,9/2/2012,11,5,2,875,183.75,1933.75,Flagship store,Books,Children
649430627,268679,9/2/2012,1,4,3,114,35.91,377.91,e-Shop,Bags,Women
53445096425,272707,9/2/2012,3,2,2,1061,222.81,2344.81,e-Shop,Footwear,Kids
21962493023,273535,9/2/2012,1,1,4,420,176.4,1856.4,e-Shop,Clothing,Women
33262786227,272773,9/2/2012,5,3,2,211,44.31,466.31,e-Shop,Electronics,Computers
5513965429,272006,9/2/2012,11,5,2,822,172.62,1816.62,MBR,Books,Children
64779522393,271670,9/2/2012,3,5,5,680,357,3757,TeleShop,Books,Kids
73864766566,272726,9/2/2012,4,2,5,950,498.75,5248.75,Flagship store,Footwear,Mens
77334873428,271961,9/2/2012,8,3,1,683,71.715,754.715,MBR,Electronics,Personal Appliances
77339707309,272832,9/2/2012,4,1,5,1493,783.825,8248.825,e-Shop,Clothing,Mens
78199279845,271885,9/2/2012,12,5,-3,-922,290.43,-3056.43,e-Shop,Books,Academic
91978694387,271607,9/2/2012,5,3,3,1391,438.165,4611.165,Flagship store,Electronics,Computers
83040817366,273781,9/2/2012,10,6,1,842,88.41,930.41,MBR,Home and kitchen,Audio and video
86890620258,270802,9/2/2012,7,5,-3,-160,50.4,-530.4,Flagship store,Books,Fiction
92371372236,272928,9/2/2012,9,3,2,514,107.94,1135.94,e-Shop,Electronics,Cameras
78857128027,274229,9/2/2012,3,2,4,601,252.42,2656.42,Flagship store,Footwear,Kids
63742473911,268522,9/2/2012,11,5,5,1434,752.85,7922.85,TeleShop,Books,Children
85099587174,274668,9/2/2012,3,2,4,338,141.96,1493.96,TeleShop,Footwear,Kids
13663382270,272338,8/2/2012,10,5,-1,-255,26.775,-281.775,MBR,Books,Audio and video
54557405411,268157,8/2/2012,2,6,1,573,60.165,633.165,MBR,Home and kitchen,Furnishing
13936508590,270951,8/2/2012,1,1,2,170,35.7,375.7,Flagship store,Clothing,Women
23376371006,268930,8/2/2012,4,2,5,1200,630,6630,e-Shop,Footwear,Mens
30716369496,273707,8/2/2012,1,1,-1,-660,69.3,-729.3,e-Shop,Clothing,Women
165769899,267450,8/2/2012,4,3,5,753,395.325,4160.325,MBR,Electronics,Mens
6136914509,266852,8/2/2012,3,2,1,1211,127.155,1338.155,e-Shop,Footwear,Kids
23906252842,272724,8/2/2012,8,3,1,470,49.35,519.35,TeleShop,Electronics,Personal Appliances
61964727268,274757,8/2/2012,11,5,2,513,107.73,1133.73,TeleShop,Books,Children
9081471288,273112,8/2/2012,11,6,-5,-825,433.125,-4558.125,e-Shop,Home and kitchen,Children
26822716656,268504,8/2/2012,1,4,1,576,60.48,636.48,TeleShop,Bags,Women
15535021300,273131,8/2/2012,1,1,4,617,259.14,2727.14,Flagship store,Clothing,Women
10375267589,272412,8/2/2012,2,6,5,1234,647.85,6817.85,TeleShop,Home and kitchen,Furnishing
51242722729,274533,8/2/2012,10,6,-4,-1260,529.2,-5569.2,e-Shop,Home and kitchen,Audio and video
88588774029,267497,8/2/2012,1,4,3,897,282.555,2973.555,TeleShop,Bags,Women
82217688080,268229,8/2/2012,11,6,2,291,61.11,643.11,e-Shop,Home and kitchen,Children
82530735436,267980,8/2/2012,12,6,5,1300,682.5,7182.5,TeleShop,Home and kitchen,Academic
68537593970,268343,8/2/2012,4,4,4,978,410.76,4322.76,TeleShop,Bags,Mens
86890620258,270802,8/2/2012,7,5,3,160,50.4,530.4,Flagship store,Books,Fiction
70171095829,273027,8/2/2012,4,4,4,418,175.56,1847.56,TeleShop,Bags,Mens
94244547758,273831,8/2/2012,3,5,1,1251,131.355,1382.355,MBR,Books,Kids
35872158321,270978,7/2/2012,4,1,2,140,29.4,309.4,e-Shop,Clothing,Mens
24597265512,268898,7/2/2012,4,1,3,1138,358.47,3772.47,MBR,Clothing,Mens
2863278164,270881,7/2/2012,3,5,1,265,27.825,292.825,e-Shop,Books,Kids
27884619689,268661,7/2/2012,10,6,-5,-601,315.525,-3320.525,TeleShop,Home and kitchen,Audio and video
11197701205,273595,7/2/2012,9,3,4,1152,483.84,5091.84,e-Shop,Electronics,Cameras
31681021066,273616,7/2/2012,1,4,3,1393,438.795,4617.795,Flagship store,Bags,Women
27371188211,270206,7/2/2012,10,6,-4,-781,328.02,-3452.02,Flagship store,Home and kitchen,Audio and video
6509738083,268720,7/2/2012,3,5,5,1376,722.4,7602.4,TeleShop,Books,Kids
4183450301,273991,7/2/2012,1,4,4,1400,588,6188,MBR,Bags,Women
88316147998,274246,7/2/2012,3,2,3,394,124.11,1306.11,MBR,Footwear,Kids
66451172825,274886,7/2/2012,4,2,2,405,85.05,895.05,e-Shop,Footwear,Mens
97990077440,274278,7/2/2012,3,5,3,754,237.51,2499.51,TeleShop,Books,Kids
35038486675,272708,6/2/2012,10,3,-5,-1170,614.25,-6464.25,e-Shop,Electronics,Audio and video
16877450265,274507,6/2/2012,3,1,5,715,375.375,3950.375,TeleShop,Clothing,Kids
48451883512,269161,6/2/2012,3,2,2,406,85.26,897.26,TeleShop,Footwear,Kids
23649802050,274955,6/2/2012,11,5,2,811,170.31,1792.31,e-Shop,Books,Children
31790045034,271770,6/2/2012,3,5,2,353,74.13,780.13,e-Shop,Books,Kids
5139487450,269481,6/2/2012,4,4,-5,-640,336,-3536,Flagship store,Bags,Mens
22753231885,274715,6/2/2012,3,5,5,464,243.6,2563.6,Flagship store,Books,Kids
42648216802,269393,6/2/2012,4,2,2,1100,231,2431,e-Shop,Footwear,Mens
53669805505,267107,6/2/2012,4,1,3,395,124.425,1309.425,e-Shop,Clothing,Mens
47584759631,273760,6/2/2012,4,4,3,684,215.46,2267.46,MBR,Bags,Mens
58286703547,269491,6/2/2012,3,2,1,582,61.11,643.11,e-Shop,Footwear,Kids
39717092879,268159,6/2/2012,10,6,5,1350,708.75,7458.75,TeleShop,Home and kitchen,Audio and video
18346893655,273270,6/2/2012,4,3,4,675,283.5,2983.5,TeleShop,Electronics,Mens
87493807909,268919,6/2/2012,4,3,5,218,114.45,1204.45,TeleShop,Electronics,Mens
94296253499,268720,6/2/2012,8,3,2,618,129.78,1365.78,MBR,Electronics,Personal Appliances
77020919835,274408,6/2/2012,12,6,1,1459,153.195,1612.195,MBR,Home and kitchen,Academic
85259567157,271310,6/2/2012,1,1,3,883,278.145,2927.145,TeleShop,Clothing,Women
95260688910,269178,6/2/2012,1,1,3,511,160.965,1693.965,TeleShop,Clothing,Women
92760564214,270820,6/2/2012,6,5,2,1302,273.42,2877.42,Flagship store,Books,DIY
75490264779,272048,6/2/2012,12,5,5,1097,575.925,6060.925,Flagship store,Books,Academic
89365791775,273899,6/2/2012,1,1,1,1024,107.52,1131.52,MBR,Clothing,Women
68221580759,268397,6/2/2012,8,3,1,1012,106.26,1118.26,e-Shop,Electronics,Personal Appliances
3914092039,268710,5/2/2012,12,5,1,281,29.505,310.505,MBR,Books,Academic
24340673141,270807,5/2/2012,5,3,4,1015,426.3,4486.3,MBR,Electronics,Computers
57906044883,268665,5/2/2012,2,6,-3,-1485,467.775,-4922.775,e-Shop,Home and kitchen,Furnishing
39180193467,267759,5/2/2012,7,5,5,963,505.575,5320.575,Flagship store,Books,Fiction
14227863215,272511,5/2/2012,10,3,5,1180,619.5,6519.5,TeleShop,Electronics,Audio and video
31631252804,268698,5/2/2012,3,2,1,1104,115.92,1219.92,e-Shop,Footwear,Kids
46587808812,268289,5/2/2012,4,4,5,732,384.3,4044.3,MBR,Bags,Mens
14200143340,269232,5/2/2012,11,5,1,1355,142.275,1497.275,Flagship store,Books,Children
17376477624,271467,5/2/2012,3,1,3,1274,401.31,4223.31,e-Shop,Clothing,Kids
62695682185,273713,5/2/2012,7,5,3,1200,378,3978,e-Shop,Books,Fiction
51622563658,271893,5/2/2012,10,5,2,390,81.9,861.9,e-Shop,Books,Audio and video
43253840836,267020,5/2/2012,12,5,2,1286,270.06,2842.06,Flagship store,Books,Academic
65071721225,267329,5/2/2012,6,5,1,1226,128.73,1354.73,e-Shop,Books,DIY
85530345881,267575,5/2/2012,9,3,5,655,343.875,3618.875,MBR,Electronics,Cameras
74255505198,274924,5/2/2012,9,3,3,247,77.805,818.805,MBR,Electronics,Cameras
91530082461,269449,5/2/2012,12,6,4,1359,570.78,6006.78,e-Shop,Home and kitchen,Academic
83648307148,271414,5/2/2012,7,5,5,1399,734.475,7729.475,e-Shop,Books,Fiction
78199279845,271885,5/2/2012,12,5,3,922,290.43,3056.43,e-Shop,Books,Academic
72971930873,269677,5/2/2012,10,5,3,329,103.635,1090.635,TeleShop,Books,Audio and video
3041543829,269926,4/2/2012,3,1,5,296,155.4,1635.4,e-Shop,Clothing,Kids
15008659303,274215,4/2/2012,4,1,5,1198,628.95,6618.95,e-Shop,Clothing,Mens
16779367092,272870,4/2/2012,5,3,1,700,73.5,773.5,e-Shop,Electronics,Computers
35038486675,272708,4/2/2012,10,3,5,1170,614.25,6464.25,e-Shop,Electronics,Audio and video
57906044883,268665,4/2/2012,2,6,3,1485,467.775,4922.775,e-Shop,Home and kitchen,Furnishing
32765224954,270051,4/2/2012,1,4,3,1408,443.52,4667.52,e-Shop,Bags,Women
24011082441,273173,4/2/2012,1,1,1,477,50.085,527.085,e-Shop,Clothing,Women
7444514139,269533,4/2/2012,3,5,5,1471,772.275,8127.275,MBR,Books,Kids
3708728820,269962,4/2/2012,2,6,5,103,54.075,569.075,e-Shop,Home and kitchen,Furnishing
21406530668,267025,4/2/2012,1,4,3,1203,378.945,3987.945,e-Shop,Bags,Women
78001281403,273300,4/2/2012,6,5,5,1348,707.7,7447.7,Flagship store,Books,DIY
85288816450,272420,4/2/2012,1,2,5,1105,580.125,6105.125,e-Shop,Footwear,Women
71279897664,270821,4/2/2012,11,6,2,1034,217.14,2285.14,MBR,Home and kitchen,Children
79777133013,269279,4/2/2012,1,1,2,787,165.27,1739.27,TeleShop,Clothing,Women
80097025695,267753,4/2/2012,4,2,5,928,487.2,5127.2,MBR,Footwear,Mens
79122661878,268197,4/2/2012,9,3,2,991,208.11,2190.11,Flagship store,Electronics,Cameras
13663382270,272338,3/2/2012,10,5,1,255,26.775,281.775,MBR,Books,Audio and video
36571397485,272354,3/2/2012,10,6,2,110,23.1,243.1,TeleShop,Home and kitchen,Audio and video
17053649235,269897,3/2/2012,11,5,2,721,151.41,1593.41,Flagship store,Books,Children
56042257691,272530,3/2/2012,10,6,4,559,234.78,2470.78,Flagship store,Home and kitchen,Audio and video
5483054995,271797,3/2/2012,4,4,4,159,66.78,702.78,e-Shop,Bags,Mens
16750744439,267169,3/2/2012,9,3,5,225,118.125,1243.125,TeleShop,Electronics,Cameras
59135452313,272350,3/2/2012,10,6,1,687,72.135,759.135,e-Shop,Home and kitchen,Audio and video
863660015,270029,3/2/2012,1,4,5,446,234.15,2464.15,Flagship store,Bags,Women
60909965340,268366,3/2/2012,11,6,-5,-875,459.375,-4834.375,e-Shop,Home and kitchen,Children
16733445675,271311,3/2/2012,6,5,1,979,102.795,1081.795,e-Shop,Books,DIY
1125938185,274199,3/2/2012,10,5,-2,-1324,278.04,-2926.04,MBR,Books,Audio and video
57344955347,274961,3/2/2012,4,1,1,312,32.76,344.76,e-Shop,Clothing,Mens
57451400458,268981,3/2/2012,4,1,4,1334,560.28,5896.28,MBR,Clothing,Mens
50458256620,272807,3/2/2012,11,6,4,473,198.66,2090.66,TeleShop,Home and kitchen,Children
29961689337,268218,3/2/2012,4,2,3,1285,404.775,4259.775,TeleShop,Footwear,Mens
40247594000,272127,3/2/2012,10,6,3,105,33.075,348.075,e-Shop,Home and kitchen,Audio and video
92732424491,272141,3/2/2012,8,3,5,981,515.025,5420.025,MBR,Electronics,Personal Appliances
70283948247,272999,3/2/2012,4,3,4,1227,515.34,5423.34,Flagship store,Electronics,Mens
67370399167,271080,3/2/2012,3,2,2,1237,259.77,2733.77,TeleShop,Footwear,Kids
89142250290,271547,3/2/2012,3,1,5,552,289.8,3049.8,e-Shop,Clothing,Kids
81341343189,269066,3/2/2012,4,1,4,406,170.52,1794.52,TeleShop,Clothing,Mens
81434678609,268782,3/2/2012,7,5,1,1069,112.245,1181.245,TeleShop,Books,Fiction
79970297875,275154,3/2/2012,5,3,2,1168,245.28,2581.28,MBR,Electronics,Computers
78211929000,273847,3/2/2012,1,4,2,797,167.37,1761.37,TeleShop,Bags,Women
31751941568,267297,2/2/2012,4,1,3,783,246.645,2595.645,e-Shop,Clothing,Mens
55852252772,268651,2/2/2012,4,4,2,1230,258.3,2718.3,e-Shop,Bags,Mens
10507868052,272649,2/2/2012,10,5,3,1488,468.72,4932.72,e-Shop,Books,Audio and video
6298811362,267889,2/2/2012,4,3,1,1106,116.13,1222.13,MBR,Electronics,Mens
53815845348,267220,2/2/2012,4,3,4,1051,441.42,4645.42,MBR,Electronics,Mens
12324522019,268387,2/2/2012,3,1,4,1217,511.14,5379.14,TeleShop,Clothing,Kids
9081471288,273112,2/2/2012,11,6,5,825,433.125,4558.125,e-Shop,Home and kitchen,Children
57548172324,266937,2/2/2012,12,5,1,1467,154.035,1621.035,e-Shop,Books,Academic
40121368135,268486,2/2/2012,10,6,2,887,186.27,1960.27,e-Shop,Home and kitchen,Audio and video
27371188211,270206,2/2/2012,10,6,4,781,328.02,3452.02,Flagship store,Home and kitchen,Audio and video
1802024466,272306,2/2/2012,4,2,4,397,166.74,1754.74,e-Shop,Footwear,Mens
24781402517,269495,2/2/2012,1,4,5,94,49.35,519.35,e-Shop,Bags,Women
13540155916,270930,2/2/2012,6,5,2,589,123.69,1301.69,e-Shop,Books,DIY
65103510065,271331,2/2/2012,7,5,-4,-260,109.2,-1149.2,TeleShop,Books,Fiction
97802303866,270171,2/2/2012,1,2,1,877,92.085,969.085,e-Shop,Footwear,Women
95985174016,272882,2/2/2012,8,3,4,654,274.68,2890.68,e-Shop,Electronics,Personal Appliances
72040605380,266806,2/2/2012,10,5,5,1338,702.45,7392.45,Flagship store,Books,Audio and video
80176142326,272387,2/2/2012,1,4,5,789,414.225,4359.225,MBR,Bags,Women
73089090764,270327,2/2/2012,10,5,3,502,158.13,1664.13,e-Shop,Books,Audio and video
65844947009,268674,2/2/2012,3,2,3,1439,453.285,4770.285,TeleShop,Footwear,Kids
81802961273,273181,2/2/2012,3,5,-2,-695,145.95,-1535.95,TeleShop,Books,Kids
7993773374,271426,1/2/2012,12,5,5,139,72.975,767.975,e-Shop,Books,Academic
41297152686,274255,1/2/2012,10,6,3,148,46.62,490.62,e-Shop,Home and kitchen,Audio and video
30716369496,273707,1/2/2012,1,1,1,660,69.3,729.3,e-Shop,Clothing,Women
57828454888,269483,1/2/2012,1,1,1,524,55.02,579.02,MBR,Clothing,Women
15995345685,267643,1/2/2012,4,4,5,461,242.025,2547.025,e-Shop,Bags,Mens
25449041417,273156,1/2/2012,3,2,2,854,179.34,1887.34,e-Shop,Footwear,Kids
27579598167,270971,1/2/2012,4,2,3,418,131.67,1385.67,e-Shop,Footwear,Mens
5340622084,274461,1/2/2012,7,5,3,1242,391.23,4117.23,MBR,Books,Fiction
60909965340,268366,1/2/2012,11,6,5,875,459.375,4834.375,e-Shop,Home and kitchen,Children
21736739923,275172,1/2/2012,6,5,3,306,96.39,1014.39,MBR,Books,DIY
9593374273,271833,1/2/2012,1,2,4,1450,609,6409,TeleShop,Footwear,Women
42912687590,272171,1/2/2012,10,6,1,1076,112.98,1188.98,Flagship store,Home and kitchen,Audio and video
10712475007,275232,1/2/2012,8,3,5,1221,641.025,6746.025,e-Shop,Electronics,Personal Appliances
54469442565,269772,1/2/2012,1,2,2,1298,272.58,2868.58,e-Shop,Footwear,Women
44107965655,273342,1/2/2012,10,3,1,1370,143.85,1513.85,TeleShop,Electronics,Audio and video
5139487450,269481,1/2/2012,4,4,5,640,336,3536,Flagship store,Bags,Mens
54150851561,269320,1/2/2012,6,5,3,1255,395.325,4160.325,Flagship store,Books,DIY
17960226367,266785,1/2/2012,11,5,5,917,481.425,5066.425,TeleShop,Books,Children
50654515900,268615,1/2/2012,3,5,5,376,197.4,2077.4,Flagship store,Books,Kids
68657938111,273103,1/2/2012,10,6,4,463,194.46,2046.46,TeleShop,Home and kitchen,Audio and video
81802961273,273181,1/2/2012,3,5,-2,-695,145.95,-1535.95,TeleShop,Books,Kids
81009159731,269629,1/2/2012,4,1,5,410,215.25,2265.25,Flagship store,Clothing,Mens
76949558165,275053,1/2/2012,12,5,2,706,148.26,1560.26,TeleShop,Books,Academic
91217108818,268097,1/2/2012,10,5,2,411,86.31,908.31,e-Shop,Books,Audio and video
56542335952,271581,31-01-2012,10,6,1,916,96.18,1012.18,Flagship store,Home and kitchen,Audio and video
277893283,267814,31-01-2012,1,4,-4,-1407,590.94,-6218.94,e-Shop,Bags,Women
55409843630,267445,31-01-2012,10,6,3,249,78.435,825.435,Flagship store,Home and kitchen,Audio and video
27884619689,268661,31-01-2012,10,6,5,601,315.525,3320.525,TeleShop,Home and kitchen,Audio and video
60995261191,271139,31-01-2012,1,1,3,1110,349.65,3679.65,e-Shop,Clothing,Women
37138402341,271760,31-01-2012,12,5,1,1306,137.13,1443.13,MBR,Books,Academic
16998673598,271866,31-01-2012,2,6,3,436,137.34,1445.34,MBR,Home and kitchen,Furnishing
54563673106,273233,31-01-2012,10,6,4,747,313.74,3301.74,e-Shop,Home and kitchen,Audio and video
52789826309,272305,31-01-2012,9,3,4,281,118.02,1242.02,TeleShop,Electronics,Cameras
51242722729,274533,31-01-2012,10,6,4,1260,529.2,5569.2,e-Shop,Home and kitchen,Audio and video
34634609822,272094,31-01-2012,10,3,3,810,255.15,2685.15,TeleShop,Electronics,Audio and video
61437721716,268632,31-01-2012,4,4,4,334,140.28,1476.28,e-Shop,Bags,Mens
30111447667,273397,31-01-2012,6,5,5,1207,633.675,6668.675,Flagship store,Books,DIY
2092439489,267181,31-01-2012,4,4,1,159,16.695,175.695,MBR,Bags,Mens
30903884982,271312,31-01-2012,12,5,4,490,205.8,2165.8,MBR,Books,Academic
90465606059,274058,31-01-2012,8,3,5,1380,724.5,7624.5,e-Shop,Electronics,Personal Appliances
92203109119,270213,31-01-2012,4,3,1,873,91.665,964.665,e-Shop,Electronics,Mens
65103510065,271331,31-01-2012,7,5,4,260,109.2,1149.2,TeleShop,Books,Fiction
89477963321,273316,31-01-2012,4,2,1,440,46.2,486.2,TeleShop,Footwear,Mens
77950699650,268027,31-01-2012,4,1,2,1385,290.85,3060.85,MBR,Clothing,Mens
6541956678,267425,30-01-2012,2,6,-5,-981,515.025,-5420.025,Flagship store,Home and kitchen,Furnishing
42722501739,272425,30-01-2012,4,4,5,496,260.4,2740.4,MBR,Bags,Mens
50334900050,268424,30-01-2012,10,3,1,1463,153.615,1616.615,Flagship store,Electronics,Audio and video
40328301316,273358,30-01-2012,4,3,4,91,38.22,402.22,MBR,Electronics,Mens
10577817962,268701,30-01-2012,1,1,5,1342,704.55,7414.55,MBR,Clothing,Women
12421217421,272177,30-01-2012,3,1,2,1325,278.25,2928.25,e-Shop,Clothing,Kids
52143303955,269001,30-01-2012,7,5,2,1193,250.53,2636.53,TeleShop,Books,Fiction
39155855271,270039,30-01-2012,10,3,4,1253,526.26,5538.26,TeleShop,Electronics,Audio and video
30174945875,274318,30-01-2012,5,3,3,178,56.07,590.07,MBR,Electronics,Computers
58277929900,273829,30-01-2012,9,3,3,603,189.945,1998.945,MBR,Electronics,Cameras
24137207367,274237,30-01-2012,7,5,5,427,224.175,2359.175,Flagship store,Books,Fiction
46936478096,271348,30-01-2012,3,5,4,1001,420.42,4424.42,e-Shop,Books,Kids
18142026998,267638,30-01-2012,8,3,1,392,41.16,433.16,e-Shop,Electronics,Personal Appliances
58984656808,274492,30-01-2012,6,5,3,763,240.345,2529.345,e-Shop,Books,DIY
16521564518,269053,30-01-2012,8,3,5,922,484.05,5094.05,e-Shop,Electronics,Personal Appliances
9189050150,267432,30-01-2012,4,3,5,1183,621.075,6536.075,TeleShop,Electronics,Mens
30101481658,266904,30-01-2012,4,4,2,213,44.73,470.73,Flagship store,Bags,Mens
66200085601,268286,30-01-2012,8,3,1,571,59.955,630.955,MBR,Electronics,Personal Appliances
78340973279,274260,30-01-2012,1,1,2,630,132.3,1392.3,e-Shop,Clothing,Women
78885411937,270562,30-01-2012,10,6,4,1375,577.5,6077.5,MBR,Home and kitchen,Audio and video
80123205692,270240,30-01-2012,1,1,5,966,507.15,5337.15,MBR,Clothing,Women
89950500283,266794,30-01-2012,3,1,4,347,145.74,1533.74,e-Shop,Clothing,Kids
99396816841,274279,30-01-2012,8,3,1,1210,127.05,1337.05,MBR,Electronics,Personal Appliances
96315253560,274107,30-01-2012,10,5,1,1265,132.825,1397.825,e-Shop,Books,Audio and video
56831384096,269723,29-01-2012,12,5,3,1274,401.31,4223.31,Flagship store,Books,Academic
31475622493,269541,29-01-2012,4,3,1,637,66.885,703.885,e-Shop,Electronics,Mens
62446296347,270633,29-01-2012,4,2,4,1030,432.6,4552.6,MBR,Footwear,Mens
55126938573,267126,29-01-2012,1,2,4,1392,584.64,6152.64,Flagship store,Footwear,Women
9813377961,271769,29-01-2012,1,2,-2,-1062,223.02,-2347.02,Flagship store,Footwear,Women
55514201428,268386,29-01-2012,4,4,4,289,121.38,1277.38,MBR,Bags,Mens
6819176511,269225,28-01-2012,4,1,3,886,279.09,2937.09,e-Shop,Clothing,Mens
40709603479,272369,28-01-2012,1,2,4,92,38.64,406.64,e-Shop,Footwear,Women
30987532448,267281,28-01-2012,8,3,3,1226,386.19,4064.19,e-Shop,Electronics,Personal Appliances
411859828,271098,28-01-2012,1,4,3,545,171.675,1806.675,e-Shop,Bags,Women
38910732597,273850,28-01-2012,4,1,1,610,64.05,674.05,MBR,Clothing,Mens
17319463747,274641,28-01-2012,7,5,5,1032,541.8,5701.8,TeleShop,Books,Fiction
1478006754,271102,28-01-2012,4,1,2,1187,249.27,2623.27,TeleShop,Clothing,Mens
11870985463,274739,28-01-2012,10,3,1,889,93.345,982.345,e-Shop,Electronics,Audio and video
18107863689,267230,28-01-2012,12,6,5,259,135.975,1430.975,e-Shop,Home and kitchen,Academic
53559176393,266897,28-01-2012,1,1,3,163,51.345,540.345,e-Shop,Clothing,Women
18574806044,270911,28-01-2012,5,3,2,417,87.57,921.57,e-Shop,Electronics,Computers
41336259993,275062,28-01-2012,2,6,3,527,166.005,1747.005,e-Shop,Home and kitchen,Furnishing
49598945476,267783,28-01-2012,4,4,3,563,177.345,1866.345,MBR,Bags,Mens
35254362148,274479,28-01-2012,4,4,2,672,141.12,1485.12,Flagship store,Bags,Mens
34279869822,271682,28-01-2012,11,6,2,1024,215.04,2263.04,Flagship store,Home and kitchen,Children
68039334022,271009,28-01-2012,11,6,1,417,43.785,460.785,TeleShop,Home and kitchen,Children
95177342503,273527,28-01-2012,10,5,5,1290,677.25,7127.25,TeleShop,Books,Audio and video
97989613918,274817,28-01-2012,10,6,3,262,82.53,868.53,Flagship store,Home and kitchen,Audio and video
63110402863,270229,27-01-2012,1,2,2,353,74.13,780.13,e-Shop,Footwear,Women
22086389295,271381,27-01-2012,11,5,-4,-249,104.58,-1100.58,Flagship store,Books,Children
61857139435,274022,27-01-2012,11,5,1,1039,109.095,1148.095,e-Shop,Books,Children
31828113676,273918,27-01-2012,8,3,2,98,20.58,216.58,e-Shop,Electronics,Personal Appliances
24874541433,274982,27-01-2012,11,5,5,642,337.05,3547.05,MBR,Books,Children
64376180745,268014,27-01-2012,11,6,3,936,294.84,3102.84,MBR,Home and kitchen,Children
84535566186,267282,27-01-2012,11,5,2,998,209.58,2205.58,Flagship store,Books,Children
85483649667,274804,27-01-2012,6,5,5,760,399,4199,e-Shop,Books,DIY
96300263080,271927,27-01-2012,3,2,5,568,298.2,3138.2,e-Shop,Footwear,Kids
99287865376,271544,27-01-2012,10,5,5,556,291.9,3071.9,Flagship store,Books,Audio and video
8811276068,272471,26-01-2012,6,5,1,968,101.64,1069.64,e-Shop,Books,DIY
10309256775,273414,26-01-2012,9,3,3,820,258.3,2718.3,e-Shop,Electronics,Cameras
63055910244,269726,26-01-2012,1,1,1,685,71.925,756.925,Flagship store,Clothing,Women
1125938185,274199,26-01-2012,10,5,2,1324,278.04,2926.04,MBR,Books,Audio and video
21687625999,275092,26-01-2012,4,1,4,623,261.66,2753.66,e-Shop,Clothing,Mens
8566428285,274122,26-01-2012,1,2,1,805,84.525,889.525,Flagship store,Footwear,Women
24799035243,269862,26-01-2012,3,2,2,176,36.96,388.96,e-Shop,Footwear,Kids
55182288585,268166,26-01-2012,12,6,3,916,288.54,3036.54,MBR,Home and kitchen,Academic
15083176763,274477,26-01-2012,5,3,3,428,134.82,1418.82,e-Shop,Electronics,Computers
52019729037,272110,26-01-2012,7,5,4,703,295.26,3107.26,e-Shop,Books,Fiction
68242264511,271213,26-01-2012,12,5,2,1099,230.79,2428.79,MBR,Books,Academic
70613951636,271512,26-01-2012,5,3,2,385,80.85,850.85,TeleShop,Electronics,Computers
92224378709,274493,26-01-2012,3,1,3,333,104.895,1103.895,e-Shop,Clothing,Kids
78000905822,266883,26-01-2012,6,5,3,546,171.99,1809.99,e-Shop,Books,DIY
86665955585,270123,26-01-2012,12,5,1,940,98.7,1038.7,e-Shop,Books,Academic
80404484260,273662,26-01-2012,4,4,5,1373,720.825,7585.825,TeleShop,Bags,Mens
5167271070,271375,25-01-2012,9,3,-2,-1426,299.46,-3151.46,TeleShop,Electronics,Cameras
44377005045,271187,25-01-2012,6,5,4,930,390.6,4110.6,e-Shop,Books,DIY
7164707032,268920,25-01-2012,7,5,5,1277,670.425,7055.425,e-Shop,Books,Fiction
28754514510,267714,25-01-2012,12,5,1,559,58.695,617.695,Flagship store,Books,Academic
54499307667,274952,25-01-2012,3,2,3,1474,464.31,4886.31,e-Shop,Footwear,Kids
32044077200,273544,25-01-2012,4,1,5,511,268.275,2823.275,e-Shop,Clothing,Mens
45937986954,272649,25-01-2012,7,5,-2,-176,36.96,-388.96,TeleShop,Books,Fiction
3315411227,271447,25-01-2012,8,3,4,509,213.78,2249.78,e-Shop,Electronics,Personal Appliances
21735796302,267251,25-01-2012,10,3,2,121,25.41,267.41,e-Shop,Electronics,Audio and video
51185907328,270743,25-01-2012,5,3,4,576,241.92,2545.92,Flagship store,Electronics,Computers
30723091621,269236,25-01-2012,10,3,3,1491,469.665,4942.665,e-Shop,Electronics,Audio and video
39627669755,270326,25-01-2012,8,3,5,390,204.75,2154.75,MBR,Electronics,Personal Appliances
19486717855,268430,25-01-2012,9,3,-1,-610,64.05,-674.05,e-Shop,Electronics,Cameras
54044193503,272327,25-01-2012,11,6,1,316,33.18,349.18,TeleShop,Home and kitchen,Children
2246685898,273139,25-01-2012,1,1,-4,-724,304.08,-3200.08,e-Shop,Clothing,Women
21048461828,268807,25-01-2012,1,2,1,521,54.705,575.705,MBR,Footwear,Women
18279130919,266822,25-01-2012,1,4,5,600,315,3315,Flagship store,Bags,Women
81802961273,273181,25-01-2012,3,5,2,695,145.95,1535.95,TeleShop,Books,Kids
89966485820,270857,25-01-2012,12,5,4,1310,550.2,5790.2,MBR,Books,Academic
75604143661,267279,25-01-2012,3,1,4,109,45.78,481.78,e-Shop,Clothing,Kids
86681260362,272387,25-01-2012,11,6,4,850,357,3757,TeleShop,Home and kitchen,Children
71374241219,272352,25-01-2012,2,6,4,171,71.82,755.82,Flagship store,Home and kitchen,Furnishing
85971101016,267356,25-01-2012,12,5,1,1347,141.435,1488.435,TeleShop,Books,Academic
23854319889,274468,24-01-2012,3,5,1,964,101.22,1065.22,MBR,Books,Kids
2246685898,273139,24-01-2012,1,1,4,724,304.08,3200.08,e-Shop,Clothing,Women
1610303308,268922,24-01-2012,8,3,5,288,151.2,1591.2,e-Shop,Electronics,Personal Appliances
5408542308,273454,24-01-2012,5,3,1,636,66.78,702.78,e-Shop,Electronics,Computers
43560642532,268938,24-01-2012,10,3,3,1101,346.815,3649.815,MBR,Electronics,Audio and video
48862137007,274099,24-01-2012,7,5,3,712,224.28,2360.28,TeleShop,Books,Fiction
9650476751,274325,24-01-2012,10,5,4,811,340.62,3584.62,TeleShop,Books,Audio and video
71418639753,270585,24-01-2012,7,5,1,355,37.275,392.275,TeleShop,Books,Fiction
93762832192,269190,24-01-2012,3,2,2,1490,312.9,3292.9,MBR,Footwear,Kids
88711939486,271764,24-01-2012,11,5,4,499,209.58,2205.58,Flagship store,Books,Children
68033148936,268773,24-01-2012,7,5,1,827,86.835,913.835,e-Shop,Books,Fiction
62129939277,273351,23-01-2012,4,2,1,173,18.165,191.165,e-Shop,Footwear,Mens
7355986786,270849,23-01-2012,1,1,3,1139,358.785,3775.785,MBR,Clothing,Women
53740051681,271059,23-01-2012,10,6,1,543,57.015,600.015,e-Shop,Home and kitchen,Audio and video
44276240255,272059,23-01-2012,4,1,2,1068,224.28,2360.28,MBR,Clothing,Mens
18053678124,272808,23-01-2012,1,4,3,371,116.865,1229.865,e-Shop,Bags,Women
48088667588,271666,23-01-2012,4,1,4,161,67.62,711.62,MBR,Clothing,Mens
12899356468,270540,23-01-2012,1,2,3,793,249.795,2628.795,e-Shop,Footwear,Women
59930797520,272228,23-01-2012,4,1,5,253,132.825,1397.825,e-Shop,Clothing,Mens
7325089496,270912,23-01-2012,7,5,3,390,122.85,1292.85,e-Shop,Books,Fiction
38704044406,271993,23-01-2012,7,5,1,680,71.4,751.4,e-Shop,Books,Fiction
14715233388,268228,23-01-2012,2,6,-1,-464,48.72,-512.72,e-Shop,Home and kitchen,Furnishing
27139817149,273094,23-01-2012,1,4,3,143,45.045,474.045,TeleShop,Bags,Women
80115947081,267669,23-01-2012,11,5,3,1134,357.21,3759.21,MBR,Books,Children
68624354842,269677,23-01-2012,3,2,-3,-1025,322.875,-3397.875,TeleShop,Footwear,Kids
80339042702,268131,23-01-2012,1,4,4,343,144.06,1516.06,e-Shop,Bags,Women
84435506679,273330,23-01-2012,1,2,1,375,39.375,414.375,e-Shop,Footwear,Women
12576964305,274269,22-01-2012,4,3,1,173,18.165,191.165,Flagship store,Electronics,Mens
6541956678,267425,22-01-2012,2,6,5,981,515.025,5420.025,Flagship store,Home and kitchen,Furnishing
18604857518,274192,22-01-2012,1,4,4,979,411.18,4327.18,e-Shop,Bags,Women
27062380763,272517,22-01-2012,4,1,4,991,416.22,4380.22,e-Shop,Clothing,Mens
42101579005,270272,22-01-2012,8,3,2,1047,219.87,2313.87,TeleShop,Electronics,Personal Appliances
27730710803,272739,22-01-2012,10,5,3,1248,393.12,4137.12,TeleShop,Books,Audio and video
58490117115,270714,22-01-2012,8,3,2,505,106.05,1116.05,e-Shop,Electronics,Personal Appliances
26632524761,271092,22-01-2012,8,3,4,1052,441.84,4649.84,e-Shop,Electronics,Personal Appliances
54510798291,270356,22-01-2012,2,6,5,1162,610.05,6420.05,e-Shop,Home and kitchen,Furnishing
38625016554,275208,22-01-2012,11,6,3,425,133.875,1408.875,e-Shop,Home and kitchen,Children
23452397630,274507,22-01-2012,11,5,5,1424,747.6,7867.6,e-Shop,Books,Children
40803908141,267662,22-01-2012,9,3,4,1437,603.54,6351.54,e-Shop,Electronics,Cameras
21550170666,273092,22-01-2012,9,3,3,1252,394.38,4150.38,e-Shop,Electronics,Cameras
23932060656,270396,22-01-2012,3,2,1,1493,156.765,1649.765,TeleShop,Footwear,Kids
14172731511,273103,22-01-2012,4,3,5,777,407.925,4292.925,e-Shop,Electronics,Mens
29390050899,270262,22-01-2012,7,5,1,888,93.24,981.24,e-Shop,Books,Fiction
25633845445,268044,22-01-2012,3,1,2,1183,248.43,2614.43,MBR,Clothing,Kids
52476908287,272404,22-01-2012,3,2,-1,-139,14.595,-153.595,e-Shop,Footwear,Kids
94892976570,270831,22-01-2012,7,5,5,1257,659.925,6944.925,TeleShop,Books,Fiction
83066776839,272528,22-01-2012,10,6,2,889,186.69,1964.69,e-Shop,Home and kitchen,Audio and video
80016165025,268977,22-01-2012,4,2,4,208,87.36,919.36,e-Shop,Footwear,Mens
89162436751,273716,22-01-2012,3,1,2,1309,274.89,2892.89,e-Shop,Clothing,Kids
80757233287,271712,22-01-2012,1,1,4,582,244.44,2572.44,TeleShop,Clothing,Women
73147016486,274716,22-01-2012,2,6,1,1479,155.295,1634.295,TeleShop,Home and kitchen,Furnishing
83752589794,267192,22-01-2012,9,3,-5,-618,324.45,-3414.45,Flagship store,Electronics,Cameras
73862355118,269683,22-01-2012,5,3,1,665,69.825,734.825,TeleShop,Electronics,Computers
68462171177,273517,22-01-2012,3,2,5,418,219.45,2309.45,Flagship store,Footwear,Kids
29526018087,274358,21-01-2012,10,6,4,1369,574.98,6050.98,Flagship store,Home and kitchen,Audio and video
4617704344,271808,21-01-2012,10,6,2,153,32.13,338.13,TeleShop,Home and kitchen,Audio and video
25379864925,271492,21-01-2012,2,6,3,86,27.09,285.09,e-Shop,Home and kitchen,Furnishing
277893283,267814,21-01-2012,1,4,4,1407,590.94,6218.94,e-Shop,Bags,Women
384855489,270051,21-01-2012,4,3,3,239,75.285,792.285,MBR,Electronics,Mens
50388353833,274802,21-01-2012,10,5,4,374,157.08,1653.08,Flagship store,Books,Audio and video
48777169316,273625,21-01-2012,3,5,1,847,88.935,935.935,e-Shop,Books,Kids
6968128381,269088,21-01-2012,4,3,3,876,275.94,2903.94,e-Shop,Electronics,Mens
51041288065,273346,21-01-2012,4,2,2,1247,261.87,2755.87,e-Shop,Footwear,Mens
11548837087,270783,21-01-2012,10,5,1,815,85.575,900.575,e-Shop,Books,Audio and video
23156168813,272720,21-01-2012,3,1,2,1170,245.7,2585.7,Flagship store,Clothing,Kids
54532859712,274147,21-01-2012,1,2,5,745,391.125,4116.125,e-Shop,Footwear,Women
5167271070,271375,21-01-2012,9,3,2,1426,299.46,3151.46,TeleShop,Electronics,Cameras
2185486714,269953,21-01-2012,3,5,5,847,444.675,4679.675,MBR,Books,Kids
14191855155,269243,21-01-2012,10,3,2,916,192.36,2024.36,e-Shop,Electronics,Audio and video
86358620689,274956,21-01-2012,10,5,2,1457,305.97,3219.97,Flagship store,Books,Audio and video
68624354842,269677,21-01-2012,3,2,3,1025,322.875,3397.875,TeleShop,Footwear,Kids
69625145896,269228,21-01-2012,12,6,1,317,33.285,350.285,e-Shop,Home and kitchen,Academic
86678006850,273266,21-01-2012,4,4,-5,-887,465.675,-4900.675,e-Shop,Bags,Mens
69134152355,272639,21-01-2012,7,5,2,961,201.81,2123.81,e-Shop,Books,Fiction
93292127618,273395,21-01-2012,4,1,-2,-728,152.88,-1608.88,TeleShop,Clothing,Mens
62617470481,266972,20-01-2012,9,3,2,1377,289.17,3043.17,Flagship store,Electronics,Cameras
44442547666,271593,20-01-2012,10,3,1,1471,154.455,1625.455,e-Shop,Electronics,Audio and video
19550572413,271911,20-01-2012,10,5,1,236,24.78,260.78,TeleShop,Books,Audio and video
21682510318,273446,20-01-2012,7,5,1,1345,141.225,1486.225,MBR,Books,Fiction
27696601838,271274,20-01-2012,2,6,4,258,108.36,1140.36,Flagship store,Home and kitchen,Furnishing
13394800426,273703,20-01-2012,7,5,-5,-1251,656.775,-6911.775,Flagship store,Books,Fiction
55120579182,270716,20-01-2012,7,5,4,298,125.16,1317.16,Flagship store,Books,Fiction
54967829468,273679,20-01-2012,11,5,2,141,29.61,311.61,Flagship store,Books,Children
35806050204,272973,20-01-2012,10,5,2,1271,266.91,2808.91,e-Shop,Books,Audio and video
37522595907,270924,20-01-2012,12,6,1,86,9.03,95.03,Flagship store,Home and kitchen,Academic
39562349201,268284,20-01-2012,10,5,1,1463,153.615,1616.615,Flagship store,Books,Audio and video
29309570476,274247,20-01-2012,4,1,1,1138,119.49,1257.49,MBR,Clothing,Mens
23010476467,270053,20-01-2012,12,6,1,350,36.75,386.75,TeleShop,Home and kitchen,Academic
8276435277,266945,20-01-2012,4,2,4,275,115.5,1215.5,e-Shop,Footwear,Mens
6540719417,273181,20-01-2012,11,5,3,1047,329.805,3470.805,MBR,Books,Children
17215993973,271972,20-01-2012,3,5,3,588,185.22,1949.22,Flagship store,Books,Kids
5436292082,273764,20-01-2012,2,6,3,247,77.805,818.805,e-Shop,Home and kitchen,Furnishing
4568971851,271108,20-01-2012,4,3,3,1061,334.215,3517.215,Flagship store,Electronics,Mens
17827545266,271589,20-01-2012,10,3,2,1201,252.21,2654.21,Flagship store,Electronics,Audio and video
33974773505,271499,20-01-2012,10,6,1,254,26.67,280.67,e-Shop,Home and kitchen,Audio and video
57213052615,267825,20-01-2012,4,1,1,951,99.855,1050.855,Flagship store,Clothing,Mens
8450787281,270796,20-01-2012,4,3,4,359,150.78,1586.78,Flagship store,Electronics,Mens
99967775192,266852,20-01-2012,2,6,2,539,113.19,1191.19,Flagship store,Home and kitchen,Furnishing
70108304601,271838,20-01-2012,9,3,3,633,199.395,2098.395,Flagship store,Electronics,Cameras
78887215117,274833,20-01-2012,12,6,1,646,67.83,713.83,TeleShop,Home and kitchen,Academic
82362804856,270181,20-01-2012,2,6,-4,-521,218.82,-2302.82,e-Shop,Home and kitchen,Furnishing
86419090570,268078,20-01-2012,7,5,2,320,67.2,707.2,e-Shop,Books,Fiction
35996971779,273341,19-01-2012,3,5,1,1219,127.995,1346.995,MBR,Books,Kids
48966662533,271188,19-01-2012,4,4,1,364,38.22,402.22,e-Shop,Bags,Mens
33925633801,271813,19-01-2012,6,5,4,1118,469.56,4941.56,TeleShop,Books,DIY
45904734792,272514,19-01-2012,11,5,1,648,68.04,716.04,e-Shop,Books,Children
7931844402,272573,19-01-2012,4,1,5,1139,597.975,6292.975,Flagship store,Clothing,Mens
34570581963,267697,19-01-2012,8,3,3,261,82.215,865.215,TeleShop,Electronics,Personal Appliances
3068581916,270457,19-01-2012,3,2,3,1164,366.66,3858.66,MBR,Footwear,Kids
31468758814,274925,19-01-2012,10,3,4,1426,598.92,6302.92,TeleShop,Electronics,Audio and video
5689016852,271144,19-01-2012,8,3,4,375,157.5,1657.5,MBR,Electronics,Personal Appliances
43706184527,267840,19-01-2012,4,4,2,687,144.27,1518.27,TeleShop,Bags,Mens
26136102335,270985,19-01-2012,9,3,1,127,13.335,140.335,MBR,Electronics,Cameras
9813377961,271769,19-01-2012,1,2,2,1062,223.02,2347.02,Flagship store,Footwear,Women
38256699296,269767,19-01-2012,4,4,4,1433,601.86,6333.86,e-Shop,Bags,Mens
45248494255,271047,19-01-2012,1,1,3,909,286.335,3013.335,MBR,Clothing,Women
44799334433,271959,19-01-2012,1,1,2,1194,250.74,2638.74,Flagship store,Clothing,Women
73999593726,267783,19-01-2012,5,3,3,328,103.32,1087.32,e-Shop,Electronics,Computers
99329743085,271703,19-01-2012,4,2,5,362,190.05,2000.05,e-Shop,Footwear,Mens
67680838621,270257,19-01-2012,11,5,5,100,52.5,552.5,e-Shop,Books,Children
65166771814,274923,19-01-2012,3,2,4,1252,525.84,5533.84,MBR,Footwear,Kids
76274091571,267537,19-01-2012,3,1,3,553,174.195,1833.195,Flagship store,Clothing,Kids
92935558964,268884,19-01-2012,6,5,2,342,71.82,755.82,e-Shop,Books,DIY
2701488108,268464,18-01-2012,3,1,3,1277,402.255,4233.255,e-Shop,Clothing,Kids
61797142288,273849,18-01-2012,1,2,5,1318,691.95,7281.95,TeleShop,Footwear,Women
48078995695,267486,18-01-2012,4,4,2,1264,265.44,2793.44,TeleShop,Bags,Mens
62003592719,274273,18-01-2012,4,1,-3,-797,251.055,-2642.055,TeleShop,Clothing,Mens
51379166611,273308,18-01-2012,4,2,1,169,17.745,186.745,e-Shop,Footwear,Mens
54442015012,267163,18-01-2012,12,5,3,1313,413.595,4352.595,Flagship store,Books,Academic
45937986954,272649,18-01-2012,7,5,2,176,36.96,388.96,TeleShop,Books,Fiction
53750330366,269912,18-01-2012,7,5,5,1233,647.325,6812.325,e-Shop,Books,Fiction
54207987835,273162,18-01-2012,12,6,5,886,465.15,4895.15,MBR,Home and kitchen,Academic
4334078897,268598,18-01-2012,10,6,-2,-1042,218.82,-2302.82,Flagship store,Home and kitchen,Audio and video
19486717855,268430,18-01-2012,9,3,1,610,64.05,674.05,e-Shop,Electronics,Cameras
89582796404,270459,18-01-2012,4,1,4,535,224.7,2364.7,Flagship store,Clothing,Mens
82362804856,270181,18-01-2012,2,6,4,521,218.82,2302.82,e-Shop,Home and kitchen,Furnishing
78518789721,271337,18-01-2012,7,5,1,1151,120.855,1271.855,Flagship store,Books,Fiction
77484068979,269376,18-01-2012,12,5,3,479,150.885,1587.885,MBR,Books,Academic
81809743723,271004,18-01-2012,4,3,-5,-876,459.9,-4839.9,Flagship store,Electronics,Mens
30360581700,267466,17-01-2012,10,3,2,1023,214.83,2260.83,TeleShop,Electronics,Audio and video
15204131658,273728,17-01-2012,9,3,2,500,105,1105,MBR,Electronics,Cameras
12801641730,272679,17-01-2012,3,1,-2,-1037,217.77,-2291.77,MBR,Clothing,Kids
45889242223,273112,17-01-2012,11,6,3,705,222.075,2337.075,MBR,Home and kitchen,Children
22148312428,269147,17-01-2012,3,1,1,605,63.525,668.525,e-Shop,Clothing,Kids
34694014374,270281,17-01-2012,3,1,2,781,164.01,1726.01,Flagship store,Clothing,Kids
49540977498,266817,17-01-2012,8,3,3,286,90.09,948.09,TeleShop,Electronics,Personal Appliances
22086389295,271381,17-01-2012,11,5,4,249,104.58,1100.58,Flagship store,Books,Children
43024148515,270945,17-01-2012,11,5,4,453,190.26,2002.26,TeleShop,Books,Children
10324763744,271168,17-01-2012,10,6,2,1495,313.95,3303.95,MBR,Home and kitchen,Audio and video
48112860444,267331,17-01-2012,4,4,2,746,156.66,1648.66,e-Shop,Bags,Mens
31932711420,268634,17-01-2012,3,1,3,460,144.9,1524.9,e-Shop,Clothing,Kids
62334650384,266821,17-01-2012,3,1,2,200,42,442,MBR,Clothing,Kids
28311886713,270560,17-01-2012,4,2,3,399,125.685,1322.685,MBR,Footwear,Mens
96213524776,275250,17-01-2012,1,2,3,259,81.585,858.585,e-Shop,Footwear,Women
74535080437,272773,17-01-2012,5,3,3,101,31.815,334.815,e-Shop,Electronics,Computers
95371383877,272183,17-01-2012,10,3,4,353,148.26,1560.26,MBR,Electronics,Audio and video
84247004663,272388,17-01-2012,8,3,4,359,150.78,1586.78,e-Shop,Electronics,Personal Appliances
91081626298,271452,17-01-2012,6,5,1,402,42.21,444.21,TeleShop,Books,DIY
87905633223,269253,17-01-2012,1,2,-4,-490,205.8,-2165.8,MBR,Footwear,Women
61717883216,267752,16-01-2012,4,1,4,631,265.02,2789.02,e-Shop,Clothing,Mens
18629385,273648,16-01-2012,12,6,3,1174,369.81,3891.81,e-Shop,Home and kitchen,Academic
53067677706,273924,16-01-2012,11,5,3,1042,328.23,3454.23,e-Shop,Books,Children
15956147487,274058,16-01-2012,10,5,1,79,8.295,87.295,e-Shop,Books,Audio and video
47124007282,268369,16-01-2012,4,2,2,1304,273.84,2881.84,Flagship store,Footwear,Mens
27921871916,269999,16-01-2012,4,2,3,1198,377.37,3971.37,MBR,Footwear,Mens
7309085367,267157,16-01-2012,10,5,1,976,102.48,1078.48,TeleShop,Books,Audio and video
34666890665,275037,16-01-2012,11,6,5,869,456.225,4801.225,e-Shop,Home and kitchen,Children
42698062558,272467,16-01-2012,2,6,2,1085,227.85,2397.85,e-Shop,Home and kitchen,Furnishing
26715623460,271293,16-01-2012,10,5,4,624,262.08,2758.08,MBR,Books,Audio and video
51498775772,269911,16-01-2012,3,1,4,1096,460.32,4844.32,TeleShop,Clothing,Kids
12874035674,274902,16-01-2012,12,6,1,900,94.5,994.5,TeleShop,Home and kitchen,Academic
17296123866,268592,16-01-2012,10,6,3,230,72.45,762.45,e-Shop,Home and kitchen,Audio and video
15402724278,274461,16-01-2012,3,5,2,430,90.3,950.3,MBR,Books,Kids
42103317625,274885,16-01-2012,12,5,4,1440,604.8,6364.8,Flagship store,Books,Academic
72150045625,270432,16-01-2012,11,5,-4,-118,49.56,-521.56,e-Shop,Books,Children
97074789356,273900,16-01-2012,7,5,5,380,199.5,2099.5,e-Shop,Books,Fiction
81705577248,272017,16-01-2012,10,3,3,894,281.61,2963.61,TeleShop,Electronics,Audio and video
98931106892,271969,16-01-2012,4,2,4,312,131.04,1379.04,MBR,Footwear,Mens
93292127618,273395,16-01-2012,4,1,2,728,152.88,1608.88,TeleShop,Clothing,Mens
91620608266,274757,16-01-2012,10,6,5,615,322.875,3397.875,MBR,Home and kitchen,Audio and video
71814058675,272331,16-01-2012,3,2,1,836,87.78,923.78,TeleShop,Footwear,Kids
81809743723,271004,16-01-2012,4,3,5,876,459.9,4839.9,Flagship store,Electronics,Mens
14715233388,268228,15-01-2012,2,6,1,464,48.72,512.72,e-Shop,Home and kitchen,Furnishing
50491500402,269805,15-01-2012,1,2,2,642,134.82,1418.82,TeleShop,Footwear,Women
46006735862,270492,15-01-2012,10,5,4,933,391.86,4123.86,e-Shop,Books,Audio and video
33136456840,273631,15-01-2012,4,1,4,633,265.86,2797.86,MBR,Clothing,Mens
61476307012,267169,15-01-2012,10,5,5,180,94.5,994.5,TeleShop,Books,Audio and video
17046241222,271275,15-01-2012,4,1,3,1290,406.35,4276.35,MBR,Clothing,Mens
29649051532,272336,15-01-2012,1,4,3,173,54.495,573.495,TeleShop,Bags,Women
48632430359,267361,15-01-2012,8,3,1,311,32.655,343.655,MBR,Electronics,Personal Appliances
9376364505,268363,15-01-2012,12,6,2,1310,275.1,2895.1,Flagship store,Home and kitchen,Academic
69574120701,271975,15-01-2012,4,3,2,1417,297.57,3131.57,e-Shop,Electronics,Mens
90492606638,272174,15-01-2012,3,2,5,790,414.75,4364.75,Flagship store,Footwear,Kids
64331900210,274109,15-01-2012,8,3,-1,-122,12.81,-134.81,e-Shop,Electronics,Personal Appliances
76877912464,272306,15-01-2012,3,2,5,149,78.225,823.225,e-Shop,Footwear,Kids
98881343312,272606,15-01-2012,11,6,4,765,321.3,3381.3,Flagship store,Home and kitchen,Children
73703591347,273510,15-01-2012,9,3,2,438,91.98,967.98,e-Shop,Electronics,Cameras
86415102573,269079,15-01-2012,9,3,1,606,63.63,669.63,Flagship store,Electronics,Cameras
69429404454,269968,15-01-2012,5,3,2,433,90.93,956.93,TeleShop,Electronics,Computers
81569091799,274786,15-01-2012,2,6,5,1004,527.1,5547.1,e-Shop,Home and kitchen,Furnishing
70103155823,269124,15-01-2012,4,4,2,986,207.06,2179.06,TeleShop,Bags,Mens
73752690835,268512,15-01-2012,10,5,3,669,210.735,2217.735,MBR,Books,Audio and video
63959999559,274756,15-01-2012,12,5,1,485,50.925,535.925,MBR,Books,Academic
35447997109,273505,14-01-2012,1,1,2,955,200.55,2110.55,e-Shop,Clothing,Women
4528194198,267551,14-01-2012,3,1,2,1017,213.57,2247.57,MBR,Clothing,Kids
35125614697,267538,14-01-2012,10,6,1,1161,121.905,1282.905,Flagship store,Home and kitchen,Audio and video
55484573733,273213,14-01-2012,6,5,1,332,34.86,366.86,Flagship store,Books,DIY
48359964795,269691,14-01-2012,2,6,4,641,269.22,2833.22,e-Shop,Home and kitchen,Furnishing
61351239940,267915,14-01-2012,3,5,4,996,418.32,4402.32,e-Shop,Books,Kids
6737266706,273160,14-01-2012,3,1,3,1217,383.355,4034.355,MBR,Clothing,Kids
12229279081,267747,14-01-2012,10,5,5,268,140.7,1480.7,TeleShop,Books,Audio and video
8906269309,275150,14-01-2012,4,2,5,1212,636.3,6696.3,e-Shop,Footwear,Mens
27918790471,272915,14-01-2012,6,5,-2,-1449,304.29,-3202.29,e-Shop,Books,DIY
6341641921,271131,14-01-2012,7,5,1,1213,127.365,1340.365,MBR,Books,Fiction
58885443790,274060,14-01-2012,5,3,5,991,520.275,5475.275,TeleShop,Electronics,Computers
61521783537,271292,14-01-2012,1,2,4,428,179.76,1891.76,e-Shop,Footwear,Women
20267504141,269297,14-01-2012,8,3,2,566,118.86,1250.86,TeleShop,Electronics,Personal Appliances
62655067068,267782,14-01-2012,5,3,1,405,42.525,447.525,Flagship store,Electronics,Computers
93214772987,272801,14-01-2012,2,6,3,826,260.19,2738.19,e-Shop,Home and kitchen,Furnishing
97093985509,269591,14-01-2012,12,5,4,651,273.42,2877.42,e-Shop,Books,Academic
64520247260,274923,14-01-2012,11,6,-5,-185,97.125,-1022.125,TeleShop,Home and kitchen,Children
66071996592,270525,14-01-2012,4,2,2,372,78.12,822.12,Flagship store,Footwear,Mens
86729995329,268670,14-01-2012,5,3,-3,-311,97.965,-1030.965,Flagship store,Electronics,Computers
87891786332,274984,14-01-2012,1,2,2,1266,265.86,2797.86,e-Shop,Footwear,Women
91037485311,274331,14-01-2012,4,1,4,1107,464.94,4892.94,e-Shop,Clothing,Mens
73064141632,274900,14-01-2012,5,3,3,932,293.58,3089.58,Flagship store,Electronics,Computers
15689798429,273804,13-01-2012,8,3,5,424,222.6,2342.6,MBR,Electronics,Personal Appliances
8391750837,268436,13-01-2012,1,2,4,1255,527.1,5547.1,e-Shop,Footwear,Women
42665891526,275123,13-01-2012,11,5,-2,-1254,263.34,-2771.34,e-Shop,Books,Children
19436858239,270229,13-01-2012,11,5,3,1187,373.905,3934.905,e-Shop,Books,Children
35139439601,274650,13-01-2012,4,2,-3,-1287,405.405,-4266.405,e-Shop,Footwear,Mens
57550919410,269520,13-01-2012,12,5,5,1416,743.4,7823.4,Flagship store,Books,Academic
50686048209,268644,13-01-2012,12,6,1,1281,134.505,1415.505,Flagship store,Home and kitchen,Academic
58898996251,266833,13-01-2012,10,5,2,882,185.22,1949.22,Flagship store,Books,Audio and video
13394800426,273703,13-01-2012,7,5,5,1251,656.775,6911.775,Flagship store,Books,Fiction
52476908287,272404,13-01-2012,3,2,1,139,14.595,153.595,e-Shop,Footwear,Kids
62380816406,271374,13-01-2012,4,2,3,793,249.795,2628.795,Flagship store,Footwear,Mens
10075613117,269225,13-01-2012,9,3,4,793,333.06,3505.06,TeleShop,Electronics,Cameras
21629896641,267380,13-01-2012,4,1,1,1077,113.085,1190.085,TeleShop,Clothing,Mens
8207662457,273389,13-01-2012,3,1,-5,-735,385.875,-4060.875,MBR,Clothing,Kids
45919126226,270884,13-01-2012,7,5,5,1115,585.375,6160.375,MBR,Books,Fiction
74654802921,273167,13-01-2012,11,6,3,1227,386.505,4067.505,TeleShop,Home and kitchen,Children
65713298700,268826,13-01-2012,11,6,4,260,109.2,1149.2,e-Shop,Home and kitchen,Children
94871429666,267892,13-01-2012,10,5,4,409,171.78,1807.78,e-Shop,Books,Audio and video
82647808441,269118,13-01-2012,10,3,1,213,22.365,235.365,Flagship store,Electronics,Audio and video
75361430923,274459,13-01-2012,9,3,5,1160,609,6409,Flagship store,Electronics,Cameras
15256911846,273399,12/1/2012,3,2,3,723,227.745,2396.745,e-Shop,Footwear,Kids
51364336143,268657,12/1/2012,3,5,2,963,202.23,2128.23,Flagship store,Books,Kids
41734245291,267907,12/1/2012,11,6,5,210,110.25,1160.25,e-Shop,Home and kitchen,Children
52001260304,272721,12/1/2012,1,2,2,967,203.07,2137.07,e-Shop,Footwear,Women
29923421973,271729,12/1/2012,3,5,3,339,106.785,1123.785,TeleShop,Books,Kids
44590936010,271598,12/1/2012,11,5,1,804,84.42,888.42,e-Shop,Books,Children
42028036693,270096,12/1/2012,11,5,4,997,418.74,4406.74,TeleShop,Books,Children
4073110543,269303,12/1/2012,11,6,1,479,50.295,529.295,TeleShop,Home and kitchen,Children
59463093234,267719,12/1/2012,9,3,-3,-730,229.95,-2419.95,e-Shop,Electronics,Cameras
63645645729,270861,12/1/2012,5,3,5,1400,735,7735,MBR,Electronics,Computers
95571894501,270703,12/1/2012,3,5,1,487,51.135,538.135,MBR,Books,Kids
63706988900,266885,12/1/2012,4,1,2,279,58.59,616.59,TeleShop,Clothing,Mens
91259485019,270653,12/1/2012,3,1,3,283,89.145,938.145,e-Shop,Clothing,Kids
64528964565,271160,12/1/2012,10,6,-5,-556,291.9,-3071.9,MBR,Home and kitchen,Audio and video
64331900210,274109,12/1/2012,8,3,1,122,12.81,134.81,e-Shop,Electronics,Personal Appliances
95365120023,267667,12/1/2012,10,5,2,481,101.01,1063.01,MBR,Books,Audio and video
74549099008,273192,12/1/2012,4,4,5,73,38.325,403.325,MBR,Bags,Mens
78099756434,269891,12/1/2012,3,5,2,330,69.3,729.3,Flagship store,Books,Kids
74095095089,272853,12/1/2012,10,5,1,1012,106.26,1118.26,e-Shop,Books,Audio and video
83752589794,267192,12/1/2012,9,3,5,618,324.45,3414.45,Flagship store,Electronics,Cameras
64520247260,274923,12/1/2012,11,6,5,185,97.125,1022.125,TeleShop,Home and kitchen,Children
68896042090,270623,12/1/2012,2,6,4,954,400.68,4216.68,TeleShop,Home and kitchen,Furnishing
92228679288,271216,12/1/2012,12,5,-5,-315,165.375,-1740.375,MBR,Books,Academic
72489925974,268424,12/1/2012,4,4,-5,-1409,739.725,-7784.725,TeleShop,Bags,Mens
97575628762,272907,12/1/2012,4,3,5,771,404.775,4259.775,TeleShop,Electronics,Mens
82522419037,274479,12/1/2012,2,6,-4,-1294,543.48,-5719.48,TeleShop,Home and kitchen,Furnishing
37501810597,272373,11/1/2012,12,6,5,73,38.325,403.325,Flagship store,Home and kitchen,Academic
51999380556,272337,11/1/2012,11,5,2,741,155.61,1637.61,e-Shop,Books,Children
49176625218,273404,11/1/2012,4,1,-4,-193,81.06,-853.06,Flagship store,Clothing,Mens
56749259881,267199,11/1/2012,7,5,4,1049,440.58,4636.58,MBR,Books,Fiction
17222282159,272080,11/1/2012,3,1,5,997,523.425,5508.425,MBR,Clothing,Kids
32534484656,272149,11/1/2012,12,5,5,109,57.225,602.225,TeleShop,Books,Academic
41184971136,267745,11/1/2012,8,3,3,246,77.49,815.49,e-Shop,Electronics,Personal Appliances
36374366526,273217,11/1/2012,1,4,5,95,49.875,524.875,e-Shop,Bags,Women
48956617854,268150,11/1/2012,8,3,4,449,188.58,1984.58,Flagship store,Electronics,Personal Appliances
4057076788,272784,11/1/2012,10,5,5,1232,646.8,6806.8,TeleShop,Books,Audio and video
38832865340,274270,11/1/2012,11,5,1,560,58.8,618.8,e-Shop,Books,Children
11681757460,274512,11/1/2012,10,6,1,439,46.095,485.095,TeleShop,Home and kitchen,Audio and video
54251734010,268335,11/1/2012,7,5,1,299,31.395,330.395,TeleShop,Books,Fiction
9774591500,267831,11/1/2012,10,6,2,904,189.84,1997.84,Flagship store,Home and kitchen,Audio and video
56403680091,274641,11/1/2012,11,6,5,1078,565.95,5955.95,MBR,Home and kitchen,Children
73902947156,270367,11/1/2012,6,5,4,424,178.08,1874.08,e-Shop,Books,DIY
87905633223,269253,11/1/2012,1,2,4,490,205.8,2165.8,MBR,Footwear,Women
87899767395,270511,11/1/2012,7,5,3,420,132.3,1392.3,e-Shop,Books,Fiction
86678006850,273266,11/1/2012,4,4,5,887,465.675,4900.675,e-Shop,Bags,Mens
76375762396,269140,11/1/2012,10,6,3,827,260.505,2741.505,TeleShop,Home and kitchen,Audio and video
62537102818,268018,10/1/2012,4,1,4,1340,562.8,5922.8,MBR,Clothing,Mens
42665891526,275123,10/1/2012,11,5,2,1254,263.34,2771.34,e-Shop,Books,Children
45821568920,267499,10/1/2012,4,1,1,1005,105.525,1110.525,Flagship store,Clothing,Mens
54483051206,274217,10/1/2012,9,3,4,553,232.26,2444.26,e-Shop,Electronics,Cameras
15688817187,273237,10/1/2012,12,5,5,947,497.175,5232.175,MBR,Books,Academic
22738074995,269585,10/1/2012,4,3,5,609,319.725,3364.725,e-Shop,Electronics,Mens
12801641730,272679,10/1/2012,3,1,2,1037,217.77,2291.77,MBR,Clothing,Kids
3568311566,270584,10/1/2012,3,2,1,1191,125.055,1316.055,Flagship store,Footwear,Kids
48215976647,273319,10/1/2012,11,5,4,1257,527.94,5555.94,Flagship store,Books,Children
23178162143,269106,10/1/2012,3,2,3,925,291.375,3066.375,Flagship store,Footwear,Kids
3942110663,275214,10/1/2012,11,6,2,889,186.69,1964.69,e-Shop,Home and kitchen,Children
53708112667,271666,10/1/2012,1,4,3,209,65.835,692.835,TeleShop,Bags,Women
23127017892,270295,10/1/2012,4,2,-4,-882,370.44,-3898.44,MBR,Footwear,Mens
57743428829,272945,10/1/2012,4,1,-2,-1056,221.76,-2333.76,TeleShop,Clothing,Mens
11229867770,273662,10/1/2012,1,1,2,801,168.21,1770.21,Flagship store,Clothing,Women
4807010766,269950,10/1/2012,1,1,5,1137,596.925,6281.925,MBR,Clothing,Women
23940941368,269352,10/1/2012,7,5,3,624,196.56,2068.56,Flagship store,Books,Fiction
62796631727,270304,10/1/2012,2,6,3,1092,343.98,3619.98,Flagship store,Home and kitchen,Furnishing
79037488419,270123,10/1/2012,1,4,3,483,152.145,1601.145,TeleShop,Bags,Women
89777842340,270319,10/1/2012,12,5,-2,-157,32.97,-346.97,MBR,Books,Academic
93975851135,272223,10/1/2012,12,6,5,1183,621.075,6536.075,Flagship store,Home and kitchen,Academic
63201731899,273234,10/1/2012,4,2,3,435,137.025,1442.025,e-Shop,Footwear,Mens
89232425133,268394,10/1/2012,12,6,-3,-595,187.425,-1972.425,e-Shop,Home and kitchen,Academic
89167826318,274270,10/1/2012,10,5,2,682,143.22,1507.22,Flagship store,Books,Audio and video
87193008634,271051,10/1/2012,11,6,4,1242,521.64,5489.64,e-Shop,Home and kitchen,Children
84036395834,270763,10/1/2012,11,5,2,779,163.59,1721.59,TeleShop,Books,Children
72150045625,270432,10/1/2012,11,5,4,118,49.56,521.56,e-Shop,Books,Children
97942600110,269559,10/1/2012,4,3,5,679,356.475,3751.475,e-Shop,Electronics,Mens
16419013281,268807,9/1/2012,11,5,4,328,137.76,1449.76,MBR,Books,Children
30512625855,274478,9/1/2012,1,2,-4,-1101,462.42,-4866.42,e-Shop,Footwear,Women
1926288701,273217,9/1/2012,2,6,1,1259,132.195,1391.195,Flagship store,Home and kitchen,Furnishing
52317413249,274024,9/1/2012,4,1,2,938,196.98,2072.98,Flagship store,Clothing,Mens
44017287687,267771,9/1/2012,4,3,5,540,283.5,2983.5,TeleShop,Electronics,Mens
46685341363,273248,9/1/2012,11,6,2,689,144.69,1522.69,TeleShop,Home and kitchen,Children
59472914212,269747,9/1/2012,4,3,1,998,104.79,1102.79,e-Shop,Electronics,Mens
62003592719,274273,9/1/2012,4,1,3,797,251.055,2642.055,TeleShop,Clothing,Mens
89106977146,269340,9/1/2012,2,6,2,303,63.63,669.63,TeleShop,Home and kitchen,Furnishing
77995250745,272424,9/1/2012,2,6,4,1064,446.88,4702.88,e-Shop,Home and kitchen,Furnishing
96294482446,269802,9/1/2012,8,3,3,474,149.31,1571.31,MBR,Electronics,Personal Appliances
72696013207,267853,9/1/2012,9,3,-1,-860,90.3,-950.3,TeleShop,Electronics,Cameras
80043848728,270553,9/1/2012,11,5,1,577,60.585,637.585,e-Shop,Books,Children
91834906618,271527,9/1/2012,4,3,1,527,55.335,582.335,TeleShop,Electronics,Mens
76613101325,267826,9/1/2012,4,2,5,1302,683.55,7193.55,e-Shop,Footwear,Mens
82296245070,274018,9/1/2012,7,5,3,1018,320.67,3374.67,MBR,Books,Fiction
88471447670,268043,9/1/2012,6,5,2,764,160.44,1688.44,Flagship store,Books,DIY
41744406949,269239,8/1/2012,9,3,2,315,66.15,696.15,TeleShop,Electronics,Cameras
4334078897,268598,8/1/2012,10,6,2,1042,218.82,2302.82,Flagship store,Home and kitchen,Audio and video
22957093932,271766,8/1/2012,6,5,2,725,152.25,1602.25,TeleShop,Books,DIY
11585769485,267135,8/1/2012,10,6,-1,-749,78.645,-827.645,e-Shop,Home and kitchen,Audio and video
2685838826,271658,8/1/2012,2,6,3,207,65.205,686.205,MBR,Home and kitchen,Furnishing
17785939419,270465,8/1/2012,12,6,1,731,76.755,807.755,e-Shop,Home and kitchen,Academic
5686601298,271498,8/1/2012,11,5,4,1248,524.16,5516.16,e-Shop,Books,Children
45449449153,270515,8/1/2012,7,5,3,1360,428.4,4508.4,MBR,Books,Fiction
59463093234,267719,8/1/2012,9,3,3,730,229.95,2419.95,e-Shop,Electronics,Cameras
15654626236,271201,8/1/2012,7,5,1,1060,111.3,1171.3,e-Shop,Books,Fiction
13356480628,271650,8/1/2012,4,2,5,420,220.5,2320.5,MBR,Footwear,Mens
54383352519,272536,8/1/2012,4,4,3,1198,377.37,3971.37,MBR,Bags,Mens
39579153735,269187,8/1/2012,12,5,2,1362,286.02,3010.02,Flagship store,Books,Academic
2699546140,273860,8/1/2012,1,2,1,1286,135.03,1421.03,Flagship store,Footwear,Women
12166016606,267517,8/1/2012,3,2,2,1330,279.3,2939.3,TeleShop,Footwear,Kids
9957960693,272999,8/1/2012,12,6,5,237,124.425,1309.425,e-Shop,Home and kitchen,Academic
6196695328,270313,8/1/2012,12,5,4,1139,478.38,5034.38,e-Shop,Books,Academic
86837221662,267540,8/1/2012,5,3,4,1033,433.86,4565.86,e-Shop,Electronics,Computers
91300834261,270368,8/1/2012,5,3,3,618,194.67,2048.67,e-Shop,Electronics,Computers
89777842340,270319,8/1/2012,12,5,2,157,32.97,346.97,MBR,Books,Academic
93476793231,267439,8/1/2012,4,4,1,310,32.55,342.55,MBR,Bags,Mens
64528964565,271160,8/1/2012,10,6,5,556,291.9,3071.9,MBR,Home and kitchen,Audio and video
4102425109,269395,7/1/2012,3,5,2,275,57.75,607.75,e-Shop,Books,Kids
24963114380,271932,7/1/2012,10,6,3,235,74.025,779.025,MBR,Home and kitchen,Audio and video
41774790180,269377,7/1/2012,3,5,1,484,50.82,534.82,MBR,Books,Kids
12863275990,270503,7/1/2012,11,6,5,642,337.05,3547.05,e-Shop,Home and kitchen,Children
12219682656,268412,7/1/2012,11,5,3,1202,378.63,3984.63,e-Shop,Books,Children
53738705917,271940,7/1/2012,2,6,5,1186,622.65,6552.65,e-Shop,Home and kitchen,Furnishing
5504339175,268207,7/1/2012,2,6,1,1024,107.52,1131.52,MBR,Home and kitchen,Furnishing
11585769485,267135,7/1/2012,10,6,1,749,78.645,827.645,e-Shop,Home and kitchen,Audio and video
7084492594,269563,7/1/2012,2,6,3,264,83.16,875.16,MBR,Home and kitchen,Furnishing
49176625218,273404,7/1/2012,4,1,4,193,81.06,853.06,Flagship store,Clothing,Mens
8207662457,273389,7/1/2012,3,1,5,735,385.875,4060.875,MBR,Clothing,Kids
27918790471,272915,7/1/2012,6,5,2,1449,304.29,3202.29,e-Shop,Books,DIY
42355788256,268783,7/1/2012,3,2,2,467,98.07,1032.07,TeleShop,Footwear,Kids
94196105633,270742,7/1/2012,6,5,1,452,47.46,499.46,Flagship store,Books,DIY
68448096154,270920,7/1/2012,9,3,4,929,390.18,4106.18,e-Shop,Electronics,Cameras
84209247944,274260,7/1/2012,10,3,5,283,148.575,1563.575,Flagship store,Electronics,Audio and video
73357377864,270438,7/1/2012,10,6,4,1046,439.32,4623.32,e-Shop,Home and kitchen,Audio and video
76391151565,274609,7/1/2012,4,3,5,1055,553.875,5828.875,e-Shop,Electronics,Mens
80213211620,271489,7/1/2012,4,3,3,171,53.865,566.865,e-Shop,Electronics,Mens
77448323718,273909,7/1/2012,5,3,2,505,106.05,1116.05,e-Shop,Electronics,Computers
73995497294,272708,7/1/2012,12,6,2,462,97.02,1021.02,e-Shop,Home and kitchen,Academic
43469248603,268444,6/1/2012,4,1,2,403,84.63,890.63,MBR,Clothing,Mens
11919852701,271079,6/1/2012,9,3,5,433,227.325,2392.325,TeleShop,Electronics,Cameras
20229737547,274706,6/1/2012,12,6,3,1120,352.8,3712.8,e-Shop,Home and kitchen,Academic
28837128923,267910,6/1/2012,11,6,2,553,116.13,1222.13,TeleShop,Home and kitchen,Children
47421883814,271500,6/1/2012,10,6,5,1363,715.575,7530.575,MBR,Home and kitchen,Audio and video
48853898733,268543,6/1/2012,4,1,3,565,177.975,1872.975,TeleShop,Clothing,Mens
8076382398,268540,6/1/2012,8,3,1,581,61.005,642.005,TeleShop,Electronics,Personal Appliances
10258879332,266964,6/1/2012,7,5,4,1089,457.38,4813.38,e-Shop,Books,Fiction
31623928698,269887,6/1/2012,1,2,5,825,433.125,4558.125,Flagship store,Footwear,Women
20223330324,267860,6/1/2012,9,3,4,885,371.7,3911.7,TeleShop,Electronics,Cameras
51879782628,270811,6/1/2012,4,1,3,126,39.69,417.69,e-Shop,Clothing,Mens
33947519418,267485,6/1/2012,9,3,3,644,202.86,2134.86,Flagship store,Electronics,Cameras
23408733160,275216,6/1/2012,4,1,1,761,79.905,840.905,TeleShop,Clothing,Mens
97155159163,268179,6/1/2012,9,3,1,303,31.815,334.815,MBR,Electronics,Cameras
82522419037,274479,6/1/2012,2,6,4,1294,543.48,5719.48,TeleShop,Home and kitchen,Furnishing
86729995329,268670,6/1/2012,5,3,3,311,97.965,1030.965,Flagship store,Electronics,Computers
89232425133,268394,6/1/2012,12,6,-3,-595,187.425,-1972.425,e-Shop,Home and kitchen,Academic
72696013207,267853,6/1/2012,9,3,1,860,90.3,950.3,TeleShop,Electronics,Cameras
91295596975,274673,6/1/2012,10,5,3,1170,368.55,3878.55,e-Shop,Books,Audio and video
69953614764,274806,6/1/2012,10,6,3,204,64.26,676.26,Flagship store,Home and kitchen,Audio and video
58033263406,274306,5/1/2012,3,1,1,1492,156.66,1648.66,e-Shop,Clothing,Kids
23127017892,270295,5/1/2012,4,2,4,882,370.44,3898.44,MBR,Footwear,Mens
7462944205,268387,5/1/2012,3,5,5,160,84,884,e-Shop,Books,Kids
54408133489,268226,5/1/2012,10,3,5,1466,769.65,8099.65,MBR,Electronics,Audio and video
62079969409,273993,5/1/2012,10,3,4,1298,545.16,5737.16,TeleShop,Electronics,Audio and video
57255903492,275007,5/1/2012,1,2,1,392,41.16,433.16,TeleShop,Footwear,Women
61046271181,273727,5/1/2012,4,1,4,1262,530.04,5578.04,e-Shop,Clothing,Mens
33662925334,272284,5/1/2012,4,4,1,826,86.73,912.73,e-Shop,Bags,Mens
35139439601,274650,5/1/2012,4,2,3,1287,405.405,4266.405,e-Shop,Footwear,Mens
21189986898,267174,5/1/2012,4,2,4,1405,590.1,6210.1,Flagship store,Footwear,Mens
69617036953,272431,5/1/2012,10,5,-5,-670,351.75,-3701.75,MBR,Books,Audio and video
74989693749,272137,5/1/2012,4,3,1,533,55.965,588.965,Flagship store,Electronics,Mens
82067162828,269014,5/1/2012,1,2,1,1157,121.485,1278.485,MBR,Footwear,Women
69909278783,270617,5/1/2012,3,2,4,645,270.9,2850.9,Flagship store,Footwear,Kids
76230046367,267332,5/1/2012,10,5,3,526,165.69,1743.69,e-Shop,Books,Audio and video
89232425133,268394,5/1/2012,12,6,3,595,187.425,1972.425,e-Shop,Home and kitchen,Academic
72244457347,270519,5/1/2012,10,3,2,98,20.58,216.58,MBR,Electronics,Audio and video
5779857733,270626,4/1/2012,6,5,1,520,54.6,574.6,Flagship store,Books,DIY
15812747267,272040,4/1/2012,8,3,2,1351,283.71,2985.71,MBR,Electronics,Personal Appliances
3121358169,271541,4/1/2012,4,4,5,648,340.2,3580.2,e-Shop,Bags,Mens
61827274578,271458,4/1/2012,2,6,-5,-1206,633.15,-6663.15,e-Shop,Home and kitchen,Furnishing
36881003881,272805,4/1/2012,11,6,3,272,85.68,901.68,TeleShop,Home and kitchen,Children
1262724255,270831,4/1/2012,1,4,5,1047,549.675,5784.675,TeleShop,Bags,Women
36335050440,274656,4/1/2012,4,2,5,1023,537.075,5652.075,e-Shop,Footwear,Mens
38729502454,268901,4/1/2012,4,3,1,1384,145.32,1529.32,e-Shop,Electronics,Mens
57743428829,272945,4/1/2012,4,1,2,1056,221.76,2333.76,TeleShop,Clothing,Mens
34201908004,271448,4/1/2012,5,3,2,918,192.78,2028.78,e-Shop,Electronics,Computers
20790146297,275038,4/1/2012,10,6,3,975,307.125,3232.125,e-Shop,Home and kitchen,Audio and video
82488299949,272922,4/1/2012,3,1,5,829,435.225,4580.225,TeleShop,Clothing,Kids
87650606991,272912,4/1/2012,1,4,2,1384,290.64,3058.64,MBR,Bags,Women
66203413364,268656,4/1/2012,2,6,-2,-1283,269.43,-2835.43,TeleShop,Home and kitchen,Furnishing
74357192470,268567,4/1/2012,7,5,2,1299,272.79,2870.79,e-Shop,Books,Fiction
95022777688,274956,4/1/2012,2,6,-4,-1481,622.02,-6546.02,e-Shop,Home and kitchen,Furnishing
92228679288,271216,4/1/2012,12,5,5,315,165.375,1740.375,MBR,Books,Academic
74869329520,267673,4/1/2012,11,6,2,896,188.16,1980.16,MBR,Home and kitchen,Children
69830464678,266815,4/1/2012,10,3,1,1448,152.04,1600.04,MBR,Electronics,Audio and video
99010023872,275089,4/1/2012,8,3,-1,-906,95.13,-1001.13,e-Shop,Electronics,Personal Appliances
35519580667,272248,3/1/2012,1,2,5,461,242.025,2547.025,e-Shop,Footwear,Women
57122237213,267970,3/1/2012,6,5,2,718,150.78,1586.78,MBR,Books,DIY
9786991001,266860,3/1/2012,3,2,5,1224,642.6,6762.6,Flagship store,Footwear,Kids
14795457031,269967,3/1/2012,5,3,5,351,184.275,1939.275,MBR,Electronics,Computers
21526575159,273141,3/1/2012,4,3,3,305,96.075,1011.075,TeleShop,Electronics,Mens
33567201253,272695,3/1/2012,4,3,3,112,35.28,371.28,e-Shop,Electronics,Mens
9300940690,270889,3/1/2012,3,5,2,855,179.55,1889.55,e-Shop,Books,Kids
56379999439,274091,3/1/2012,1,1,4,519,217.98,2293.98,e-Shop,Clothing,Women
30512625855,274478,3/1/2012,1,2,4,1101,462.42,4866.42,e-Shop,Footwear,Women
53632775100,270982,3/1/2012,4,3,1,827,86.835,913.835,MBR,Electronics,Mens
650789826,271108,3/1/2012,3,2,1,1088,114.24,1202.24,MBR,Footwear,Kids
62081835855,273385,3/1/2012,1,1,4,516,216.72,2280.72,MBR,Clothing,Women
59802166165,273389,3/1/2012,11,5,5,1155,606.375,6381.375,Flagship store,Books,Children
22949573997,274101,3/1/2012,9,3,1,1492,156.66,1648.66,MBR,Electronics,Cameras
99890752533,270042,3/1/2012,11,5,5,1068,560.7,5900.7,Flagship store,Books,Children
72489925974,268424,3/1/2012,4,4,5,1409,739.725,7784.725,TeleShop,Bags,Mens
69674824826,268393,3/1/2012,5,3,4,286,120.12,1264.12,Flagship store,Electronics,Computers
97524777531,272416,3/1/2012,12,6,5,1450,761.25,8011.25,e-Shop,Home and kitchen,Academic
16621125433,270598,2/1/2012,1,4,2,603,126.63,1332.63,e-Shop,Bags,Women
13350546152,275251,2/1/2012,4,3,4,1250,525,5525,e-Shop,Electronics,Mens
54608865321,273214,2/1/2012,2,6,1,576,60.48,636.48,TeleShop,Home and kitchen,Furnishing
14793218737,273446,2/1/2012,1,1,3,1228,386.82,4070.82,TeleShop,Clothing,Women
33277936853,267366,2/1/2012,10,6,4,486,204.12,2148.12,Flagship store,Home and kitchen,Audio and video
41367152846,275229,2/1/2012,12,6,-4,-449,188.58,-1984.58,TeleShop,Home and kitchen,Academic
20176908878,269803,2/1/2012,10,3,3,91,28.665,301.665,TeleShop,Electronics,Audio and video
25251152140,270672,2/1/2012,1,1,2,1223,256.83,2702.83,e-Shop,Clothing,Women
62407101463,273251,2/1/2012,8,3,4,1111,466.62,4910.62,MBR,Electronics,Personal Appliances
53904165582,273012,2/1/2012,10,6,4,530,222.6,2342.6,Flagship store,Home and kitchen,Audio and video
71091269660,269672,2/1/2012,11,6,5,238,124.95,1314.95,Flagship store,Home and kitchen,Children
84849358921,273461,2/1/2012,11,5,5,1438,754.95,7944.95,e-Shop,Books,Children
97056896858,273193,2/1/2012,6,5,3,1295,407.925,4292.925,TeleShop,Books,DIY
82032040060,271013,2/1/2012,1,2,2,181,38.01,400.01,Flagship store,Footwear,Women
65802491678,272420,2/1/2012,3,5,1,879,92.295,971.295,TeleShop,Books,Kids
65813759424,270143,2/1/2012,8,3,1,536,56.28,592.28,e-Shop,Electronics,Personal Appliances
47933752822,270192,1/1/2012,3,1,4,215,90.3,950.3,e-Shop,Clothing,Kids
14575776679,271485,1/1/2012,11,5,2,1014,212.94,2240.94,e-Shop,Books,Children
35798683065,271913,1/1/2012,1,1,1,229,24.045,253.045,MBR,Clothing,Women
30078154552,269151,1/1/2012,3,2,1,456,47.88,503.88,e-Shop,Footwear,Kids
57039573748,268282,1/1/2012,4,1,1,1024,107.52,1131.52,MBR,Clothing,Mens
41901986246,269269,1/1/2012,7,5,2,1122,235.62,2479.62,MBR,Books,Fiction
66067413087,268571,1/1/2012,9,3,2,693,145.53,1531.53,e-Shop,Electronics,Cameras
80482431373,269966,1/1/2012,3,2,-2,-277,58.17,-612.17,e-Shop,Footwear,Kids
66464587778,275091,1/1/2012,8,3,5,94,49.35,519.35,Flagship store,Electronics,Personal Appliances
76257166854,269407,1/1/2012,8,3,1,112,11.76,123.76,e-Shop,Electronics,Personal Appliances
78865860112,271275,1/1/2012,3,1,-5,-1344,705.6,-7425.6,TeleShop,Clothing,Kids
94167232406,270397,1/1/2012,10,6,4,619,259.98,2735.98,e-Shop,Home and kitchen,Audio and video
40303022895,272142,31-12-2011,1,2,5,537,281.925,2966.925,Flagship store,Footwear,Women
47557596721,273764,31-12-2011,8,3,-1,-1037,108.885,-1145.885,Flagship store,Electronics,Personal Appliances
28966519600,273899,31-12-2011,5,3,1,308,32.34,340.34,e-Shop,Electronics,Computers
18110335043,270491,31-12-2011,4,2,1,1343,141.015,1484.015,TeleShop,Footwear,Mens
35866122984,269792,31-12-2011,1,2,1,1209,126.945,1335.945,Flagship store,Footwear,Women
47630316689,269669,31-12-2011,4,3,5,1410,740.25,7790.25,e-Shop,Electronics,Mens
17022448373,270731,31-12-2011,11,5,2,95,19.95,209.95,Flagship store,Books,Children
44558941015,272510,31-12-2011,1,4,3,261,82.215,865.215,e-Shop,Bags,Women
66203413364,268656,31-12-2011,2,6,2,1283,269.43,2835.43,TeleShop,Home and kitchen,Furnishing
78068375988,271775,31-12-2011,5,3,5,1178,618.45,6508.45,TeleShop,Electronics,Computers
81271675345,274655,31-12-2011,4,2,1,1265,132.825,1397.825,MBR,Footwear,Mens
86382871317,272847,31-12-2011,8,3,5,1217,638.925,6723.925,e-Shop,Electronics,Personal Appliances
69104524563,274708,31-12-2011,11,6,4,639,268.38,2824.38,e-Shop,Home and kitchen,Children
64375545298,272192,31-12-2011,6,5,3,1222,384.93,4050.93,TeleShop,Books,DIY
96664326847,270760,31-12-2011,4,2,3,1357,427.455,4498.455,e-Shop,Footwear,Mens
38055189661,274410,30-12-2011,10,6,-3,-1047,329.805,-3470.805,e-Shop,Home and kitchen,Audio and video
35086417483,271543,30-12-2011,3,1,-4,-1335,560.7,-5900.7,MBR,Clothing,Kids
50301386910,268815,30-12-2011,11,6,5,181,95.025,1000.025,e-Shop,Home and kitchen,Children
34261615891,271360,30-12-2011,11,5,1,203,21.315,224.315,TeleShop,Books,Children
21728840100,272231,30-12-2011,12,5,3,1416,446.04,4694.04,e-Shop,Books,Academic
18218366251,272030,30-12-2011,2,6,2,1229,258.09,2716.09,Flagship store,Home and kitchen,Furnishing
31148767363,270582,30-12-2011,3,1,2,1202,252.42,2656.42,Flagship store,Clothing,Kids
31229068464,272799,30-12-2011,4,4,4,939,394.38,4150.38,MBR,Bags,Mens
30335505693,272409,30-12-2011,3,2,1,205,21.525,226.525,e-Shop,Footwear,Kids
36223686505,274209,30-12-2011,5,3,4,486,204.12,2148.12,TeleShop,Electronics,Computers
11259937163,270707,30-12-2011,4,2,4,1291,542.22,5706.22,Flagship store,Footwear,Mens
35487639991,274483,30-12-2011,6,5,3,116,36.54,384.54,MBR,Books,DIY
61827274578,271458,30-12-2011,2,6,5,1206,633.15,6663.15,e-Shop,Home and kitchen,Furnishing
58308582161,267759,30-12-2011,11,6,5,1080,567,5967,MBR,Home and kitchen,Children
38115390742,267151,30-12-2011,3,1,3,1026,323.19,3401.19,e-Shop,Clothing,Kids
26382478485,271461,30-12-2011,11,6,5,1469,771.225,8116.225,Flagship store,Home and kitchen,Children
91987866729,272116,30-12-2011,9,3,1,1283,134.715,1417.715,MBR,Electronics,Cameras
99010023872,275089,30-12-2011,8,3,1,906,95.13,1001.13,e-Shop,Electronics,Personal Appliances
70542250649,274371,30-12-2011,1,2,4,1292,542.64,5710.64,MBR,Footwear,Women
72249995914,273115,30-12-2011,9,3,5,1044,548.1,5768.1,MBR,Electronics,Cameras
66255399720,268160,30-12-2011,11,5,1,762,80.01,842.01,e-Shop,Books,Children
73084652048,270252,30-12-2011,3,2,3,779,245.385,2582.385,MBR,Footwear,Kids
90889729031,270189,30-12-2011,6,5,5,418,219.45,2309.45,MBR,Books,DIY
48121643403,274703,29-12-2011,3,5,4,651,273.42,2877.42,e-Shop,Books,Kids
9961169566,267307,29-12-2011,4,3,3,971,305.865,3218.865,MBR,Electronics,Mens
4019224694,274525,29-12-2011,4,2,1,718,75.39,793.39,Flagship store,Footwear,Mens
35086417483,271543,29-12-2011,3,1,-4,-1335,560.7,-5900.7,MBR,Clothing,Kids
14315320830,274761,29-12-2011,7,5,3,1139,358.785,3775.785,e-Shop,Books,Fiction
32856272745,274966,29-12-2011,9,3,2,975,204.75,2154.75,e-Shop,Electronics,Cameras
37910485578,273080,29-12-2011,2,6,5,941,494.025,5199.025,MBR,Home and kitchen,Furnishing
55574068378,267743,29-12-2011,3,1,1,1438,150.99,1588.99,TeleShop,Clothing,Kids
34688842386,267450,29-12-2011,10,5,4,1025,430.5,4530.5,TeleShop,Books,Audio and video
41367152846,275229,29-12-2011,12,6,4,449,188.58,1984.58,TeleShop,Home and kitchen,Academic
54951686631,269983,29-12-2011,6,5,-3,-364,114.66,-1206.66,MBR,Books,DIY
24072123613,267769,29-12-2011,6,5,3,728,229.32,2413.32,Flagship store,Books,DIY
6324297083,267390,29-12-2011,4,4,-2,-1276,267.96,-2819.96,e-Shop,Bags,Mens
86936037247,269603,29-12-2011,5,3,2,832,174.72,1838.72,e-Shop,Electronics,Computers
83168983047,268343,29-12-2011,2,6,4,1382,580.44,6108.44,e-Shop,Home and kitchen,Furnishing
82787089930,273515,29-12-2011,4,3,1,1082,113.61,1195.61,Flagship store,Electronics,Mens
73608202947,272653,29-12-2011,11,5,3,1233,388.395,4087.395,e-Shop,Books,Children
74233540177,274845,29-12-2011,9,3,2,1233,258.93,2724.93,MBR,Electronics,Cameras
89206826604,270334,29-12-2011,4,2,3,1489,469.035,4936.035,MBR,Footwear,Mens
64626643560,269241,29-12-2011,11,5,3,1242,391.23,4117.23,MBR,Books,Children
69617036953,272431,29-12-2011,10,5,5,670,351.75,3701.75,MBR,Books,Audio and video
80482431373,269966,29-12-2011,3,2,2,277,58.17,612.17,e-Shop,Footwear,Kids
67030496691,269442,29-12-2011,3,1,4,818,343.56,3615.56,TeleShop,Clothing,Kids
82431905183,266902,29-12-2011,3,1,3,927,292.005,3073.005,MBR,Clothing,Kids
67985097751,268016,29-12-2011,10,6,2,218,45.78,481.78,e-Shop,Home and kitchen,Audio and video
78865860112,271275,29-12-2011,3,1,5,1344,705.6,7425.6,TeleShop,Clothing,Kids
73925126509,274942,29-12-2011,8,3,3,1080,340.2,3580.2,Flagship store,Electronics,Personal Appliances
95883626215,273162,29-12-2011,7,5,2,1474,309.54,3257.54,e-Shop,Books,Fiction
32269118136,273472,28-12-2011,6,5,1,996,104.58,1100.58,e-Shop,Books,DIY
34758148150,269147,28-12-2011,6,5,2,472,99.12,1043.12,MBR,Books,DIY
41837554674,273081,28-12-2011,3,5,5,886,465.15,4895.15,MBR,Books,Kids
16853885576,267673,28-12-2011,4,1,5,1390,729.75,7679.75,MBR,Clothing,Mens
30945117672,271250,28-12-2011,10,5,1,158,16.59,174.59,e-Shop,Books,Audio and video
48883154531,268995,28-12-2011,2,6,2,489,102.69,1080.69,e-Shop,Home and kitchen,Furnishing
8279425911,272708,28-12-2011,10,6,4,877,368.34,3876.34,Flagship store,Home and kitchen,Audio and video
23821775959,271805,28-12-2011,4,1,1,134,14.07,148.07,TeleShop,Clothing,Mens
49557466781,274010,28-12-2011,6,5,4,288,120.96,1272.96,MBR,Books,DIY
1671101568,273444,28-12-2011,11,6,5,1471,772.275,8127.275,e-Shop,Home and kitchen,Children
34026860553,269354,28-12-2011,3,2,4,508,213.36,2245.36,e-Shop,Footwear,Kids
54519181297,269670,28-12-2011,7,5,4,1218,511.56,5383.56,TeleShop,Books,Fiction
82135179752,272799,28-12-2011,4,1,5,1436,753.9,7933.9,e-Shop,Clothing,Mens
97800022173,270398,28-12-2011,4,1,1,1119,117.495,1236.495,e-Shop,Clothing,Mens
95509641514,268269,28-12-2011,4,1,4,782,328.44,3456.44,Flagship store,Clothing,Mens
82270243885,268297,28-12-2011,6,5,1,823,86.415,909.415,MBR,Books,DIY
67061012018,270718,28-12-2011,9,3,5,216,113.4,1193.4,TeleShop,Electronics,Cameras
84588950986,270699,28-12-2011,4,1,5,829,435.225,4580.225,e-Shop,Clothing,Mens
76431072341,273378,28-12-2011,4,2,5,568,298.2,3138.2,e-Shop,Footwear,Mens
66159924394,273358,28-12-2011,10,6,3,323,101.745,1070.745,MBR,Home and kitchen,Audio and video
98026082288,269555,28-12-2011,4,1,3,740,233.1,2453.1,e-Shop,Clothing,Mens
73959133083,271252,28-12-2011,1,2,4,180,75.6,795.6,Flagship store,Footwear,Women
32318007616,271029,27-12-2011,1,2,4,81,34.02,358.02,e-Shop,Footwear,Women
1891510931,269579,27-12-2011,9,3,2,617,129.57,1363.57,MBR,Electronics,Cameras
643942673,269125,27-12-2011,4,4,5,1471,772.275,8127.275,MBR,Bags,Mens
12810118605,273229,27-12-2011,11,6,2,837,175.77,1849.77,e-Shop,Home and kitchen,Children
40990020386,273114,27-12-2011,1,2,1,219,22.995,241.995,MBR,Footwear,Women
13824502942,268407,27-12-2011,6,5,3,112,35.28,371.28,TeleShop,Books,DIY
8451344855,272197,27-12-2011,10,5,3,678,213.57,2247.57,TeleShop,Books,Audio and video
34193503178,273819,27-12-2011,2,6,5,422,221.55,2331.55,e-Shop,Home and kitchen,Furnishing
36216426512,274673,27-12-2011,4,3,3,992,312.48,3288.48,Flagship store,Electronics,Mens
57128629257,271392,27-12-2011,3,2,4,343,144.06,1516.06,TeleShop,Footwear,Kids
16991920514,270770,27-12-2011,11,5,5,111,58.275,613.275,Flagship store,Books,Children
51446060679,269849,27-12-2011,1,4,1,104,10.92,114.92,MBR,Bags,Women
66856547564,269304,27-12-2011,3,1,2,151,31.71,333.71,e-Shop,Clothing,Kids
93588574227,267266,27-12-2011,12,6,1,1226,128.73,1354.73,Flagship store,Home and kitchen,Academic
88115313948,273522,27-12-2011,8,3,4,441,185.22,1949.22,e-Shop,Electronics,Personal Appliances
89769279268,268859,27-12-2011,4,4,1,1174,123.27,1297.27,e-Shop,Bags,Mens
83092891706,269424,27-12-2011,1,2,-3,-628,197.82,-2081.82,e-Shop,Footwear,Women
38961184788,275265,26-12-2011,12,5,3,188,59.22,623.22,e-Shop,Books,Academic
58206263103,269877,26-12-2011,8,3,5,344,180.6,1900.6,TeleShop,Electronics,Personal Appliances
10019521109,274762,26-12-2011,4,1,2,228,47.88,503.88,Flagship store,Clothing,Mens
51626030087,269870,26-12-2011,10,6,2,156,32.76,344.76,e-Shop,Home and kitchen,Audio and video
37152690569,271559,26-12-2011,12,6,5,1200,630,6630,e-Shop,Home and kitchen,Academic
9677247123,270759,26-12-2011,9,3,4,1080,453.6,4773.6,Flagship store,Electronics,Cameras
71435868,273040,26-12-2011,4,4,3,629,198.135,2085.135,Flagship store,Bags,Mens
3265725476,271368,26-12-2011,11,6,2,1021,214.41,2256.41,MBR,Home and kitchen,Children
7774961373,267151,26-12-2011,1,4,4,1207,506.94,5334.94,e-Shop,Bags,Women
1522066770,274645,26-12-2011,10,5,5,869,456.225,4801.225,TeleShop,Books,Audio and video
85251927582,267604,26-12-2011,2,6,2,780,163.8,1723.8,MBR,Home and kitchen,Furnishing
80655714719,268974,26-12-2011,11,6,2,1021,214.41,2256.41,e-Shop,Home and kitchen,Children
73484236584,271719,26-12-2011,10,5,1,332,34.86,366.86,e-Shop,Books,Audio and video
84474320255,275131,26-12-2011,4,2,2,366,76.86,808.86,e-Shop,Footwear,Mens
77779205475,269260,26-12-2011,11,6,4,1072,450.24,4738.24,TeleShop,Home and kitchen,Children
86288264962,269325,26-12-2011,4,4,5,1309,687.225,7232.225,TeleShop,Bags,Mens
79043312546,273378,26-12-2011,10,3,2,775,162.75,1712.75,e-Shop,Electronics,Audio and video
75558352420,268983,26-12-2011,1,4,3,291,91.665,964.665,Flagship store,Bags,Women
2399151666,271293,25-12-2011,8,3,3,103,32.445,341.445,Flagship store,Electronics,Personal Appliances
20403112177,267595,25-12-2011,8,3,-1,-922,96.81,-1018.81,Flagship store,Electronics,Personal Appliances
43603207495,273481,25-12-2011,4,4,4,1427,599.34,6307.34,e-Shop,Bags,Mens
5739590276,271583,25-12-2011,3,5,4,562,236.04,2484.04,Flagship store,Books,Kids
26662331164,274215,25-12-2011,1,1,-5,-694,364.35,-3834.35,MBR,Clothing,Women
48365165062,271682,25-12-2011,7,5,5,218,114.45,1204.45,e-Shop,Books,Fiction
41282260160,269793,25-12-2011,10,5,5,546,286.65,3016.65,e-Shop,Books,Audio and video
98090467678,275233,25-12-2011,7,5,5,1291,677.775,7132.775,e-Shop,Books,Fiction
95022777688,274956,25-12-2011,2,6,4,1481,622.02,6546.02,e-Shop,Home and kitchen,Furnishing
66075012177,274462,25-12-2011,11,6,-3,-985,310.275,-3265.275,e-Shop,Home and kitchen,Children
80328976932,268509,25-12-2011,11,5,5,99,51.975,546.975,TeleShop,Books,Children
99141683489,270632,25-12-2011,3,2,5,1270,666.75,7016.75,e-Shop,Footwear,Kids
9934607237,266950,24-12-2011,4,4,-3,-1318,415.17,-4369.17,TeleShop,Bags,Mens
2771545258,269509,24-12-2011,4,4,4,296,124.32,1308.32,Flagship store,Bags,Mens
8092322234,270592,24-12-2011,1,2,4,1280,537.6,5657.6,e-Shop,Footwear,Women
43355871653,271358,24-12-2011,11,5,3,1130,355.95,3745.95,Flagship store,Books,Children
2792279614,266888,24-12-2011,12,5,2,1281,269.01,2831.01,MBR,Books,Academic
3464071042,268565,24-12-2011,6,5,2,151,31.71,333.71,TeleShop,Books,DIY
62138145203,269538,24-12-2011,10,5,1,788,82.74,870.74,MBR,Books,Audio and video
58225788468,274302,24-12-2011,1,4,2,540,113.4,1193.4,TeleShop,Bags,Women
58766106301,270619,24-12-2011,10,6,4,788,330.96,3482.96,TeleShop,Home and kitchen,Audio and video
25366166935,268015,24-12-2011,1,2,3,360,113.4,1193.4,e-Shop,Footwear,Women
4170892941,266852,24-12-2011,8,3,-1,-412,43.26,-455.26,MBR,Electronics,Personal Appliances
35086417483,271543,24-12-2011,3,1,4,1335,560.7,5900.7,MBR,Clothing,Kids
21919886726,269691,24-12-2011,3,5,4,310,130.2,1370.2,MBR,Books,Kids
28575609908,274255,24-12-2011,4,2,3,764,240.66,2532.66,MBR,Footwear,Mens
55267258802,270825,24-12-2011,4,4,5,690,362.25,3812.25,Flagship store,Bags,Mens
11526785315,269413,24-12-2011,10,3,4,611,256.62,2700.62,MBR,Electronics,Audio and video
38264872340,273987,24-12-2011,12,5,3,144,45.36,477.36,MBR,Books,Academic
54539123083,267933,24-12-2011,3,1,1,180,18.9,198.9,TeleShop,Clothing,Kids
88419232049,270080,24-12-2011,11,6,1,963,101.115,1064.115,e-Shop,Home and kitchen,Children
87814068871,269498,24-12-2011,10,6,2,1127,236.67,2490.67,e-Shop,Home and kitchen,Audio and video
74817305831,267971,24-12-2011,4,1,2,89,18.69,196.69,e-Shop,Clothing,Mens
74368604948,273638,24-12-2011,9,3,3,290,91.35,961.35,e-Shop,Electronics,Cameras
97280900587,273119,24-12-2011,4,2,1,1100,115.5,1215.5,MBR,Footwear,Mens
78275719705,275192,24-12-2011,10,6,1,914,95.97,1009.97,MBR,Home and kitchen,Audio and video
64196741790,269216,24-12-2011,8,3,5,636,333.9,3513.9,e-Shop,Electronics,Personal Appliances
83002522796,270481,24-12-2011,11,5,3,204,64.26,676.26,e-Shop,Books,Children
97937142411,268251,24-12-2011,4,1,1,1382,145.11,1527.11,TeleShop,Clothing,Mens
84333470881,273748,24-12-2011,12,5,3,1029,324.135,3411.135,e-Shop,Books,Academic
31615547041,268918,23-12-2011,7,5,4,617,259.14,2727.14,Flagship store,Books,Fiction
33442327122,274433,23-12-2011,3,2,5,393,206.325,2171.325,Flagship store,Footwear,Kids
29548379327,268769,23-12-2011,8,3,3,154,48.51,510.51,Flagship store,Electronics,Personal Appliances
1737257883,270892,23-12-2011,4,3,-5,-1135,595.875,-6270.875,Flagship store,Electronics,Mens
45773431328,269621,23-12-2011,10,6,2,1382,290.22,3054.22,TeleShop,Home and kitchen,Audio and video
32252171166,266887,23-12-2011,4,4,4,635,266.7,2806.7,Flagship store,Bags,Mens
43575080378,269096,23-12-2011,8,3,3,1495,470.925,4955.925,e-Shop,Electronics,Personal Appliances
25863576881,274056,23-12-2011,12,6,1,1062,111.51,1173.51,e-Shop,Home and kitchen,Academic
69203120981,268594,23-12-2011,4,1,3,255,80.325,845.325,MBR,Clothing,Mens
82100910445,272510,23-12-2011,3,5,5,145,76.125,801.125,e-Shop,Books,Kids
79393849149,272354,23-12-2011,10,6,4,1342,563.64,5931.64,MBR,Home and kitchen,Audio and video
82958204461,272197,23-12-2011,4,3,1,338,35.49,373.49,e-Shop,Electronics,Mens
28624219835,267565,22-12-2011,3,2,4,677,284.34,2992.34,e-Shop,Footwear,Kids
54951686631,269983,22-12-2011,6,5,3,364,114.66,1206.66,MBR,Books,DIY
32499854097,274084,22-12-2011,3,2,3,591,186.165,1959.165,TeleShop,Footwear,Kids
50094634766,271858,22-12-2011,4,4,2,350,73.5,773.5,MBR,Bags,Mens
47557596721,273764,22-12-2011,8,3,1,1037,108.885,1145.885,Flagship store,Electronics,Personal Appliances
17888428570,273286,22-12-2011,2,6,4,214,89.88,945.88,TeleShop,Home and kitchen,Furnishing
28161513575,270121,22-12-2011,3,5,5,401,210.525,2215.525,TeleShop,Books,Kids
38055189661,274410,22-12-2011,10,6,3,1047,329.805,3470.805,e-Shop,Home and kitchen,Audio and video
6324297083,267390,22-12-2011,4,4,2,1276,267.96,2819.96,e-Shop,Bags,Mens
32282745367,274813,22-12-2011,5,3,2,1023,214.83,2260.83,MBR,Electronics,Computers
44708761869,269847,22-12-2011,8,3,-3,-1465,461.475,-4856.475,Flagship store,Electronics,Personal Appliances
13514960562,270447,22-12-2011,12,6,4,1471,617.82,6501.82,e-Shop,Home and kitchen,Academic
54337413243,269387,22-12-2011,5,3,3,503,158.445,1667.445,MBR,Electronics,Computers
34634900156,274834,22-12-2011,3,1,3,1421,447.615,4710.615,MBR,Clothing,Kids
56285512805,270069,22-12-2011,10,6,-5,-627,329.175,-3464.175,e-Shop,Home and kitchen,Audio and video
62214902038,272069,22-12-2011,11,5,4,139,58.38,614.38,TeleShop,Books,Children
9523471016,271587,22-12-2011,1,2,3,726,228.69,2406.69,e-Shop,Footwear,Women
41426413008,274825,22-12-2011,10,6,2,1140,239.4,2519.4,MBR,Home and kitchen,Audio and video
28676134015,267546,22-12-2011,3,5,3,187,58.905,619.905,TeleShop,Books,Kids
8822889569,268768,22-12-2011,11,5,3,1220,384.3,4044.3,e-Shop,Books,Children
618433640,267414,22-12-2011,3,2,-5,-1257,659.925,-6944.925,MBR,Footwear,Kids
39309134233,270170,22-12-2011,10,6,1,222,23.31,245.31,TeleShop,Home and kitchen,Audio and video
91685427451,267811,22-12-2011,10,3,5,720,378,3978,e-Shop,Electronics,Audio and video
64842588517,269852,22-12-2011,4,4,3,1362,429.03,4515.03,Flagship store,Bags,Mens
76214066051,273030,22-12-2011,1,2,3,376,118.44,1246.44,e-Shop,Footwear,Women
65020939230,272043,22-12-2011,3,5,4,1013,425.46,4477.46,e-Shop,Books,Kids
67952181235,270047,22-12-2011,4,3,1,371,38.955,409.955,Flagship store,Electronics,Mens
96724978835,274976,22-12-2011,4,2,5,1012,531.3,5591.3,TeleShop,Footwear,Mens
47179291145,271181,21-12-2011,4,4,-3,-1205,379.575,-3994.575,MBR,Bags,Mens
27578198007,270165,21-12-2011,4,1,5,1285,674.625,7099.625,e-Shop,Clothing,Mens
4170892941,266852,21-12-2011,8,3,-1,-412,43.26,-455.26,MBR,Electronics,Personal Appliances
60757878133,269087,21-12-2011,9,3,5,654,343.35,3613.35,TeleShop,Electronics,Cameras
4170892941,266852,21-12-2011,8,3,-1,-412,43.26,-455.26,MBR,Electronics,Personal Appliances
35110824463,272476,21-12-2011,12,6,2,1257,263.97,2777.97,e-Shop,Home and kitchen,Academic
48190917662,272687,21-12-2011,7,5,2,388,81.48,857.48,e-Shop,Books,Fiction
9340410265,275096,21-12-2011,12,5,3,1157,364.455,3835.455,TeleShop,Books,Academic
26258138018,271224,21-12-2011,3,1,3,1305,411.075,4326.075,TeleShop,Clothing,Kids
19785735186,272079,21-12-2011,2,6,3,278,87.57,921.57,TeleShop,Home and kitchen,Furnishing
40706048047,267486,21-12-2011,8,3,3,882,277.83,2923.83,e-Shop,Electronics,Personal Appliances
6059975909,268268,21-12-2011,11,5,-1,-940,98.7,-1038.7,TeleShop,Books,Children
34082127277,271059,21-12-2011,1,1,2,427,89.67,943.67,e-Shop,Clothing,Women
5217417867,270582,21-12-2011,9,3,4,1040,436.8,4596.8,TeleShop,Electronics,Cameras
60998904014,269697,21-12-2011,4,4,4,222,93.24,981.24,e-Shop,Bags,Mens
75495266216,273343,21-12-2011,1,4,4,169,70.98,746.98,e-Shop,Bags,Women
84534718793,275022,21-12-2011,1,4,1,1330,139.65,1469.65,e-Shop,Bags,Women
76930255971,268143,21-12-2011,12,5,1,1087,114.135,1201.135,e-Shop,Books,Academic
73179962301,274524,21-12-2011,6,5,5,930,488.25,5138.25,MBR,Books,DIY
76317202572,271510,21-12-2011,9,3,5,161,84.525,889.525,MBR,Electronics,Cameras
66677663058,273900,21-12-2011,3,1,2,1263,265.23,2791.23,MBR,Clothing,Kids
82072418405,274688,21-12-2011,3,1,2,631,132.51,1394.51,e-Shop,Clothing,Kids
30517778927,269232,20-12-2011,4,2,2,199,41.79,439.79,Flagship store,Footwear,Mens
4170892941,266852,20-12-2011,8,3,1,412,43.26,455.26,MBR,Electronics,Personal Appliances
26764826264,271928,20-12-2011,10,6,5,609,319.725,3364.725,MBR,Home and kitchen,Audio and video
33296681641,274227,20-12-2011,3,1,3,663,208.845,2197.845,e-Shop,Clothing,Kids
61603776412,268081,20-12-2011,4,4,3,162,51.03,537.03,MBR,Bags,Mens
40482740710,271143,20-12-2011,5,3,2,336,70.56,742.56,MBR,Electronics,Computers
26662331164,274215,20-12-2011,1,1,5,694,364.35,3834.35,MBR,Clothing,Women
24608995635,267825,20-12-2011,10,5,3,372,117.18,1233.18,Flagship store,Books,Audio and video
55032310149,266992,20-12-2011,12,6,1,677,71.085,748.085,e-Shop,Home and kitchen,Academic
1600638529,268360,20-12-2011,4,4,3,180,56.7,596.7,MBR,Bags,Mens
8029771964,267801,20-12-2011,10,3,-1,-762,80.01,-842.01,MBR,Electronics,Audio and video
3863690928,267550,20-12-2011,10,6,1,755,79.275,834.275,MBR,Home and kitchen,Audio and video
46139889344,271743,20-12-2011,4,4,4,542,227.64,2395.64,e-Shop,Bags,Mens
16470459202,271227,20-12-2011,10,6,3,556,175.14,1843.14,e-Shop,Home and kitchen,Audio and video
92403224418,271858,20-12-2011,6,5,2,182,38.22,402.22,e-Shop,Books,DIY
88655648016,270815,20-12-2011,6,5,4,1224,514.08,5410.08,e-Shop,Books,DIY
67822229396,270549,20-12-2011,8,3,3,1347,424.305,4465.305,MBR,Electronics,Personal Appliances
83092891706,269424,20-12-2011,1,2,3,628,197.82,2081.82,e-Shop,Footwear,Women
41807225874,269420,19-12-2011,12,5,1,303,31.815,334.815,TeleShop,Books,Academic
44125492691,274748,19-12-2011,3,2,-5,-767,402.675,-4237.675,e-Shop,Footwear,Kids
618433640,267414,19-12-2011,3,2,5,1257,659.925,6944.925,MBR,Footwear,Kids
58722847159,272144,19-12-2011,1,2,3,795,250.425,2635.425,TeleShop,Footwear,Women
11448658750,269788,19-12-2011,10,5,-2,-1137,238.77,-2512.77,e-Shop,Books,Audio and video
45328298390,269333,19-12-2011,10,5,3,334,105.21,1107.21,MBR,Books,Audio and video
1737257883,270892,19-12-2011,4,3,5,1135,595.875,6270.875,Flagship store,Electronics,Mens
31706670142,269967,19-12-2011,1,1,1,910,95.55,1005.55,e-Shop,Clothing,Women
45761865428,269387,19-12-2011,3,1,1,505,53.025,558.025,TeleShop,Clothing,Kids
33808874093,270897,19-12-2011,7,5,-4,-1311,550.62,-5794.62,TeleShop,Books,Fiction
44125492691,274748,19-12-2011,3,2,-5,-767,402.675,-4237.675,e-Shop,Footwear,Kids
91006252230,269897,19-12-2011,1,4,2,455,95.55,1005.55,e-Shop,Bags,Women
87586663188,274494,19-12-2011,7,5,1,455,47.775,502.775,e-Shop,Books,Fiction
97679699441,268579,19-12-2011,10,6,-3,-1186,373.59,-3931.59,Flagship store,Home and kitchen,Audio and video
75940632185,274937,19-12-2011,11,5,3,1096,345.24,3633.24,MBR,Books,Children
90155743773,269194,19-12-2011,1,1,3,993,312.795,3291.795,e-Shop,Clothing,Women
88424853613,271353,19-12-2011,8,3,1,1386,145.53,1531.53,MBR,Electronics,Personal Appliances
84083711231,272633,19-12-2011,1,1,3,1284,404.46,4256.46,e-Shop,Clothing,Women
66075012177,274462,19-12-2011,11,6,3,985,310.275,3265.275,e-Shop,Home and kitchen,Children
87745108465,274761,19-12-2011,9,3,1,365,38.325,403.325,MBR,Electronics,Cameras
96260278983,267959,19-12-2011,1,2,3,586,184.59,1942.59,MBR,Footwear,Women
99398166055,267020,19-12-2011,2,6,3,550,173.25,1823.25,e-Shop,Home and kitchen,Furnishing
75043746523,267693,19-12-2011,11,5,5,663,348.075,3663.075,TeleShop,Books,Children
64556213836,274955,19-12-2011,9,3,3,457,143.955,1514.955,e-Shop,Electronics,Cameras
72724977608,266931,19-12-2011,11,5,-1,-620,65.1,-685.1,e-Shop,Books,Children
4354866142,272526,18-12-2011,6,5,2,690,144.9,1524.9,e-Shop,Books,DIY
58891325891,272148,18-12-2011,10,6,-4,-190,79.8,-839.8,TeleShop,Home and kitchen,Audio and video
10945361338,270771,18-12-2011,4,1,5,1437,754.425,7939.425,e-Shop,Clothing,Mens
20171840339,273903,18-12-2011,4,1,2,881,185.01,1947.01,MBR,Clothing,Mens
49070823383,268683,18-12-2011,11,6,-5,-774,406.35,-4276.35,e-Shop,Home and kitchen,Children
13736826048,267588,18-12-2011,12,5,5,732,384.3,4044.3,Flagship store,Books,Academic
32102964065,270687,18-12-2011,5,3,3,791,249.165,2622.165,Flagship store,Electronics,Computers
94687455064,267701,18-12-2011,1,1,1,443,46.515,489.515,MBR,Clothing,Women
94540605761,267023,18-12-2011,8,3,1,291,30.555,321.555,MBR,Electronics,Personal Appliances
88670341601,269509,18-12-2011,12,6,4,261,109.62,1153.62,e-Shop,Home and kitchen,Academic
68386782151,267172,18-12-2011,1,2,5,470,246.75,2596.75,TeleShop,Footwear,Women
92552265405,270410,18-12-2011,10,6,-5,-1218,639.45,-6729.45,e-Shop,Home and kitchen,Audio and video
79236295078,270751,18-12-2011,6,5,1,117,12.285,129.285,MBR,Books,DIY
69079210368,272416,18-12-2011,4,4,4,722,303.24,3191.24,e-Shop,Bags,Mens
83877301420,267551,18-12-2011,4,3,5,1194,626.85,6596.85,e-Shop,Electronics,Mens
83776356639,274427,18-12-2011,5,3,2,686,144.06,1516.06,e-Shop,Electronics,Computers
89724684475,270362,18-12-2011,8,3,-4,-1368,574.56,-6046.56,e-Shop,Electronics,Personal Appliances
74748979721,270308,18-12-2011,1,4,-3,-1204,379.26,-3991.26,Flagship store,Bags,Women
83396059443,271292,18-12-2011,1,2,3,224,70.56,742.56,MBR,Footwear,Women
72724977608,266931,18-12-2011,11,5,1,620,65.1,685.1,e-Shop,Books,Children
16892285259,273285,17-12-2011,3,5,3,1063,334.845,3523.845,e-Shop,Books,Kids
44635411688,271562,17-12-2011,4,4,-2,-1325,278.25,-2928.25,e-Shop,Bags,Mens
51306335911,274919,17-12-2011,5,3,2,1290,270.9,2850.9,e-Shop,Electronics,Computers
39661181259,269754,17-12-2011,11,6,5,263,138.075,1453.075,e-Shop,Home and kitchen,Children
7214136016,275265,17-12-2011,1,4,1,222,23.31,245.31,TeleShop,Bags,Women
62497489124,273719,17-12-2011,12,5,4,611,256.62,2700.62,e-Shop,Books,Academic
58891325891,272148,17-12-2011,10,6,4,190,79.8,839.8,TeleShop,Home and kitchen,Audio and video
9885877966,270011,17-12-2011,1,2,-1,-1020,107.1,-1127.1,TeleShop,Footwear,Women
24316537120,271917,17-12-2011,7,5,-3,-1410,444.15,-4674.15,e-Shop,Books,Fiction
85300368295,272913,17-12-2011,1,4,3,518,163.17,1717.17,MBR,Bags,Women
83133933693,268049,17-12-2011,11,6,4,800,336,3536,TeleShop,Home and kitchen,Children
74032833970,274264,17-12-2011,4,3,1,188,19.74,207.74,Flagship store,Electronics,Mens
71821126616,273077,17-12-2011,10,5,1,849,89.145,938.145,MBR,Books,Audio and video
74748979721,270308,17-12-2011,1,4,3,1204,379.26,3991.26,Flagship store,Bags,Women
47907687039,272412,16-12-2011,10,5,1,1242,130.41,1372.41,e-Shop,Books,Audio and video
55283987603,268546,16-12-2011,4,3,3,960,302.4,3182.4,MBR,Electronics,Mens
20403112177,267595,16-12-2011,8,3,1,922,96.81,1018.81,Flagship store,Electronics,Personal Appliances
29594811372,269577,16-12-2011,12,6,3,435,137.025,1442.025,MBR,Home and kitchen,Academic
3363221347,266939,16-12-2011,2,6,2,860,180.6,1900.6,MBR,Home and kitchen,Furnishing
29677597643,272717,16-12-2011,4,2,5,198,103.95,1093.95,e-Shop,Footwear,Mens
29102605347,268973,16-12-2011,3,2,1,709,74.445,783.445,TeleShop,Footwear,Kids
31699293006,268569,16-12-2011,5,3,3,950,299.25,3149.25,TeleShop,Electronics,Computers
33325977943,271738,16-12-2011,4,4,3,1301,409.815,4312.815,Flagship store,Bags,Mens
50517418841,270333,16-12-2011,4,4,-2,-383,80.43,-846.43,MBR,Bags,Mens
51794140385,267595,16-12-2011,12,5,5,331,173.775,1828.775,TeleShop,Books,Academic
8029771964,267801,16-12-2011,10,3,1,762,80.01,842.01,MBR,Electronics,Audio and video
31896610478,269511,16-12-2011,4,4,4,1144,480.48,5056.48,Flagship store,Bags,Mens
54249757258,269842,16-12-2011,11,5,5,1156,606.9,6386.9,Flagship store,Books,Children
10065203435,271216,16-12-2011,1,4,4,778,326.76,3438.76,Flagship store,Bags,Women
2174946764,268487,16-12-2011,3,5,-2,-1096,230.16,-2422.16,Flagship store,Books,Kids
46953137720,267390,16-12-2011,2,6,-4,-1322,555.24,-5843.24,Flagship store,Home and kitchen,Furnishing
79237702127,270535,16-12-2011,3,2,4,480,201.6,2121.6,Flagship store,Footwear,Kids
65522054208,273014,16-12-2011,4,2,1,754,79.17,833.17,MBR,Footwear,Mens
69057489490,269140,16-12-2011,11,6,2,78,16.38,172.38,TeleShop,Home and kitchen,Children
72217235766,274309,16-12-2011,9,3,3,1484,467.46,4919.46,e-Shop,Electronics,Cameras
94911145722,271903,16-12-2011,12,5,4,1046,439.32,4623.32,e-Shop,Books,Academic
67069323006,273992,16-12-2011,4,2,2,1170,245.7,2585.7,MBR,Footwear,Mens
85768416992,274626,16-12-2011,4,2,5,416,218.4,2298.4,e-Shop,Footwear,Mens
53905181874,268969,15-12-2011,1,1,1,1430,150.15,1580.15,e-Shop,Clothing,Women
52154938149,270295,15-12-2011,4,4,5,825,433.125,4558.125,e-Shop,Bags,Mens
29525424744,275184,15-12-2011,9,3,4,1209,507.78,5343.78,MBR,Electronics,Cameras
24570433912,274591,15-12-2011,8,3,3,1114,350.91,3692.91,e-Shop,Electronics,Personal Appliances
61465676023,272629,15-12-2011,3,5,3,412,129.78,1365.78,MBR,Books,Kids
44635411688,271562,15-12-2011,4,4,-2,-1325,278.25,-2928.25,e-Shop,Bags,Mens
10163488251,268251,15-12-2011,2,6,2,664,139.44,1467.44,TeleShop,Home and kitchen,Furnishing
16538923601,268920,15-12-2011,12,6,5,218,114.45,1204.45,TeleShop,Home and kitchen,Academic
9934607237,266950,15-12-2011,4,4,3,1318,415.17,4369.17,TeleShop,Bags,Mens
17880309018,266825,15-12-2011,6,5,3,298,93.87,987.87,MBR,Books,DIY
34429998640,268024,15-12-2011,4,3,5,1103,579.075,6094.075,e-Shop,Electronics,Mens
1375928420,269586,15-12-2011,4,2,2,1480,310.8,3270.8,e-Shop,Footwear,Mens
6059975909,268268,15-12-2011,11,5,1,940,98.7,1038.7,TeleShop,Books,Children
49070823383,268683,15-12-2011,11,6,5,774,406.35,4276.35,e-Shop,Home and kitchen,Children
86142315681,267778,15-12-2011,5,3,5,312,163.8,1723.8,e-Shop,Electronics,Computers
66490110740,272532,15-12-2011,6,5,2,802,168.42,1772.42,Flagship store,Books,DIY
95539529183,268506,15-12-2011,1,1,4,1119,469.98,4945.98,e-Shop,Clothing,Women
63168622340,273983,15-12-2011,3,1,1,1087,114.135,1201.135,e-Shop,Clothing,Kids
73038110424,274172,15-12-2011,7,5,1,191,20.055,211.055,TeleShop,Books,Fiction
94093067773,267598,15-12-2011,11,5,2,702,147.42,1551.42,e-Shop,Books,Children
66377597183,267446,15-12-2011,12,6,1,218,22.89,240.89,TeleShop,Home and kitchen,Academic
88457013059,274246,15-12-2011,3,5,4,756,317.52,3341.52,e-Shop,Books,Kids
33868964674,273040,14-12-2011,3,1,3,536,168.84,1776.84,e-Shop,Clothing,Kids
35290163884,274465,14-12-2011,11,5,3,1283,404.145,4253.145,Flagship store,Books,Children
53833690570,269355,14-12-2011,10,3,3,73,22.995,241.995,e-Shop,Electronics,Audio and video
20257356266,267106,14-12-2011,10,5,2,1241,260.61,2742.61,MBR,Books,Audio and video
14454254630,273151,14-12-2011,4,3,1,1088,114.24,1202.24,e-Shop,Electronics,Mens
10165711925,270872,14-12-2011,3,5,1,603,63.315,666.315,Flagship store,Books,Kids
39262200534,274839,14-12-2011,10,6,-5,-666,349.65,-3679.65,TeleShop,Home and kitchen,Audio and video
46953137720,267390,14-12-2011,2,6,4,1322,555.24,5843.24,Flagship store,Home and kitchen,Furnishing
5214567215,270852,14-12-2011,7,5,1,178,18.69,196.69,e-Shop,Books,Fiction
90168519555,266857,14-12-2011,3,2,3,341,107.415,1130.415,TeleShop,Footwear,Kids
85602831056,271476,14-12-2011,10,3,1,89,9.345,98.345,Flagship store,Electronics,Audio and video
79736271969,273503,14-12-2011,7,5,4,989,415.38,4371.38,MBR,Books,Fiction
85845723969,270756,14-12-2011,7,5,5,1216,638.4,6718.4,e-Shop,Books,Fiction
87008615674,270192,14-12-2011,2,6,-1,-836,87.78,-923.78,e-Shop,Home and kitchen,Furnishing
97679699441,268579,14-12-2011,10,6,3,1186,373.59,3931.59,Flagship store,Home and kitchen,Audio and video
77226606696,274153,14-12-2011,1,1,1,1441,151.305,1592.305,Flagship store,Clothing,Women
90013761110,267774,14-12-2011,10,6,1,1166,122.43,1288.43,MBR,Home and kitchen,Audio and video
72017926229,270700,14-12-2011,9,3,1,1267,133.035,1400.035,Flagship store,Electronics,Cameras
56285512805,270069,13-12-2011,10,6,5,627,329.175,3464.175,e-Shop,Home and kitchen,Audio and video
33808874093,270897,13-12-2011,7,5,4,1311,550.62,5794.62,TeleShop,Books,Fiction
13181563739,270351,13-12-2011,6,5,1,1048,110.04,1158.04,e-Shop,Books,DIY
40891563738,268461,13-12-2011,2,6,-4,-1414,593.88,-6249.88,MBR,Home and kitchen,Furnishing
14618352568,267890,13-12-2011,7,5,2,1495,313.95,3303.95,MBR,Books,Fiction
44708761869,269847,13-12-2011,8,3,3,1465,461.475,4856.475,Flagship store,Electronics,Personal Appliances
41141748064,270842,13-12-2011,3,5,2,1498,314.58,3310.58,e-Shop,Books,Kids
36533585721,268047,13-12-2011,12,5,3,429,135.135,1422.135,MBR,Books,Academic
61412271257,268360,13-12-2011,11,5,1,433,45.465,478.465,e-Shop,Books,Children
12529724039,274959,13-12-2011,4,1,4,306,128.52,1352.52,e-Shop,Clothing,Mens
4573992921,271280,13-12-2011,1,4,1,198,20.79,218.79,Flagship store,Bags,Women
9756896751,267401,13-12-2011,3,2,2,770,161.7,1701.7,e-Shop,Footwear,Kids
30390047417,269139,13-12-2011,11,6,-1,-1361,142.905,-1503.905,Flagship store,Home and kitchen,Children
2480051752,272937,13-12-2011,4,2,2,172,36.12,380.12,TeleShop,Footwear,Mens
87008615674,270192,13-12-2011,2,6,1,836,87.78,923.78,e-Shop,Home and kitchen,Furnishing
67810548998,272222,13-12-2011,11,5,-5,-740,388.5,-4088.5,TeleShop,Books,Children
68425232739,270799,13-12-2011,8,3,4,848,356.16,3748.16,e-Shop,Electronics,Personal Appliances
63634963189,269637,13-12-2011,10,3,4,857,359.94,3787.94,e-Shop,Electronics,Audio and video
66750655149,267905,13-12-2011,4,1,3,979,308.385,3245.385,MBR,Clothing,Mens
21540299793,268941,12/12/2011,1,4,3,413,130.095,1369.095,e-Shop,Bags,Women
1295194508,267448,12/12/2011,10,5,4,1383,580.86,6112.86,MBR,Books,Audio and video
57299111327,268137,12/12/2011,11,6,2,1334,280.14,2948.14,MBR,Home and kitchen,Children
35663923701,271162,12/12/2011,8,3,4,824,346.08,3642.08,TeleShop,Electronics,Personal Appliances
12261065542,274093,12/12/2011,3,5,5,1373,720.825,7585.825,Flagship store,Books,Kids
32334571442,272992,12/12/2011,4,2,4,774,325.08,3421.08,e-Shop,Footwear,Mens
49440236812,271620,12/12/2011,1,2,5,448,235.2,2475.2,e-Shop,Footwear,Women
44125492691,274748,12/12/2011,3,2,5,767,402.675,4237.675,e-Shop,Footwear,Kids
117003344,269965,12/12/2011,5,3,2,551,115.71,1217.71,TeleShop,Electronics,Computers
4282306597,271731,12/12/2011,3,1,3,920,289.8,3049.8,TeleShop,Clothing,Kids
34912876699,270192,12/12/2011,5,3,2,868,182.28,1918.28,TeleShop,Electronics,Computers
23292239398,270120,12/12/2011,2,6,3,654,206.01,2168.01,e-Shop,Home and kitchen,Furnishing
47593593040,270602,12/12/2011,11,5,3,125,39.375,414.375,TeleShop,Books,Children
60681606854,268246,12/12/2011,3,1,2,1134,238.14,2506.14,e-Shop,Clothing,Kids
66581756510,273962,12/12/2011,1,4,3,1127,355.005,3736.005,e-Shop,Bags,Women
78032673453,268682,12/12/2011,9,3,3,591,186.165,1959.165,MBR,Electronics,Cameras
65206448581,268746,12/12/2011,10,5,5,543,285.075,3000.075,MBR,Books,Audio and video
71304293535,270561,12/12/2011,4,3,4,1345,564.9,5944.9,e-Shop,Electronics,Mens
98774982858,267286,12/12/2011,5,3,5,1069,561.225,5906.225,e-Shop,Electronics,Computers
78052779543,270105,12/12/2011,9,3,4,136,57.12,601.12,MBR,Electronics,Cameras
88861893367,268144,12/12/2011,1,4,3,188,59.22,623.22,e-Shop,Bags,Women
90886636941,273261,12/12/2011,4,3,2,525,110.25,1160.25,e-Shop,Electronics,Mens
89579223433,272177,12/12/2011,4,3,3,672,211.68,2227.68,TeleShop,Electronics,Mens
53630353269,273330,11/12/2011,3,1,2,535,112.35,1182.35,Flagship store,Clothing,Kids
1258536056,268731,11/12/2011,12,6,1,972,102.06,1074.06,TeleShop,Home and kitchen,Academic
1396096325,274028,11/12/2011,4,4,5,1241,651.525,6856.525,e-Shop,Bags,Mens
1135928076,267858,11/12/2011,10,5,5,1332,699.3,7359.3,e-Shop,Books,Audio and video
1698625713,268551,11/12/2011,3,1,4,350,147,1547,TeleShop,Clothing,Kids
16893260631,273832,11/12/2011,11,6,4,1087,456.54,4804.54,TeleShop,Home and kitchen,Children
9310114648,274993,11/12/2011,3,5,3,895,281.925,2966.925,e-Shop,Books,Kids
6874337703,270407,11/12/2011,4,2,3,859,270.585,2847.585,MBR,Footwear,Mens
62463712767,268001,11/12/2011,10,6,2,198,41.58,437.58,Flagship store,Home and kitchen,Audio and video
39140521706,271766,11/12/2011,7,5,-3,-514,161.91,-1703.91,MBR,Books,Fiction
34127430146,266895,11/12/2011,4,2,2,1242,260.82,2744.82,e-Shop,Footwear,Mens
29889518815,271112,11/12/2011,6,5,3,490,154.35,1624.35,e-Shop,Books,DIY
19109792129,269694,11/12/2011,4,3,5,1496,785.4,8265.4,MBR,Electronics,Mens
58724500881,271595,11/12/2011,1,1,-2,-1031,216.51,-2278.51,MBR,Clothing,Women
47179291145,271181,11/12/2011,4,4,3,1205,379.575,3994.575,MBR,Bags,Mens
39280205646,270472,11/12/2011,3,2,2,509,106.89,1124.89,Flagship store,Footwear,Kids
12561004513,273173,11/12/2011,10,5,5,522,274.05,2884.05,Flagship store,Books,Audio and video
92552265405,270410,11/12/2011,10,6,5,1218,639.45,6729.45,e-Shop,Home and kitchen,Audio and video
63891904351,266867,11/12/2011,10,3,3,1168,367.92,3871.92,MBR,Electronics,Audio and video
94205105681,267825,11/12/2011,3,1,5,1220,640.5,6740.5,e-Shop,Clothing,Kids
94756211732,269544,11/12/2011,4,4,-5,-308,161.7,-1701.7,e-Shop,Bags,Mens
97556034600,271750,11/12/2011,4,4,1,1340,140.7,1480.7,TeleShop,Bags,Mens
81392812820,271437,11/12/2011,10,6,4,176,73.92,777.92,Flagship store,Home and kitchen,Audio and video
89724684475,270362,11/12/2011,8,3,4,1368,574.56,6046.56,e-Shop,Electronics,Personal Appliances
52365286804,275048,10/12/2011,6,5,4,266,111.72,1175.72,e-Shop,Books,DIY
14248126452,269721,10/12/2011,4,3,4,835,350.7,3690.7,e-Shop,Electronics,Mens
47198473988,272896,10/12/2011,10,3,1,1056,110.88,1166.88,e-Shop,Electronics,Audio and video
16630902405,269538,10/12/2011,12,6,3,1485,467.775,4922.775,e-Shop,Home and kitchen,Academic
62872894811,271868,10/12/2011,10,5,2,298,62.58,658.58,e-Shop,Books,Audio and video
1274072334,268603,10/12/2011,12,5,-2,-817,171.57,-1805.57,TeleShop,Books,Academic
44635411688,271562,10/12/2011,4,4,2,1325,278.25,2928.25,e-Shop,Bags,Mens
25234394178,269302,10/12/2011,9,3,1,1461,153.405,1614.405,TeleShop,Electronics,Cameras
47645170075,274322,10/12/2011,12,5,1,962,101.01,1063.01,Flagship store,Books,Academic
24316537120,271917,10/12/2011,7,5,3,1410,444.15,4674.15,e-Shop,Books,Fiction
47716053986,272700,10/12/2011,2,6,1,828,86.94,914.94,MBR,Home and kitchen,Furnishing
52946393854,272188,10/12/2011,4,1,3,527,166.005,1747.005,e-Shop,Clothing,Mens
67658429459,271668,10/12/2011,10,3,4,919,385.98,4061.98,TeleShop,Electronics,Audio and video
73223857759,268931,10/12/2011,11,5,4,650,273,2873,e-Shop,Books,Children
65750070935,269013,10/12/2011,3,1,-1,-86,9.03,-95.03,TeleShop,Clothing,Kids
90019830047,272580,10/12/2011,5,3,4,474,199.08,2095.08,TeleShop,Electronics,Computers
70861160145,273903,10/12/2011,10,5,4,888,372.96,3924.96,MBR,Books,Audio and video
84954237649,271424,10/12/2011,3,5,5,173,90.825,955.825,TeleShop,Books,Kids
63319337144,273780,10/12/2011,4,1,3,459,144.585,1521.585,e-Shop,Clothing,Mens
98313724777,267258,10/12/2011,7,5,2,939,197.19,2075.19,e-Shop,Books,Fiction
84031996156,267019,10/12/2011,12,6,5,1482,778.05,8188.05,Flagship store,Home and kitchen,Academic
57387003677,274348,9/12/2011,10,3,2,694,145.74,1533.74,e-Shop,Electronics,Audio and video
11448658750,269788,9/12/2011,10,5,2,1137,238.77,2512.77,e-Shop,Books,Audio and video
39262200534,274839,9/12/2011,10,6,5,666,349.65,3679.65,TeleShop,Home and kitchen,Audio and video
9885877966,270011,9/12/2011,1,2,1,1020,107.1,1127.1,TeleShop,Footwear,Women
49665905206,274747,9/12/2011,7,5,4,1101,462.42,4866.42,MBR,Books,Fiction
30390047417,269139,9/12/2011,11,6,1,1361,142.905,1503.905,Flagship store,Home and kitchen,Children
17884856229,271672,9/12/2011,11,6,5,592,310.8,3270.8,MBR,Home and kitchen,Children
30817890974,270212,9/12/2011,3,2,2,1317,276.57,2910.57,TeleShop,Footwear,Kids
34843015447,274338,9/12/2011,1,1,3,756,238.14,2506.14,e-Shop,Clothing,Women
23563663438,268107,9/12/2011,1,1,3,266,83.79,881.79,TeleShop,Clothing,Women
44447370469,271740,9/12/2011,4,1,3,882,277.83,2923.83,e-Shop,Clothing,Mens
12288761799,274740,9/12/2011,4,3,2,149,31.29,329.29,TeleShop,Electronics,Mens
4605287939,268074,9/12/2011,6,5,4,886,372.12,3916.12,MBR,Books,DIY
53513109680,268598,9/12/2011,1,2,5,822,431.55,4541.55,TeleShop,Footwear,Women
29589040218,268712,9/12/2011,3,5,-4,-436,183.12,-1927.12,e-Shop,Books,Kids
16019247338,268692,9/12/2011,2,6,4,1179,495.18,5211.18,MBR,Home and kitchen,Furnishing
6969254024,269399,9/12/2011,2,6,2,1022,214.62,2258.62,MBR,Home and kitchen,Furnishing
67547099719,267287,9/12/2011,10,6,1,765,80.325,845.325,MBR,Home and kitchen,Audio and video
97764417070,267134,9/12/2011,1,1,5,461,242.025,2547.025,MBR,Clothing,Women
70947056369,270396,9/12/2011,10,3,4,128,53.76,565.76,Flagship store,Electronics,Audio and video
66923835541,269119,9/12/2011,6,5,4,1349,566.58,5962.58,Flagship store,Books,DIY
73561177293,273993,9/12/2011,3,5,1,830,87.15,917.15,Flagship store,Books,Kids
94554325932,269890,9/12/2011,4,2,5,1481,777.525,8182.525,MBR,Footwear,Mens
92193401529,273182,9/12/2011,10,6,5,263,138.075,1453.075,Flagship store,Home and kitchen,Audio and video
57867143097,270830,8/12/2011,1,1,5,1415,742.875,7817.875,e-Shop,Clothing,Women
59933190060,274991,8/12/2011,10,6,2,977,205.17,2159.17,TeleShop,Home and kitchen,Audio and video
48808684929,274505,8/12/2011,3,2,-1,-168,17.64,-185.64,MBR,Footwear,Kids
27809363042,266902,8/12/2011,3,5,1,726,76.23,802.23,Flagship store,Books,Kids
23334599537,271523,8/12/2011,4,3,4,86,36.12,380.12,TeleShop,Electronics,Mens
39140521706,271766,8/12/2011,7,5,3,514,161.91,1703.91,MBR,Books,Fiction
61525619753,267813,8/12/2011,12,6,5,1095,574.875,6049.875,Flagship store,Home and kitchen,Academic
19991325373,274445,8/12/2011,11,6,4,615,258.3,2718.3,Flagship store,Home and kitchen,Children
17430113899,269859,8/12/2011,11,6,2,287,60.27,634.27,e-Shop,Home and kitchen,Children
67127073954,270170,8/12/2011,10,3,3,1374,432.81,4554.81,MBR,Electronics,Audio and video
64971082682,267152,8/12/2011,1,4,4,594,249.48,2625.48,e-Shop,Bags,Women
70847375985,274927,8/12/2011,4,3,2,507,106.47,1120.47,e-Shop,Electronics,Mens
82036989087,270280,8/12/2011,12,6,3,1197,377.055,3968.055,Flagship store,Home and kitchen,Academic
80550167266,269802,8/12/2011,1,4,1,90,9.45,99.45,Flagship store,Bags,Women
99824244079,271059,8/12/2011,7,5,5,1208,634.2,6674.2,MBR,Books,Fiction
84255551308,269299,8/12/2011,7,5,4,612,257.04,2705.04,MBR,Books,Fiction
87252108312,267534,8/12/2011,1,2,1,1154,121.17,1275.17,e-Shop,Footwear,Women
67810548998,272222,8/12/2011,11,5,5,740,388.5,4088.5,TeleShop,Books,Children
12936695486,269933,7/12/2011,11,5,5,1145,601.125,6326.125,e-Shop,Books,Children
941117264,270922,7/12/2011,7,5,4,303,127.26,1339.26,MBR,Books,Fiction
3652528113,274865,7/12/2011,1,2,1,1359,142.695,1501.695,TeleShop,Footwear,Women
27555741269,267048,7/12/2011,3,1,2,1281,269.01,2831.01,e-Shop,Clothing,Kids
4088952022,269662,7/12/2011,10,3,-1,-1106,116.13,-1222.13,MBR,Electronics,Audio and video
39283783364,268140,7/12/2011,4,2,2,893,187.53,1973.53,MBR,Footwear,Mens
16828867534,270538,7/12/2011,10,6,4,303,127.26,1339.26,MBR,Home and kitchen,Audio and video
29194761670,273052,7/12/2011,2,6,-2,-1135,238.35,-2508.35,e-Shop,Home and kitchen,Furnishing
30883997493,274817,7/12/2011,3,5,5,355,186.375,1961.375,MBR,Books,Kids
3832261315,268421,7/12/2011,4,3,4,741,311.22,3275.22,MBR,Electronics,Mens
48477566936,271467,7/12/2011,10,6,2,1391,292.11,3074.11,MBR,Home and kitchen,Audio and video
2607483634,273544,7/12/2011,2,6,3,399,125.685,1322.685,e-Shop,Home and kitchen,Furnishing
44737777435,273875,7/12/2011,1,1,1,260,27.3,287.3,TeleShop,Clothing,Women
30393978304,271073,7/12/2011,1,2,-2,-742,155.82,-1639.82,MBR,Footwear,Women
45370671165,269588,7/12/2011,6,5,1,385,40.425,425.425,e-Shop,Books,DIY
4413494132,274556,7/12/2011,3,2,3,588,185.22,1949.22,Flagship store,Footwear,Kids
80178050598,270357,7/12/2011,10,3,2,147,30.87,324.87,TeleShop,Electronics,Audio and video
83021189013,274829,7/12/2011,12,5,4,1395,585.9,6165.9,Flagship store,Books,Academic
65160295763,274143,7/12/2011,10,6,3,1473,463.995,4882.995,e-Shop,Home and kitchen,Audio and video
90979560288,268317,7/12/2011,4,1,2,1256,263.76,2775.76,Flagship store,Clothing,Mens
98394845787,271095,7/12/2011,5,3,4,423,177.66,1869.66,e-Shop,Electronics,Computers
73578026335,268129,7/12/2011,1,4,3,1401,441.315,4644.315,MBR,Bags,Women
68194454747,269932,7/12/2011,9,3,3,1441,453.915,4776.915,e-Shop,Electronics,Cameras
17652740016,268246,6/12/2011,12,5,5,1083,568.575,5983.575,e-Shop,Books,Academic
1274072334,268603,6/12/2011,12,5,2,817,171.57,1805.57,TeleShop,Books,Academic
40891563738,268461,6/12/2011,2,6,4,1414,593.88,6249.88,MBR,Home and kitchen,Furnishing
14217242060,269195,6/12/2011,4,3,1,401,42.105,443.105,MBR,Electronics,Mens
26799540846,269403,6/12/2011,4,2,4,1069,448.98,4724.98,e-Shop,Footwear,Mens
15639583679,266836,6/12/2011,4,1,4,122,51.24,539.24,MBR,Clothing,Mens
52876794261,271101,6/12/2011,1,1,5,1321,693.525,7298.525,MBR,Clothing,Women
29194761670,273052,6/12/2011,2,6,2,1135,238.35,2508.35,e-Shop,Home and kitchen,Furnishing
32452156445,271511,6/12/2011,11,5,3,339,106.785,1123.785,e-Shop,Books,Children
60176647550,271176,6/12/2011,1,4,5,1312,688.8,7248.8,TeleShop,Bags,Women
50517418841,270333,6/12/2011,4,4,2,383,80.43,846.43,MBR,Bags,Mens
20649916110,274209,6/12/2011,10,3,2,1247,261.87,2755.87,Flagship store,Electronics,Audio and video
2174946764,268487,6/12/2011,3,5,2,1096,230.16,2422.16,Flagship store,Books,Kids
27228423713,274832,6/12/2011,5,3,1,112,11.76,123.76,e-Shop,Electronics,Computers
64237793731,270296,6/12/2011,6,5,4,1392,584.64,6152.64,Flagship store,Books,DIY
93092452979,268873,6/12/2011,1,1,3,481,151.515,1594.515,e-Shop,Clothing,Women
79496380570,273924,6/12/2011,11,5,2,132,27.72,291.72,Flagship store,Books,Children
79367430527,275098,6/12/2011,1,2,1,182,19.11,201.11,Flagship store,Footwear,Women
93975055792,273355,6/12/2011,5,3,1,277,29.085,306.085,e-Shop,Electronics,Computers
96655333385,267881,6/12/2011,7,5,3,1376,433.44,4561.44,e-Shop,Books,Fiction
4088952022,269662,5/12/2011,10,3,1,1106,116.13,1222.13,MBR,Electronics,Audio and video
56048322201,268558,5/12/2011,1,1,3,929,292.635,3079.635,TeleShop,Clothing,Women
29589040218,268712,5/12/2011,3,5,4,436,183.12,1927.12,e-Shop,Books,Kids
39717578022,267713,5/12/2011,5,3,3,265,83.475,878.475,MBR,Electronics,Computers
42784935109,274868,5/12/2011,7,5,-2,-709,148.89,-1566.89,e-Shop,Books,Fiction
27100059052,266851,5/12/2011,11,5,5,962,505.05,5315.05,e-Shop,Books,Children
6968832011,268712,5/12/2011,1,1,2,812,170.52,1794.52,TeleShop,Clothing,Women
23666929075,269536,5/12/2011,10,6,2,1085,227.85,2397.85,MBR,Home and kitchen,Audio and video
55603015458,273761,5/12/2011,1,1,4,242,101.64,1069.64,Flagship store,Clothing,Women
30393978304,271073,5/12/2011,1,2,2,742,155.82,1639.82,MBR,Footwear,Women
26082081710,267284,5/12/2011,3,5,5,351,184.275,1939.275,e-Shop,Books,Kids
33648222360,274767,5/12/2011,5,3,1,772,81.06,853.06,TeleShop,Electronics,Computers
32338200644,270944,5/12/2011,4,3,2,1195,250.95,2640.95,e-Shop,Electronics,Mens
57041760655,269717,5/12/2011,3,5,2,118,24.78,260.78,Flagship store,Books,Kids
98818741996,268727,5/12/2011,1,2,-2,-476,99.96,-1051.96,Flagship store,Footwear,Women
66744674335,275257,5/12/2011,10,3,1,1297,136.185,1433.185,e-Shop,Electronics,Audio and video
80922831602,267473,5/12/2011,4,2,4,1478,620.76,6532.76,Flagship store,Footwear,Mens
65750070935,269013,5/12/2011,3,1,1,86,9.03,95.03,TeleShop,Clothing,Kids
93391290810,269134,5/12/2011,9,3,4,1448,608.16,6400.16,Flagship store,Electronics,Cameras
95579712156,268467,5/12/2011,10,6,3,1099,346.185,3643.185,MBR,Home and kitchen,Audio and video
11123100262,274219,4/12/2011,6,5,5,1268,665.7,7005.7,e-Shop,Books,DIY
21083349392,269375,4/12/2011,7,5,3,159,50.085,527.085,Flagship store,Books,Fiction
36169595277,272623,4/12/2011,10,3,4,406,170.52,1794.52,e-Shop,Electronics,Audio and video
32357196054,274227,4/12/2011,12,5,2,680,142.8,1502.8,TeleShop,Books,Academic
42784935109,274868,4/12/2011,7,5,2,709,148.89,1566.89,e-Shop,Books,Fiction
56963279332,273186,4/12/2011,10,5,4,173,72.66,764.66,Flagship store,Books,Audio and video
11727589714,274849,4/12/2011,12,5,2,102,21.42,225.42,e-Shop,Books,Academic
20630217348,275205,4/12/2011,12,6,4,779,327.18,3443.18,Flagship store,Home and kitchen,Academic
24517383687,267165,4/12/2011,6,5,1,212,22.26,234.26,TeleShop,Books,DIY
51619323255,271312,4/12/2011,11,5,2,1013,212.73,2238.73,TeleShop,Books,Children
75147099792,274582,4/12/2011,1,1,2,370,77.7,817.7,Flagship store,Clothing,Women
85539856171,270337,4/12/2011,1,1,2,363,76.23,802.23,MBR,Clothing,Women
67494771515,275200,4/12/2011,12,5,1,628,65.94,693.94,MBR,Books,Academic
91874040451,273770,4/12/2011,4,4,2,948,199.08,2095.08,e-Shop,Bags,Mens
94756211732,269544,4/12/2011,4,4,5,308,161.7,1701.7,e-Shop,Bags,Mens
88656641482,269473,4/12/2011,2,6,5,616,323.4,3403.4,Flagship store,Home and kitchen,Furnishing
94074363504,270923,4/12/2011,12,5,1,702,73.71,775.71,e-Shop,Books,Academic
64725039922,267756,4/12/2011,9,3,1,293,30.765,323.765,TeleShop,Electronics,Cameras
62412888385,274121,3/12/2011,6,5,3,757,238.455,2509.455,Flagship store,Books,DIY
60319110737,269600,3/12/2011,12,5,4,309,129.78,1365.78,e-Shop,Books,Academic
22227403561,272002,3/12/2011,4,3,1,1005,105.525,1110.525,TeleShop,Electronics,Mens
26978920348,273038,3/12/2011,7,5,-5,-844,443.1,-4663.1,Flagship store,Books,Fiction
37827444622,270076,3/12/2011,11,5,5,1131,593.775,6248.775,e-Shop,Books,Children
58404347975,267775,3/12/2011,10,5,4,815,342.3,3602.3,e-Shop,Books,Audio and video
57667157626,272667,3/12/2011,10,5,2,645,135.45,1425.45,e-Shop,Books,Audio and video
21653779845,268274,3/12/2011,11,5,4,1485,623.7,6563.7,e-Shop,Books,Children
4903451237,268076,3/12/2011,3,2,5,563,295.575,3110.575,e-Shop,Footwear,Kids
35746394957,269266,3/12/2011,1,1,5,74,38.85,408.85,Flagship store,Clothing,Women
60653478690,270977,3/12/2011,7,5,2,300,63,663,e-Shop,Books,Fiction
6127085655,273638,3/12/2011,9,3,2,1379,289.59,3047.59,Flagship store,Electronics,Cameras
58724500881,271595,3/12/2011,1,1,2,1031,216.51,2278.51,MBR,Clothing,Women
46596322619,272654,3/12/2011,4,2,5,679,356.475,3751.475,e-Shop,Footwear,Mens
46812685955,272286,3/12/2011,12,6,-1,-223,23.415,-246.415,MBR,Home and kitchen,Academic
38692366323,272805,3/12/2011,12,6,3,833,262.395,2761.395,e-Shop,Home and kitchen,Academic
21926955638,269053,3/12/2011,11,6,3,1332,419.58,4415.58,TeleShop,Home and kitchen,Children
88457488877,269382,3/12/2011,4,2,1,1150,120.75,1270.75,Flagship store,Footwear,Mens
99154380278,271841,3/12/2011,1,2,1,1478,155.19,1633.19,MBR,Footwear,Women
71017289264,272547,3/12/2011,10,3,4,1434,602.28,6338.28,e-Shop,Electronics,Audio and video
63718494381,268015,3/12/2011,10,3,3,769,242.235,2549.235,e-Shop,Electronics,Audio and video
3725780676,267503,2/12/2011,4,1,4,437,183.54,1931.54,e-Shop,Clothing,Mens
51991831845,274229,2/12/2011,10,5,1,269,28.245,297.245,e-Shop,Books,Audio and video
50536511164,274130,2/12/2011,6,5,4,1166,489.72,5153.72,Flagship store,Books,DIY
32688691079,267023,2/12/2011,3,1,5,1043,547.575,5762.575,TeleShop,Clothing,Kids
56743775364,273183,2/12/2011,11,6,2,1386,291.06,3063.06,e-Shop,Home and kitchen,Children
39236737410,270721,2/12/2011,4,3,1,151,15.855,166.855,e-Shop,Electronics,Mens
25383742826,267463,2/12/2011,9,3,3,372,117.18,1233.18,Flagship store,Electronics,Cameras
53171013408,271738,2/12/2011,12,5,2,710,149.1,1569.1,MBR,Books,Academic
48184348234,269519,2/12/2011,4,4,3,1024,322.56,3394.56,e-Shop,Bags,Mens
49942700530,268578,2/12/2011,3,1,1,901,94.605,995.605,MBR,Clothing,Kids
58335620905,274373,2/12/2011,10,6,5,662,347.55,3657.55,TeleShop,Home and kitchen,Audio and video
63525282758,268565,2/12/2011,4,2,2,435,91.35,961.35,MBR,Footwear,Mens
96928836642,269804,2/12/2011,2,6,2,775,162.75,1712.75,MBR,Home and kitchen,Furnishing
98818741996,268727,2/12/2011,1,2,2,476,99.96,1051.96,Flagship store,Footwear,Women
79110189070,274468,2/12/2011,10,6,3,1017,320.355,3371.355,e-Shop,Home and kitchen,Audio and video
99229165189,271771,2/12/2011,4,4,5,1240,651,6851,Flagship store,Bags,Mens
83616985519,269136,2/12/2011,6,5,4,1129,474.18,4990.18,TeleShop,Books,DIY
65900455483,266872,2/12/2011,1,4,1,337,35.385,372.385,MBR,Bags,Women
63727046546,273436,2/12/2011,4,1,-3,-1053,331.695,-3490.695,Flagship store,Clothing,Mens
80223144383,272030,2/12/2011,4,2,4,293,123.06,1295.06,Flagship store,Footwear,Mens
95342769136,268438,2/12/2011,3,1,-5,-1188,623.7,-6563.7,MBR,Clothing,Kids
5589578142,274092,1/12/2011,3,1,2,284,59.64,627.64,MBR,Clothing,Kids
35189275228,271732,1/12/2011,11,6,4,1111,466.62,4910.62,e-Shop,Home and kitchen,Children
60639526665,273560,1/12/2011,4,4,4,770,323.4,3403.4,TeleShop,Bags,Mens
11162256719,268608,1/12/2011,1,2,5,727,381.675,4016.675,MBR,Footwear,Women
82290213938,269355,1/12/2011,1,4,5,881,462.525,4867.525,e-Shop,Bags,Women
89754418710,274468,1/12/2011,8,3,3,166,52.29,550.29,TeleShop,Electronics,Personal Appliances
96842403323,269153,1/12/2011,3,5,3,1195,376.425,3961.425,e-Shop,Books,Kids
80750480793,274948,1/12/2011,5,3,1,1481,155.505,1636.505,TeleShop,Electronics,Computers
81379370831,272359,1/12/2011,9,3,2,757,158.97,1672.97,e-Shop,Electronics,Cameras
88210214157,268998,1/12/2011,1,1,5,1278,670.95,7060.95,e-Shop,Clothing,Women
71089857874,267478,1/12/2011,12,6,3,386,121.59,1279.59,MBR,Home and kitchen,Academic
63789849315,267430,1/12/2011,5,3,4,692,290.64,3058.64,e-Shop,Electronics,Computers
36866482185,272858,30-11-2011,5,3,3,371,116.865,1229.865,MBR,Electronics,Computers
29241121447,274406,30-11-2011,10,6,3,1320,415.8,4375.8,Flagship store,Home and kitchen,Audio and video
25353219041,268329,30-11-2011,11,5,1,1007,105.735,1112.735,Flagship store,Books,Children
39054160263,274790,30-11-2011,12,6,-1,-1017,106.785,-1123.785,TeleShop,Home and kitchen,Academic
7535594746,269629,30-11-2011,7,5,3,768,241.92,2545.92,e-Shop,Books,Fiction
1533073344,273775,30-11-2011,3,1,1,1121,117.705,1238.705,MBR,Clothing,Kids
31845323576,271261,30-11-2011,10,3,5,1090,572.25,6022.25,MBR,Electronics,Audio and video
60280842606,270722,30-11-2011,3,5,1,346,36.33,382.33,TeleShop,Books,Kids
31867619432,268571,30-11-2011,3,1,-5,-418,219.45,-2309.45,TeleShop,Clothing,Kids
1115674704,271703,30-11-2011,3,1,2,518,108.78,1144.78,e-Shop,Clothing,Kids
7084334736,273155,30-11-2011,10,5,4,759,318.78,3354.78,e-Shop,Books,Audio and video
55672770630,269952,30-11-2011,10,5,1,128,13.44,141.44,e-Shop,Books,Audio and video
89393208885,274470,30-11-2011,12,5,5,879,461.475,4856.475,Flagship store,Books,Academic
67985706364,271417,30-11-2011,3,1,4,324,136.08,1432.08,Flagship store,Clothing,Kids
99498913801,273472,30-11-2011,9,3,5,269,141.225,1486.225,e-Shop,Electronics,Cameras
91533447843,269844,30-11-2011,8,3,2,865,181.65,1911.65,TeleShop,Electronics,Personal Appliances
72299367813,273026,30-11-2011,12,5,1,983,103.215,1086.215,e-Shop,Books,Academic
94165361845,268847,30-11-2011,9,3,2,1355,284.55,2994.55,e-Shop,Electronics,Cameras
69678275355,274960,30-11-2011,11,5,2,325,68.25,718.25,e-Shop,Books,Children
91294691602,267232,30-11-2011,4,2,5,890,467.25,4917.25,TeleShop,Footwear,Mens
63727046546,273436,30-11-2011,4,1,3,1053,331.695,3490.695,Flagship store,Clothing,Mens
63656204601,273307,30-11-2011,1,1,4,1224,514.08,5410.08,e-Shop,Clothing,Women
91254172372,267976,30-11-2011,1,2,5,659,345.975,3640.975,e-Shop,Footwear,Women
85835452161,270854,30-11-2011,10,5,1,785,82.425,867.425,e-Shop,Books,Audio and video
96871067311,267748,30-11-2011,10,5,1,680,71.4,751.4,MBR,Books,Audio and video
33425117108,273271,29-11-2011,12,6,1,371,38.955,409.955,e-Shop,Home and kitchen,Academic
26978920348,273038,29-11-2011,7,5,5,844,443.1,4663.1,Flagship store,Books,Fiction
18992097551,267580,29-11-2011,3,5,3,715,225.225,2370.225,e-Shop,Books,Kids
26492507539,270353,29-11-2011,9,3,-5,-941,494.025,-5199.025,Flagship store,Electronics,Cameras
5156301433,274186,29-11-2011,9,3,4,473,198.66,2090.66,e-Shop,Electronics,Cameras
42779640090,269659,29-11-2011,12,6,4,801,336.42,3540.42,MBR,Home and kitchen,Academic
48808684929,274505,29-11-2011,3,2,1,168,17.64,185.64,MBR,Footwear,Kids
57120109898,274718,29-11-2011,1,4,3,798,251.37,2645.37,e-Shop,Bags,Women
7009013777,273364,29-11-2011,4,4,5,192,100.8,1060.8,Flagship store,Bags,Mens
48695915351,273490,29-11-2011,9,3,-5,-560,294,-3094,TeleShop,Electronics,Cameras
41748682414,270443,29-11-2011,1,2,3,804,253.26,2665.26,e-Shop,Footwear,Women
9932106167,268672,29-11-2011,11,5,1,1287,135.135,1422.135,Flagship store,Books,Children
21053459609,267037,29-11-2011,12,5,5,1269,666.225,7011.225,MBR,Books,Academic
58089795358,272482,29-11-2011,10,5,5,976,512.4,5392.4,Flagship store,Books,Audio and video
97311373122,270121,29-11-2011,10,3,5,1498,786.45,8276.45,TeleShop,Electronics,Audio and video
71067262672,273500,29-11-2011,1,4,5,87,45.675,480.675,MBR,Bags,Women
65463982117,271583,29-11-2011,4,4,1,1212,127.26,1339.26,Flagship store,Bags,Mens
74948368599,268895,29-11-2011,8,3,1,307,32.235,339.235,Flagship store,Electronics,Personal Appliances
90926391468,267226,29-11-2011,2,6,2,940,197.4,2077.4,e-Shop,Home and kitchen,Furnishing
69535679665,271955,29-11-2011,4,2,2,1293,271.53,2857.53,e-Shop,Footwear,Mens
89697531963,271375,29-11-2011,2,6,-1,-830,87.15,-917.15,Flagship store,Home and kitchen,Furnishing
93667859111,274438,29-11-2011,4,1,4,524,220.08,2316.08,e-Shop,Clothing,Mens
3376669750,270432,28-11-2011,3,2,1,288,30.24,318.24,e-Shop,Footwear,Kids
50703343959,268484,28-11-2011,10,5,4,687,288.54,3036.54,e-Shop,Books,Audio and video
7605699732,271201,28-11-2011,5,3,4,1122,471.24,4959.24,Flagship store,Electronics,Computers
31633243732,271975,28-11-2011,6,5,3,703,221.445,2330.445,e-Shop,Books,DIY
37276702739,274938,28-11-2011,7,5,-3,-399,125.685,-1322.685,e-Shop,Books,Fiction
20921819676,271279,28-11-2011,10,5,4,211,88.62,932.62,TeleShop,Books,Audio and video
49417073438,271014,28-11-2011,5,3,-3,-992,312.48,-3288.48,TeleShop,Electronics,Computers
48695915351,273490,28-11-2011,9,3,5,560,294,3094,TeleShop,Electronics,Cameras
8487372044,266998,28-11-2011,1,2,1,1325,139.125,1464.125,TeleShop,Footwear,Women
11632117865,274456,28-11-2011,3,1,4,821,344.82,3628.82,TeleShop,Clothing,Kids
62894545998,270608,28-11-2011,12,5,4,251,105.42,1109.42,e-Shop,Books,Academic
21594657843,270140,28-11-2011,6,5,4,1351,567.42,5971.42,TeleShop,Books,DIY
12472367780,268484,28-11-2011,1,4,1,592,62.16,654.16,e-Shop,Bags,Women
8838370338,268712,28-11-2011,12,5,5,625,328.125,3453.125,TeleShop,Books,Academic
61588148578,268136,28-11-2011,6,5,3,452,142.38,1498.38,Flagship store,Books,DIY
6873769416,272035,28-11-2011,10,5,5,298,156.45,1646.45,TeleShop,Books,Audio and video
30143049957,269463,28-11-2011,1,1,2,562,118.02,1242.02,e-Shop,Clothing,Women
24398534767,273649,28-11-2011,3,1,2,263,55.23,581.23,TeleShop,Clothing,Kids
99138205262,270905,28-11-2011,10,3,5,695,364.875,3839.875,MBR,Electronics,Audio and video
80901928484,273527,28-11-2011,1,1,1,557,58.485,615.485,e-Shop,Clothing,Women
97674250140,271055,28-11-2011,1,2,3,374,117.81,1239.81,MBR,Footwear,Women
89697531963,271375,28-11-2011,2,6,-1,-830,87.15,-917.15,Flagship store,Home and kitchen,Furnishing
58808037959,272513,27-11-2011,11,6,5,917,481.425,5066.425,e-Shop,Home and kitchen,Children
16274068291,271797,27-11-2011,4,2,-5,-1386,727.65,-7657.65,Flagship store,Footwear,Mens
58934732897,273185,27-11-2011,6,5,2,347,72.87,766.87,TeleShop,Books,DIY
31378350524,268207,27-11-2011,9,3,-3,-871,274.365,-2887.365,e-Shop,Electronics,Cameras
13611939582,272187,27-11-2011,1,4,2,530,111.3,1171.3,MBR,Bags,Women
30520132742,268981,27-11-2011,2,6,-2,-1263,265.23,-2791.23,MBR,Home and kitchen,Furnishing
30298563656,272883,27-11-2011,3,5,4,905,380.1,4000.1,MBR,Books,Kids
8702340469,275049,27-11-2011,4,4,1,167,17.535,184.535,e-Shop,Bags,Mens
40086092745,274522,27-11-2011,4,2,5,816,428.4,4508.4,TeleShop,Footwear,Mens
20699677139,274894,27-11-2011,11,5,4,1378,578.76,6090.76,MBR,Books,Children
33782642514,270047,27-11-2011,1,4,1,494,51.87,545.87,Flagship store,Bags,Women
48516822415,268424,27-11-2011,12,6,1,131,13.755,144.755,e-Shop,Home and kitchen,Academic
61132993577,267245,27-11-2011,4,2,5,1420,745.5,7845.5,e-Shop,Footwear,Mens
38803916621,270955,27-11-2011,1,1,3,943,297.045,3126.045,MBR,Clothing,Women
77719986239,270126,27-11-2011,1,1,1,1453,152.565,1605.565,e-Shop,Clothing,Women
91006884194,273660,27-11-2011,4,4,2,1387,291.27,3065.27,TeleShop,Bags,Mens
90390638104,274301,27-11-2011,8,3,3,472,148.68,1564.68,MBR,Electronics,Personal Appliances
95342769136,268438,27-11-2011,3,1,5,1188,623.7,6563.7,MBR,Clothing,Kids
86199938810,267106,27-11-2011,4,4,5,1321,693.525,7298.525,e-Shop,Bags,Mens
71043135934,266872,27-11-2011,10,6,3,1058,333.27,3507.27,MBR,Home and kitchen,Audio and video
71775469491,268323,27-11-2011,12,5,4,943,396.06,4168.06,MBR,Books,Academic
68479384754,267720,27-11-2011,4,3,4,1343,564.06,5936.06,TeleShop,Electronics,Mens
75355061580,269235,27-11-2011,3,5,1,440,46.2,486.2,e-Shop,Books,Kids
97925483282,270072,27-11-2011,3,1,4,336,141.12,1485.12,e-Shop,Clothing,Kids
66057369126,267058,27-11-2011,10,6,1,731,76.755,807.755,Flagship store,Home and kitchen,Audio and video
69342478800,270126,27-11-2011,6,5,2,419,87.99,925.99,Flagship store,Books,DIY
16274068291,271797,26-11-2011,4,2,5,1386,727.65,7657.65,Flagship store,Footwear,Mens
18820965070,272865,26-11-2011,5,3,5,1003,526.575,5541.575,e-Shop,Electronics,Computers
49172574913,274269,26-11-2011,4,3,3,977,307.755,3238.755,Flagship store,Electronics,Mens
46812685955,272286,26-11-2011,12,6,1,223,23.415,246.415,MBR,Home and kitchen,Academic
47985478255,273600,26-11-2011,3,1,5,594,311.85,3281.85,Flagship store,Clothing,Kids
45619237996,273157,26-11-2011,1,1,4,747,313.74,3301.74,e-Shop,Clothing,Women
57310472509,267852,26-11-2011,4,4,4,794,333.48,3509.48,MBR,Bags,Mens
49417073438,271014,26-11-2011,5,3,3,992,312.48,3288.48,TeleShop,Electronics,Computers
75510508781,271603,26-11-2011,4,1,3,342,107.73,1133.73,MBR,Clothing,Mens
89251833048,272948,26-11-2011,5,3,3,1421,447.615,4710.615,Flagship store,Electronics,Computers
89459887914,269423,26-11-2011,4,2,1,1487,156.135,1643.135,MBR,Footwear,Mens
75541504513,270459,26-11-2011,4,4,5,206,108.15,1138.15,Flagship store,Bags,Mens
71989286679,272322,26-11-2011,6,5,4,773,324.66,3416.66,e-Shop,Books,DIY
79130210110,271544,26-11-2011,11,6,2,425,89.25,939.25,e-Shop,Home and kitchen,Children
84330899122,273120,26-11-2011,7,5,2,568,119.28,1255.28,TeleShop,Books,Fiction
662132848,268792,25-11-2011,4,3,3,1055,332.325,3497.325,e-Shop,Electronics,Mens
60903404107,269691,25-11-2011,3,1,3,1382,435.33,4581.33,TeleShop,Clothing,Kids
8881338395,269218,25-11-2011,1,2,2,1186,249.06,2621.06,Flagship store,Footwear,Women
26492507539,270353,25-11-2011,9,3,5,941,494.025,5199.025,Flagship store,Electronics,Cameras
912948099,271544,25-11-2011,11,6,1,1296,136.08,1432.08,Flagship store,Home and kitchen,Children
14000802773,269125,25-11-2011,5,3,4,1127,473.34,4981.34,MBR,Electronics,Computers
60964944606,271306,25-11-2011,12,5,1,603,63.315,666.315,MBR,Books,Academic
41163991679,268708,25-11-2011,2,6,3,1180,371.7,3911.7,Flagship store,Home and kitchen,Furnishing
60775756042,268001,25-11-2011,4,3,5,235,123.375,1298.375,Flagship store,Electronics,Mens
5090971806,269396,25-11-2011,10,5,2,716,150.36,1582.36,TeleShop,Books,Audio and video
10379156405,270720,25-11-2011,11,5,4,1483,622.86,6554.86,e-Shop,Books,Children
18982172545,273587,25-11-2011,4,2,5,1232,646.8,6806.8,TeleShop,Footwear,Mens
55267177431,274682,25-11-2011,10,5,3,1297,408.555,4299.555,MBR,Books,Audio and video
31378350524,268207,25-11-2011,9,3,3,871,274.365,2887.365,e-Shop,Electronics,Cameras
81059148633,271901,25-11-2011,4,2,-1,-236,24.78,-260.78,Flagship store,Footwear,Mens
89489119463,267051,25-11-2011,10,5,1,1185,124.425,1309.425,MBR,Books,Audio and video
63220337953,270954,25-11-2011,2,6,3,602,189.63,1995.63,e-Shop,Home and kitchen,Furnishing
64801243743,274281,25-11-2011,4,3,5,193,101.325,1066.325,TeleShop,Electronics,Mens
88371281928,272772,25-11-2011,10,6,5,1244,653.1,6873.1,MBR,Home and kitchen,Audio and video
72898765126,274377,25-11-2011,8,3,4,433,181.86,1913.86,Flagship store,Electronics,Personal Appliances
85158278028,274118,25-11-2011,3,1,4,1245,522.9,5502.9,e-Shop,Clothing,Kids
37276702739,274938,24-11-2011,7,5,3,399,125.685,1322.685,e-Shop,Books,Fiction
54781376829,272515,24-11-2011,5,3,3,655,206.325,2171.325,e-Shop,Electronics,Computers
53445105357,267859,24-11-2011,10,5,4,714,299.88,3155.88,MBR,Books,Audio and video
51576450069,274645,24-11-2011,1,1,3,496,156.24,1644.24,MBR,Clothing,Women
5175063728,273389,24-11-2011,10,5,5,414,217.35,2287.35,MBR,Books,Audio and video
49447462366,275184,24-11-2011,1,1,2,111,23.31,245.31,MBR,Clothing,Women
60357037209,271806,24-11-2011,10,5,2,1396,293.16,3085.16,MBR,Books,Audio and video
41045155767,269171,24-11-2011,12,6,2,191,40.11,422.11,TeleShop,Home and kitchen,Academic
7168336014,274209,24-11-2011,2,6,3,1102,347.13,3653.13,TeleShop,Home and kitchen,Furnishing
10912587061,268032,24-11-2011,3,1,5,572,300.3,3160.3,e-Shop,Clothing,Kids
9559517402,268078,24-11-2011,12,5,-3,-515,162.225,-1707.225,TeleShop,Books,Academic
21794414894,273237,24-11-2011,1,1,2,1434,301.14,3169.14,MBR,Clothing,Women
57668609075,271605,24-11-2011,11,5,5,963,505.575,5320.575,e-Shop,Books,Children
43627607911,275187,24-11-2011,9,3,1,948,99.54,1047.54,Flagship store,Electronics,Cameras
12709951805,268289,24-11-2011,3,5,5,572,300.3,3160.3,MBR,Books,Kids
22346883988,273173,24-11-2011,12,6,1,1404,147.42,1551.42,MBR,Home and kitchen,Academic
14513789408,274717,24-11-2011,7,5,2,791,166.11,1748.11,e-Shop,Books,Fiction
99357900490,273053,24-11-2011,9,3,4,1093,459.06,4831.06,MBR,Electronics,Cameras
68911764113,267470,24-11-2011,10,3,5,203,106.575,1121.575,e-Shop,Electronics,Audio and video
65645648724,271028,24-11-2011,5,3,-2,-558,117.18,-1233.18,TeleShop,Electronics,Computers
98965312343,272720,24-11-2011,1,1,2,1118,234.78,2470.78,Flagship store,Clothing,Women
73604820793,274362,24-11-2011,3,5,5,989,519.225,5464.225,e-Shop,Books,Kids
76357260552,268326,24-11-2011,9,3,4,1212,509.04,5357.04,e-Shop,Electronics,Cameras
78957118391,274101,24-11-2011,3,2,3,1464,461.16,4853.16,MBR,Footwear,Kids
85197265252,268845,24-11-2011,4,2,1,1087,114.135,1201.135,e-Shop,Footwear,Mens
66847905245,272127,24-11-2011,3,5,2,1421,298.41,3140.41,e-Shop,Books,Kids
46244791041,267215,23-11-2011,12,5,3,1051,331.065,3484.065,Flagship store,Books,Academic
39054160263,274790,23-11-2011,12,6,1,1017,106.785,1123.785,TeleShop,Home and kitchen,Academic
36538523509,271867,23-11-2011,10,5,4,933,391.86,4123.86,MBR,Books,Audio and video
31668855352,267888,23-11-2011,1,2,-3,-270,85.05,-895.05,e-Shop,Footwear,Women
21423256000,267236,23-11-2011,3,2,3,603,189.945,1998.945,TeleShop,Footwear,Kids
9960979390,271760,23-11-2011,5,3,1,114,11.97,125.97,e-Shop,Electronics,Computers
15845782134,271954,23-11-2011,3,2,3,1483,467.145,4916.145,Flagship store,Footwear,Kids
24810881565,275174,23-11-2011,12,6,2,1349,283.29,2981.29,TeleShop,Home and kitchen,Academic
16684649925,269355,23-11-2011,5,3,3,1441,453.915,4776.915,Flagship store,Electronics,Computers
524488107,273043,23-11-2011,10,5,1,1342,140.91,1482.91,MBR,Books,Audio and video
25105597089,266824,23-11-2011,4,1,2,535,112.35,1182.35,MBR,Clothing,Mens
46155877214,269245,23-11-2011,4,1,-4,-630,264.6,-2784.6,TeleShop,Clothing,Mens
29853561039,272308,23-11-2011,12,5,5,1280,672,7072,Flagship store,Books,Academic
30520132742,268981,23-11-2011,2,6,2,1263,265.23,2791.23,MBR,Home and kitchen,Furnishing
81302848469,274986,23-11-2011,11,5,1,1441,151.305,1592.305,TeleShop,Books,Children
96726991916,272667,23-11-2011,12,5,4,1298,545.16,5737.16,MBR,Books,Academic
68211128863,270762,23-11-2011,5,3,3,705,222.075,2337.075,TeleShop,Electronics,Computers
75082533512,269825,23-11-2011,7,5,3,1480,466.2,4906.2,TeleShop,Books,Fiction
80354224354,271357,23-11-2011,3,1,2,1319,276.99,2914.99,TeleShop,Clothing,Kids
89697531963,271375,23-11-2011,2,6,1,830,87.15,917.15,Flagship store,Home and kitchen,Furnishing
26736322899,274593,22-11-2011,3,5,3,520,163.8,1723.8,Flagship store,Books,Kids
51506461017,270937,22-11-2011,7,5,2,1021,214.41,2256.41,e-Shop,Books,Fiction
2546629373,268289,22-11-2011,7,5,5,923,484.575,5099.575,e-Shop,Books,Fiction
7000015253,267543,22-11-2011,1,1,4,1280,537.6,5657.6,MBR,Clothing,Women
29561957503,269026,22-11-2011,11,5,1,894,93.87,987.87,MBR,Books,Children
31867619432,268571,22-11-2011,3,1,5,418,219.45,2309.45,TeleShop,Clothing,Kids
46487299487,270330,22-11-2011,6,5,2,149,31.29,329.29,e-Shop,Books,DIY
28089789206,268524,22-11-2011,10,5,1,190,19.95,209.95,e-Shop,Books,Audio and video
46155877214,269245,22-11-2011,4,1,4,630,264.6,2784.6,TeleShop,Clothing,Mens
33445168404,274175,22-11-2011,6,5,-2,-330,69.3,-729.3,TeleShop,Books,DIY
53799617194,275137,22-11-2011,9,3,1,577,60.585,637.585,Flagship store,Electronics,Cameras
31668855352,267888,22-11-2011,1,2,3,270,85.05,895.05,e-Shop,Footwear,Women
21821205661,273536,22-11-2011,5,3,-4,-913,383.46,-4035.46,TeleShop,Electronics,Computers
25778856220,271009,22-11-2011,10,3,4,86,36.12,380.12,e-Shop,Electronics,Audio and video
28921466587,272799,22-11-2011,11,6,3,855,269.325,2834.325,MBR,Home and kitchen,Children
22197571079,267281,22-11-2011,11,6,1,826,86.73,912.73,e-Shop,Home and kitchen,Children
55637693527,273359,22-11-2011,4,1,4,1173,492.66,5184.66,e-Shop,Clothing,Mens
38951170473,273123,22-11-2011,4,2,1,1324,139.02,1463.02,e-Shop,Footwear,Mens
35794732120,267886,22-11-2011,12,6,1,1101,115.605,1216.605,TeleShop,Home and kitchen,Academic
33144992723,273992,22-11-2011,9,3,1,923,96.915,1019.915,e-Shop,Electronics,Cameras
14942705840,268044,22-11-2011,3,5,5,975,511.875,5386.875,Flagship store,Books,Kids
25828306604,275017,22-11-2011,3,2,-4,-945,396.9,-4176.9,MBR,Footwear,Kids
32357581142,268044,22-11-2011,1,4,3,295,92.925,977.925,e-Shop,Bags,Women
70654970018,270486,22-11-2011,4,1,4,1048,440.16,4632.16,TeleShop,Clothing,Mens
80793545380,269825,22-11-2011,10,3,5,1212,636.3,6696.3,MBR,Electronics,Audio and video
64200745315,273897,22-11-2011,1,1,-5,-457,239.925,-2524.925,MBR,Clothing,Women
85371359545,271721,22-11-2011,1,4,4,1101,462.42,4866.42,Flagship store,Bags,Women
90828158137,269933,22-11-2011,1,4,2,1449,304.29,3202.29,e-Shop,Bags,Women
87959398346,272869,22-11-2011,3,1,3,180,56.7,596.7,TeleShop,Clothing,Kids
78388628821,268055,22-11-2011,1,4,4,1353,568.26,5980.26,TeleShop,Bags,Women
91322567583,270340,22-11-2011,3,1,3,1065,335.475,3530.475,MBR,Clothing,Kids
99809978540,273395,22-11-2011,4,1,-5,-355,186.375,-1961.375,MBR,Clothing,Mens
82442942261,270705,22-11-2011,5,3,4,465,195.3,2055.3,e-Shop,Electronics,Computers
33445168404,274175,21-11-2011,6,5,2,330,69.3,729.3,TeleShop,Books,DIY
32011191590,272904,21-11-2011,4,1,5,1206,633.15,6663.15,e-Shop,Clothing,Mens
26249648732,272772,21-11-2011,4,3,1,663,69.615,732.615,Flagship store,Electronics,Mens
2032011182,269172,21-11-2011,10,5,-3,-1211,381.465,-4014.465,e-Shop,Books,Audio and video
52340283213,269705,21-11-2011,3,2,5,594,311.85,3281.85,TeleShop,Footwear,Kids
22880163689,267157,21-11-2011,1,4,4,1041,437.22,4601.22,e-Shop,Bags,Women
14126362716,268126,21-11-2011,3,1,1,148,15.54,163.54,MBR,Clothing,Kids
3759068805,270290,21-11-2011,12,5,1,89,9.345,98.345,MBR,Books,Academic
98125539957,272341,21-11-2011,11,5,1,881,92.505,973.505,e-Shop,Books,Children
85684077987,271192,21-11-2011,4,1,5,1173,615.825,6480.825,TeleShop,Clothing,Mens
65706623976,268895,21-11-2011,4,2,5,112,58.8,618.8,e-Shop,Footwear,Mens
70210274867,267209,21-11-2011,4,3,5,1317,691.425,7276.425,e-Shop,Electronics,Mens
96973822521,268923,21-11-2011,6,5,1,575,60.375,635.375,e-Shop,Books,DIY
80939502488,267205,21-11-2011,9,3,5,1227,644.175,6779.175,e-Shop,Electronics,Cameras
90296888294,271111,21-11-2011,9,3,4,824,346.08,3642.08,e-Shop,Electronics,Cameras
70118186481,273076,21-11-2011,11,5,1,1373,144.165,1517.165,e-Shop,Books,Children
85982943858,268773,21-11-2011,4,2,2,221,46.41,488.41,e-Shop,Footwear,Mens
56798037762,269952,20-11-2011,1,1,2,140,29.4,309.4,Flagship store,Clothing,Women
30744583757,273428,20-11-2011,8,3,3,575,181.125,1906.125,MBR,Electronics,Personal Appliances
1598628253,273067,20-11-2011,10,3,4,191,80.22,844.22,e-Shop,Electronics,Audio and video
19846148108,272343,20-11-2011,1,4,3,1428,449.82,4733.82,Flagship store,Bags,Women
15130538173,273965,20-11-2011,11,6,5,603,316.575,3331.575,TeleShop,Home and kitchen,Children
61715042999,267934,20-11-2011,10,3,2,1255,263.55,2773.55,TeleShop,Electronics,Audio and video
7423243694,275094,20-11-2011,5,3,5,239,125.475,1320.475,e-Shop,Electronics,Computers
40148114022,274099,20-11-2011,1,2,-1,-560,58.8,-618.8,e-Shop,Footwear,Women
58614811041,267076,20-11-2011,1,1,4,138,57.96,609.96,e-Shop,Clothing,Women
42300923590,275227,20-11-2011,8,3,3,259,81.585,858.585,e-Shop,Electronics,Personal Appliances
43928819165,268745,20-11-2011,1,4,4,261,109.62,1153.62,MBR,Bags,Women
91432544391,272649,20-11-2011,1,4,2,1463,307.23,3233.23,Flagship store,Bags,Women
85647829917,273190,20-11-2011,2,6,5,191,100.275,1055.275,Flagship store,Home and kitchen,Furnishing
94666965258,273114,20-11-2011,4,4,3,577,181.755,1912.755,Flagship store,Bags,Mens
86252573000,269601,20-11-2011,10,3,-2,-81,17.01,-179.01,Flagship store,Electronics,Audio and video
47899954282,274288,19-11-2011,4,4,2,1292,271.32,2855.32,TeleShop,Bags,Mens
60509990308,272126,19-11-2011,9,3,5,974,511.35,5381.35,Flagship store,Electronics,Cameras
35734260832,268317,19-11-2011,5,3,5,283,148.575,1563.575,Flagship store,Electronics,Computers
12237747128,273625,19-11-2011,12,5,1,460,48.3,508.3,Flagship store,Books,Academic
10534157891,267257,19-11-2011,12,5,1,197,20.685,217.685,MBR,Books,Academic
10443896254,274398,19-11-2011,1,1,3,1439,453.285,4770.285,e-Shop,Clothing,Women
32018478806,274509,19-11-2011,11,6,1,1454,152.67,1606.67,MBR,Home and kitchen,Children
35069956508,270037,19-11-2011,11,6,5,178,93.45,983.45,TeleShop,Home and kitchen,Children
28071956821,274669,19-11-2011,3,1,4,119,49.98,525.98,e-Shop,Clothing,Kids
52298235233,269926,19-11-2011,10,6,4,523,219.66,2311.66,e-Shop,Home and kitchen,Audio and video
8469664274,267784,19-11-2011,3,5,2,1035,217.35,2287.35,e-Shop,Books,Kids
2032011182,269172,19-11-2011,10,5,3,1211,381.465,4014.465,e-Shop,Books,Audio and video
37329866841,271820,19-11-2011,12,6,1,986,103.53,1089.53,Flagship store,Home and kitchen,Academic
57673619170,269205,19-11-2011,11,5,5,1492,783.3,8243.3,TeleShop,Books,Children
29192144301,270401,19-11-2011,1,2,1,1255,131.775,1386.775,e-Shop,Footwear,Women
1575758422,271961,19-11-2011,1,1,4,842,353.64,3721.64,e-Shop,Clothing,Women
27099760277,269723,19-11-2011,4,1,2,923,193.83,2039.83,e-Shop,Clothing,Mens
37280279414,268073,19-11-2011,6,5,5,1440,756,7956,MBR,Books,DIY
91637486648,273304,19-11-2011,4,4,1,1292,135.66,1427.66,Flagship store,Bags,Mens
96387972042,270962,19-11-2011,4,3,2,609,127.89,1345.89,e-Shop,Electronics,Mens
92435002879,274969,19-11-2011,4,3,4,107,44.94,472.94,e-Shop,Electronics,Mens
92551128645,268004,19-11-2011,10,6,3,684,215.46,2267.46,e-Shop,Home and kitchen,Audio and video
91346704893,272540,19-11-2011,7,5,4,657,275.94,2903.94,e-Shop,Books,Fiction
63826277855,275060,19-11-2011,11,5,3,991,312.165,3285.165,MBR,Books,Children
88095019352,274395,19-11-2011,1,1,-5,-934,490.35,-5160.35,MBR,Clothing,Women
85753449475,270502,19-11-2011,10,3,2,1061,222.81,2344.81,MBR,Electronics,Audio and video
82008679855,268647,19-11-2011,4,3,4,196,82.32,866.32,TeleShop,Electronics,Mens
1017193935,268607,18-11-2011,10,5,5,658,345.45,3635.45,MBR,Books,Audio and video
14575680361,269645,18-11-2011,10,5,1,1313,137.865,1450.865,MBR,Books,Audio and video
30698647342,270405,18-11-2011,4,4,-2,-358,75.18,-791.18,e-Shop,Bags,Mens
28958596339,271818,18-11-2011,11,5,-1,-1424,149.52,-1573.52,e-Shop,Books,Children
9532067388,267343,18-11-2011,12,6,3,1064,335.16,3527.16,MBR,Home and kitchen,Academic
9559517402,268078,18-11-2011,12,5,3,515,162.225,1707.225,TeleShop,Books,Academic
8498327542,270950,18-11-2011,3,2,1,118,12.39,130.39,TeleShop,Footwear,Kids
17335788262,267715,18-11-2011,2,6,-4,-889,373.38,-3929.38,e-Shop,Home and kitchen,Furnishing
13351286219,270985,18-11-2011,4,3,4,302,126.84,1334.84,Flagship store,Electronics,Mens
20291665862,267996,18-11-2011,3,1,2,1393,292.53,3078.53,e-Shop,Clothing,Kids
59916446688,267586,18-11-2011,10,6,2,1483,311.43,3277.43,e-Shop,Home and kitchen,Audio and video
39998476903,271166,18-11-2011,4,2,3,419,131.985,1388.985,Flagship store,Footwear,Mens
35030444164,268129,18-11-2011,1,1,5,1047,549.675,5784.675,MBR,Clothing,Women
3889794615,270608,18-11-2011,3,5,-5,-798,418.95,-4408.95,Flagship store,Books,Kids
81353579045,272708,18-11-2011,12,5,-2,-1133,237.93,-2503.93,e-Shop,Books,Academic
65844276736,273787,18-11-2011,1,1,5,1409,739.725,7784.725,MBR,Clothing,Women
65645648724,271028,18-11-2011,5,3,2,558,117.18,1233.18,TeleShop,Electronics,Computers
84804209706,268674,18-11-2011,9,3,5,485,254.625,2679.625,TeleShop,Electronics,Cameras
771282304,274706,17-11-2011,3,2,2,584,122.64,1290.64,Flagship store,Footwear,Kids
40148114022,274099,17-11-2011,1,2,1,560,58.8,618.8,e-Shop,Footwear,Women
29208529518,271766,17-11-2011,10,5,5,908,476.7,5016.7,e-Shop,Books,Audio and video
37451704605,274798,17-11-2011,12,6,5,1409,739.725,7784.725,TeleShop,Home and kitchen,Academic
5187751758,272163,17-11-2011,1,4,2,115,24.15,254.15,e-Shop,Bags,Women
49341537224,269168,17-11-2011,11,6,3,1197,377.055,3968.055,MBR,Home and kitchen,Children
29571087233,267177,17-11-2011,3,1,5,904,474.6,4994.6,e-Shop,Clothing,Kids
12783232733,273598,17-11-2011,12,5,5,1497,785.925,8270.925,e-Shop,Books,Academic
13560850624,271680,17-11-2011,8,3,5,745,391.125,4116.125,e-Shop,Electronics,Personal Appliances
41542689340,273802,17-11-2011,11,5,2,584,122.64,1290.64,TeleShop,Books,Children
62324828066,274460,17-11-2011,10,6,1,582,61.11,643.11,e-Shop,Home and kitchen,Audio and video
48467011716,274086,17-11-2011,11,6,3,854,269.01,2831.01,e-Shop,Home and kitchen,Children
88095019352,274395,17-11-2011,1,1,5,934,490.35,5160.35,MBR,Clothing,Women
80546484682,270335,17-11-2011,3,1,4,1090,457.8,4817.8,Flagship store,Clothing,Kids
90248857416,270432,17-11-2011,4,4,1,1105,116.025,1221.025,e-Shop,Bags,Mens
81059148633,271901,17-11-2011,4,2,1,236,24.78,260.78,Flagship store,Footwear,Mens
76184789694,273355,17-11-2011,7,5,-5,-268,140.7,-1480.7,TeleShop,Books,Fiction
64802811593,274384,17-11-2011,5,3,2,1255,263.55,2773.55,Flagship store,Electronics,Computers
85932826966,268735,17-11-2011,1,1,3,1270,400.05,4210.05,MBR,Clothing,Women
64989739858,271498,17-11-2011,11,6,5,962,505.05,5315.05,Flagship store,Home and kitchen,Children
85015810745,267701,17-11-2011,10,6,2,277,58.17,612.17,e-Shop,Home and kitchen,Audio and video
97199743948,272555,17-11-2011,9,3,2,863,181.23,1907.23,MBR,Electronics,Cameras
73631821069,272580,17-11-2011,4,3,5,946,496.65,5226.65,e-Shop,Electronics,Mens
39190881483,267713,16-11-2011,11,5,2,722,151.62,1595.62,e-Shop,Books,Children
31804440512,272526,16-11-2011,3,1,2,464,97.44,1025.44,MBR,Clothing,Kids
58440882269,269651,16-11-2011,3,1,3,966,304.29,3202.29,e-Shop,Clothing,Kids
8694949350,273492,16-11-2011,1,1,3,1199,377.685,3974.685,TeleShop,Clothing,Women
18895929845,269261,16-11-2011,4,1,3,564,177.66,1869.66,Flagship store,Clothing,Mens
30664969956,271161,16-11-2011,4,3,1,330,34.65,364.65,e-Shop,Electronics,Mens
47186069627,270830,16-11-2011,3,2,5,1212,636.3,6696.3,e-Shop,Footwear,Kids
38176320771,268086,16-11-2011,10,6,-4,-883,370.86,-3902.86,TeleShop,Home and kitchen,Audio and video
18737956120,270144,16-11-2011,8,3,4,447,187.74,1975.74,e-Shop,Electronics,Personal Appliances
34755884932,268834,16-11-2011,12,5,5,1182,620.55,6530.55,e-Shop,Books,Academic
74266056057,269793,16-11-2011,1,2,1,536,56.28,592.28,MBR,Footwear,Women
65626389317,274788,16-11-2011,4,4,1,90,9.45,99.45,TeleShop,Bags,Mens
76184789694,273355,16-11-2011,7,5,5,268,140.7,1480.7,TeleShop,Books,Fiction
87628989698,273983,16-11-2011,3,5,4,1372,576.24,6064.24,e-Shop,Books,Kids
75285430169,272409,16-11-2011,5,3,1,785,82.425,867.425,e-Shop,Electronics,Computers
59363342247,272690,15-11-2011,1,2,2,993,208.53,2194.53,MBR,Footwear,Women
30583845895,269984,15-11-2011,11,5,4,257,107.94,1135.94,Flagship store,Books,Children
18091141576,267918,15-11-2011,3,5,4,724,304.08,3200.08,e-Shop,Books,Kids
39702670187,271516,15-11-2011,4,2,-4,-1298,545.16,-5737.16,MBR,Footwear,Mens
34147228089,269132,15-11-2011,10,3,5,187,98.175,1033.175,MBR,Electronics,Audio and video
27051779864,270071,15-11-2011,7,5,3,1419,446.985,4703.985,e-Shop,Books,Fiction
5647668995,274227,15-11-2011,4,1,3,204,64.26,676.26,e-Shop,Clothing,Mens
19035366775,270145,15-11-2011,9,3,5,1412,741.3,7801.3,e-Shop,Electronics,Cameras
9493237607,267296,15-11-2011,3,5,2,987,207.27,2181.27,MBR,Books,Kids
56731339008,271654,15-11-2011,8,3,3,1344,423.36,4455.36,MBR,Electronics,Personal Appliances
38219299809,268223,15-11-2011,1,4,5,830,435.75,4585.75,e-Shop,Bags,Women
23991203621,270581,15-11-2011,12,5,5,1050,551.25,5801.25,e-Shop,Books,Academic
27923575737,272420,15-11-2011,6,5,5,752,394.8,4154.8,e-Shop,Books,DIY
41585811254,268275,15-11-2011,2,6,1,181,19.005,200.005,e-Shop,Home and kitchen,Furnishing
17335788262,267715,15-11-2011,2,6,-4,-889,373.38,-3929.38,e-Shop,Home and kitchen,Furnishing
28958596339,271818,15-11-2011,11,5,1,1424,149.52,1573.52,e-Shop,Books,Children
95327076357,272249,15-11-2011,12,6,2,1286,270.06,2842.06,Flagship store,Home and kitchen,Academic
97322874973,271747,15-11-2011,4,2,2,273,57.33,603.33,e-Shop,Footwear,Mens
96619279137,268615,15-11-2011,9,3,4,1426,598.92,6302.92,e-Shop,Electronics,Cameras
91520724252,275175,15-11-2011,3,2,3,916,288.54,3036.54,e-Shop,Footwear,Kids
95184300080,268229,15-11-2011,10,3,2,1171,245.91,2587.91,TeleShop,Electronics,Audio and video
76806347192,269438,15-11-2011,10,6,2,1255,263.55,2773.55,MBR,Home and kitchen,Audio and video
98620348520,269351,15-11-2011,10,3,4,1085,455.7,4795.7,TeleShop,Electronics,Audio and video
81353579045,272708,15-11-2011,12,5,2,1133,237.93,2503.93,e-Shop,Books,Academic
67745830164,271389,15-11-2011,1,1,5,881,462.525,4867.525,TeleShop,Clothing,Women
64200745315,273897,15-11-2011,1,1,5,457,239.925,2524.925,MBR,Clothing,Women
99445710252,267529,15-11-2011,7,5,5,1121,588.525,6193.525,TeleShop,Books,Fiction
11122208000,271663,14-11-2011,10,6,5,138,72.45,762.45,e-Shop,Home and kitchen,Audio and video
38088575185,271417,14-11-2011,10,6,5,439,230.475,2425.475,Flagship store,Home and kitchen,Audio and video
29518452809,272482,14-11-2011,9,3,1,658,69.09,727.09,Flagship store,Electronics,Cameras
35284055788,271510,14-11-2011,10,6,3,90,28.35,298.35,TeleShop,Home and kitchen,Audio and video
44799805987,273459,14-11-2011,3,5,2,126,26.46,278.46,e-Shop,Books,Kids
35143464562,269233,14-11-2011,12,6,3,1260,396.9,4176.9,MBR,Home and kitchen,Academic
29356156961,272341,14-11-2011,1,4,3,605,190.575,2005.575,Flagship store,Bags,Women
32198669936,273623,14-11-2011,1,4,2,1234,259.14,2727.14,e-Shop,Bags,Women
61409536582,274365,14-11-2011,3,2,5,231,121.275,1276.275,TeleShop,Footwear,Kids
32081476258,271382,14-11-2011,9,3,5,1073,563.325,5928.325,e-Shop,Electronics,Cameras
38832590335,271606,14-11-2011,9,3,1,104,10.92,114.92,MBR,Electronics,Cameras
11641768891,272271,14-11-2011,9,3,2,1038,217.98,2293.98,Flagship store,Electronics,Cameras
58304921042,274072,14-11-2011,10,5,3,986,310.59,3268.59,MBR,Books,Audio and video
85085202235,269925,14-11-2011,5,3,5,709,372.225,3917.225,MBR,Electronics,Computers
69061357404,272678,14-11-2011,1,4,3,88,27.72,291.72,TeleShop,Bags,Women
86479369541,272831,14-11-2011,10,5,1,1126,118.23,1244.23,MBR,Books,Audio and video
96239868143,268379,14-11-2011,1,4,1,535,56.175,591.175,Flagship store,Bags,Women
85872956924,272403,14-11-2011,3,2,-4,-98,41.16,-433.16,TeleShop,Footwear,Kids
80355459748,266807,14-11-2011,1,4,4,779,327.18,3443.18,Flagship store,Bags,Women
72220966582,267594,14-11-2011,4,2,5,549,288.225,3033.225,e-Shop,Footwear,Mens
67396198460,270441,14-11-2011,4,4,2,1358,285.18,3001.18,TeleShop,Bags,Mens
96520263534,267661,14-11-2011,2,6,2,1450,304.5,3204.5,TeleShop,Home and kitchen,Furnishing
99809978540,273395,14-11-2011,4,1,5,355,186.375,1961.375,MBR,Clothing,Mens
86252573000,269601,14-11-2011,10,3,2,81,17.01,179.01,Flagship store,Electronics,Audio and video
69183917270,268100,14-11-2011,4,2,1,996,104.58,1100.58,Flagship store,Footwear,Mens
89437857236,274162,14-11-2011,10,6,1,766,80.43,846.43,MBR,Home and kitchen,Audio and video
53677059306,268933,13-11-2011,12,5,3,1385,436.275,4591.275,e-Shop,Books,Academic
51152858439,269443,13-11-2011,4,3,2,1196,251.16,2643.16,TeleShop,Electronics,Mens
60195474211,268476,13-11-2011,12,5,2,326,68.46,720.46,e-Shop,Books,Academic
25280238729,275073,13-11-2011,5,3,3,859,270.585,2847.585,MBR,Electronics,Computers
52294334880,269867,13-11-2011,7,5,4,1282,538.44,5666.44,MBR,Books,Fiction
58158777489,272557,13-11-2011,4,3,2,1435,301.35,3171.35,MBR,Electronics,Mens
38271924289,271202,13-11-2011,4,1,5,596,312.9,3292.9,TeleShop,Clothing,Mens
39702670187,271516,13-11-2011,4,2,4,1298,545.16,5737.16,MBR,Footwear,Mens
59570924415,270690,13-11-2011,10,5,3,285,89.775,944.775,MBR,Books,Audio and video
25828306604,275017,13-11-2011,3,2,4,945,396.9,4176.9,MBR,Footwear,Kids
22896747093,267000,13-11-2011,1,1,5,306,160.65,1690.65,TeleShop,Clothing,Women
27605240173,275125,13-11-2011,8,3,3,1088,342.72,3606.72,e-Shop,Electronics,Personal Appliances
61646522210,272889,13-11-2011,9,3,4,337,141.54,1489.54,TeleShop,Electronics,Cameras
31348856838,268297,13-11-2011,1,4,2,517,108.57,1142.57,Flagship store,Bags,Women
49893012354,274441,13-11-2011,11,6,1,505,53.025,558.025,TeleShop,Home and kitchen,Children
89213481241,272115,13-11-2011,7,5,1,1064,111.72,1175.72,MBR,Books,Fiction
83396079242,273799,13-11-2011,10,5,4,578,242.76,2554.76,TeleShop,Books,Audio and video
71736264168,273143,13-11-2011,2,6,5,836,438.9,4618.9,e-Shop,Home and kitchen,Furnishing
67336488061,270331,13-11-2011,4,4,1,232,24.36,256.36,TeleShop,Bags,Mens
88974243898,267497,13-11-2011,3,5,3,1027,323.505,3404.505,Flagship store,Books,Kids
81656846472,271365,13-11-2011,4,4,3,92,28.98,304.98,MBR,Bags,Mens
86468083190,273515,13-11-2011,3,5,2,550,115.5,1215.5,e-Shop,Books,Kids
76299835813,270370,13-11-2011,4,2,3,191,60.165,633.165,TeleShop,Footwear,Mens
68867970973,273162,13-11-2011,9,3,1,1411,148.155,1559.155,Flagship store,Electronics,Cameras
92788955969,273296,13-11-2011,1,1,5,658,345.45,3635.45,e-Shop,Clothing,Women
80460497684,271414,13-11-2011,1,4,5,710,372.75,3922.75,Flagship store,Bags,Women
66218831191,272815,13-11-2011,3,2,5,398,208.95,2198.95,MBR,Footwear,Kids
7044302277,270855,12/11/2011,11,6,2,1205,253.05,2663.05,Flagship store,Home and kitchen,Children
23161133879,269481,12/11/2011,5,3,1,195,20.475,215.475,TeleShop,Electronics,Computers
47504971222,273506,12/11/2011,9,3,5,846,444.15,4674.15,MBR,Electronics,Cameras
40143825895,269694,12/11/2011,4,4,5,1099,576.975,6071.975,Flagship store,Bags,Mens
621112155,268829,12/11/2011,3,2,3,1362,429.03,4515.03,TeleShop,Footwear,Kids
8221364107,268174,12/11/2011,6,5,5,1082,568.05,5978.05,TeleShop,Books,DIY
21821205661,273536,12/11/2011,5,3,4,913,383.46,4035.46,TeleShop,Electronics,Computers
17335788262,267715,12/11/2011,2,6,4,889,373.38,3929.38,e-Shop,Home and kitchen,Furnishing
3433540543,266848,12/11/2011,5,3,1,1136,119.28,1255.28,e-Shop,Electronics,Computers
62971020429,271910,12/11/2011,11,6,2,398,83.58,879.58,Flagship store,Home and kitchen,Children
29949343095,267806,12/11/2011,1,2,5,1398,733.95,7723.95,e-Shop,Footwear,Women
45189460430,274605,12/11/2011,3,5,1,145,15.225,160.225,e-Shop,Books,Kids
40542291447,272721,12/11/2011,1,1,3,310,97.65,1027.65,e-Shop,Clothing,Women
9238983070,271978,12/11/2011,10,5,1,849,89.145,938.145,TeleShop,Books,Audio and video
84560365522,271166,12/11/2011,4,2,3,849,267.435,2814.435,e-Shop,Footwear,Mens
63835852277,271603,12/11/2011,4,1,1,673,70.665,743.665,TeleShop,Clothing,Mens
85624816082,269870,12/11/2011,1,2,3,1050,330.75,3480.75,e-Shop,Footwear,Women
67122793940,268815,12/11/2011,10,6,1,1443,151.515,1594.515,Flagship store,Home and kitchen,Audio and video
85872956924,272403,12/11/2011,3,2,4,98,41.16,433.16,TeleShop,Footwear,Kids
70540131939,270923,12/11/2011,3,5,4,1168,490.56,5162.56,e-Shop,Books,Kids
70466381002,274651,12/11/2011,10,3,3,301,94.815,997.815,e-Shop,Electronics,Audio and video
92064679993,267775,12/11/2011,1,1,2,482,101.22,1065.22,MBR,Clothing,Women
65161823030,274412,12/11/2011,2,6,4,683,286.86,3018.86,Flagship store,Home and kitchen,Furnishing
20489341428,269658,11/11/2011,5,3,4,649,272.58,2868.58,e-Shop,Electronics,Computers
4441475848,272906,11/11/2011,3,2,2,130,27.3,287.3,Flagship store,Footwear,Kids
22256086430,267389,11/11/2011,8,3,1,131,13.755,144.755,Flagship store,Electronics,Personal Appliances
56406507355,272200,11/11/2011,2,6,5,1087,570.675,6005.675,TeleShop,Home and kitchen,Furnishing
44972852300,271965,11/11/2011,1,2,5,1261,662.025,6967.025,e-Shop,Footwear,Women
36791948319,268027,11/11/2011,11,6,3,794,250.11,2632.11,e-Shop,Home and kitchen,Children
29578343435,270752,11/11/2011,12,6,3,1003,315.945,3324.945,e-Shop,Home and kitchen,Academic
17166254698,268915,11/11/2011,2,6,5,1409,739.725,7784.725,Flagship store,Home and kitchen,Furnishing
13383986183,270613,11/11/2011,10,3,4,1224,514.08,5410.08,Flagship store,Electronics,Audio and video
38176320771,268086,11/11/2011,10,6,4,883,370.86,3902.86,TeleShop,Home and kitchen,Audio and video
22936191933,273240,11/11/2011,9,3,4,298,125.16,1317.16,Flagship store,Electronics,Cameras
59414393069,272731,11/11/2011,10,6,5,104,54.6,574.6,TeleShop,Home and kitchen,Audio and video
56152654308,267718,11/11/2011,11,6,2,457,95.97,1009.97,MBR,Home and kitchen,Children
30698647342,270405,11/11/2011,4,4,2,358,75.18,791.18,e-Shop,Bags,Mens
26602546988,271797,11/11/2011,10,6,4,681,286.02,3010.02,e-Shop,Home and kitchen,Audio and video
96698231673,274281,11/11/2011,9,3,1,1081,113.505,1194.505,TeleShop,Electronics,Cameras
70203705196,266824,11/11/2011,6,5,2,1381,290.01,3052.01,e-Shop,Books,DIY
82966898566,269780,11/11/2011,5,3,5,1391,730.275,7685.275,MBR,Electronics,Computers
81343460321,269965,11/11/2011,11,6,1,447,46.935,493.935,TeleShop,Home and kitchen,Children
81476830866,269171,11/11/2011,12,6,5,746,391.65,4121.65,e-Shop,Home and kitchen,Academic
94960071776,272434,11/11/2011,4,3,1,1167,122.535,1289.535,e-Shop,Electronics,Mens
92497906693,273417,11/11/2011,12,6,2,647,135.87,1429.87,e-Shop,Home and kitchen,Academic
70990364723,274773,11/11/2011,9,3,1,139,14.595,153.595,e-Shop,Electronics,Cameras
5430016300,272350,10/11/2011,4,2,3,362,114.03,1200.03,MBR,Footwear,Mens
1010994009,268133,10/11/2011,2,6,5,491,257.775,2712.775,e-Shop,Home and kitchen,Furnishing
28141807614,274868,10/11/2011,5,3,3,847,266.805,2807.805,MBR,Electronics,Computers
55646334684,272661,10/11/2011,5,3,3,536,168.84,1776.84,e-Shop,Electronics,Computers
59764214713,269485,10/11/2011,3,1,5,1011,530.775,5585.775,Flagship store,Clothing,Kids
31497354872,275142,10/11/2011,5,3,2,638,133.98,1409.98,e-Shop,Electronics,Computers
36071285091,273157,10/11/2011,10,6,1,1285,134.925,1419.925,MBR,Home and kitchen,Audio and video
54421466964,273569,10/11/2011,1,1,2,94,19.74,207.74,MBR,Clothing,Women
10965401049,273174,10/11/2011,2,6,5,105,55.125,580.125,e-Shop,Home and kitchen,Furnishing
51984688621,270244,10/11/2011,3,1,2,1127,236.67,2490.67,e-Shop,Clothing,Kids
20469676199,273293,10/11/2011,5,3,2,357,74.97,788.97,TeleShop,Electronics,Computers
9871815379,271147,10/11/2011,4,1,4,508,213.36,2245.36,MBR,Clothing,Mens
93455860097,271947,10/11/2011,4,1,-3,-1078,339.57,-3573.57,TeleShop,Clothing,Mens
93683405943,272079,10/11/2011,1,2,1,514,53.97,567.97,MBR,Footwear,Women
84526435079,268179,10/11/2011,3,5,2,932,195.72,2059.72,TeleShop,Books,Kids
98805067124,266833,10/11/2011,11,5,-1,-168,17.64,-185.64,e-Shop,Books,Children
84667401100,268016,10/11/2011,3,2,2,283,59.43,625.43,e-Shop,Footwear,Kids
65838440728,269069,10/11/2011,11,6,4,277,116.34,1224.34,MBR,Home and kitchen,Children
66943252911,273683,10/11/2011,4,3,2,899,188.79,1986.79,Flagship store,Electronics,Mens
83349140308,272048,10/11/2011,6,5,2,1325,278.25,2928.25,e-Shop,Books,DIY
70653237585,273878,10/11/2011,7,5,5,1290,677.25,7127.25,e-Shop,Books,Fiction
44011998318,267419,9/11/2011,4,2,1,1400,147,1547,TeleShop,Footwear,Mens
30353456798,270416,9/11/2011,4,2,5,1439,755.475,7950.475,TeleShop,Footwear,Mens
35761740856,267256,9/11/2011,1,4,4,1409,591.78,6227.78,MBR,Bags,Women
26537576782,270406,9/11/2011,10,3,4,437,183.54,1931.54,Flagship store,Electronics,Audio and video
17335933570,274034,9/11/2011,4,2,2,708,148.68,1564.68,e-Shop,Footwear,Mens
26730633916,271367,9/11/2011,1,2,5,545,286.125,3011.125,MBR,Footwear,Women
54765705128,267455,9/11/2011,4,4,-2,-863,181.23,-1907.23,MBR,Bags,Mens
12603486961,269275,9/11/2011,2,6,5,107,56.175,591.175,Flagship store,Home and kitchen,Furnishing
17298118296,266894,9/11/2011,7,5,5,1351,709.275,7464.275,Flagship store,Books,Fiction
39809243917,270142,9/11/2011,3,1,5,347,182.175,1917.175,e-Shop,Clothing,Kids
53483492813,275086,9/11/2011,10,3,3,1230,387.45,4077.45,e-Shop,Electronics,Audio and video
30449051970,268924,9/11/2011,8,3,5,1398,733.95,7723.95,e-Shop,Electronics,Personal Appliances
41182067472,269941,9/11/2011,5,3,4,825,346.5,3646.5,e-Shop,Electronics,Computers
27944386849,271595,9/11/2011,3,2,3,375,118.125,1243.125,e-Shop,Footwear,Kids
57451265436,274052,9/11/2011,1,1,5,1331,698.775,7353.775,TeleShop,Clothing,Women
3978984799,271112,9/11/2011,10,6,1,1439,151.095,1590.095,Flagship store,Home and kitchen,Audio and video
10848890399,272267,9/11/2011,4,1,3,545,171.675,1806.675,e-Shop,Clothing,Mens
35939269395,269723,9/11/2011,10,6,3,484,152.46,1604.46,Flagship store,Home and kitchen,Audio and video
9023080134,272170,9/11/2011,11,5,5,496,260.4,2740.4,Flagship store,Books,Children
73308662808,273975,9/11/2011,12,5,2,237,49.77,523.77,MBR,Books,Academic
99546168783,275204,9/11/2011,1,1,4,1136,477.12,5021.12,Flagship store,Clothing,Women
90576925621,274789,9/11/2011,2,6,1,458,48.09,506.09,e-Shop,Home and kitchen,Furnishing
95464182713,272323,9/11/2011,4,1,3,308,97.02,1021.02,MBR,Clothing,Mens
67135895066,274809,9/11/2011,12,5,1,1253,131.565,1384.565,MBR,Books,Academic
94250133443,266915,9/11/2011,1,4,2,1353,284.13,2990.13,e-Shop,Bags,Women
94411501321,267143,9/11/2011,10,5,1,555,58.275,613.275,Flagship store,Books,Audio and video
28741581972,274939,8/11/2011,4,4,1,1454,152.67,1606.67,e-Shop,Bags,Mens
1903493513,271100,8/11/2011,4,3,3,333,104.895,1103.895,Flagship store,Electronics,Mens
3889794615,270608,8/11/2011,3,5,5,798,418.95,4408.95,Flagship store,Books,Kids
62402429303,270527,8/11/2011,10,6,1,178,18.69,196.69,TeleShop,Home and kitchen,Audio and video
43600569437,269068,8/11/2011,4,4,5,818,429.45,4519.45,e-Shop,Bags,Mens
14186755515,275077,8/11/2011,12,5,4,229,96.18,1012.18,MBR,Books,Academic
4348162824,267497,8/11/2011,12,5,2,461,96.81,1018.81,Flagship store,Books,Academic
46736023057,271756,8/11/2011,10,5,3,1065,335.475,3530.475,Flagship store,Books,Audio and video
2142146415,269518,8/11/2011,4,1,2,850,178.5,1878.5,e-Shop,Clothing,Mens
45337220376,274462,8/11/2011,10,6,3,690,217.35,2287.35,MBR,Home and kitchen,Audio and video
60695495006,269929,8/11/2011,1,1,4,640,268.8,2828.8,Flagship store,Clothing,Women
14463397326,272088,8/11/2011,10,3,2,1447,303.87,3197.87,MBR,Electronics,Audio and video
4388307616,269476,8/11/2011,4,4,3,901,283.815,2986.815,e-Shop,Bags,Mens
23130921263,267835,8/11/2011,10,3,5,636,333.9,3513.9,Flagship store,Electronics,Audio and video
48576159710,274798,8/11/2011,11,5,5,94,49.35,519.35,TeleShop,Books,Children
78906115507,269736,8/11/2011,4,1,5,181,95.025,1000.025,e-Shop,Clothing,Mens
89166964972,270516,8/11/2011,4,1,1,1469,154.245,1623.245,Flagship store,Clothing,Mens
81188707303,273740,8/11/2011,12,6,4,1446,607.32,6391.32,e-Shop,Home and kitchen,Academic
88167450510,268028,8/11/2011,1,4,-5,-608,319.2,-3359.2,Flagship store,Bags,Women
91543734525,267935,8/11/2011,10,6,3,527,166.005,1747.005,MBR,Home and kitchen,Audio and video
80987772588,269373,8/11/2011,3,1,2,726,152.46,1604.46,MBR,Clothing,Kids
68274678261,267836,8/11/2011,3,1,1,1475,154.875,1629.875,MBR,Clothing,Kids
21233847603,272997,7/11/2011,1,1,1,465,48.825,513.825,e-Shop,Clothing,Women
34711045961,270923,7/11/2011,10,6,3,1018,320.67,3374.67,TeleShop,Home and kitchen,Audio and video
8615898093,267420,7/11/2011,6,5,5,1427,749.175,7884.175,MBR,Books,DIY
18384942976,274343,7/11/2011,4,2,-2,-1244,261.24,-2749.24,MBR,Footwear,Mens
18218254818,269613,7/11/2011,7,5,4,510,214.2,2254.2,e-Shop,Books,Fiction
4422294491,270164,7/11/2011,7,5,2,173,36.33,382.33,TeleShop,Books,Fiction
19099289819,271255,7/11/2011,6,5,5,1155,606.375,6381.375,MBR,Books,DIY
84176583154,269331,7/11/2011,9,3,1,1406,147.63,1553.63,Flagship store,Electronics,Cameras
79213230073,269146,7/11/2011,1,1,4,706,296.52,3120.52,Flagship store,Clothing,Women
84098842565,268458,7/11/2011,12,6,2,533,111.93,1177.93,e-Shop,Home and kitchen,Academic
66266003595,268535,7/11/2011,10,3,5,99,51.975,546.975,MBR,Electronics,Audio and video
66144631974,274646,7/11/2011,10,6,3,516,162.54,1710.54,Flagship store,Home and kitchen,Audio and video
66004370354,274826,7/11/2011,1,1,5,577,302.925,3187.925,e-Shop,Clothing,Women
88696965091,274685,7/11/2011,3,2,4,996,418.32,4402.32,Flagship store,Footwear,Kids
41653567427,273727,6/11/2011,1,1,3,1480,466.2,4906.2,e-Shop,Clothing,Women
28189024020,274624,6/11/2011,4,3,1,218,22.89,240.89,e-Shop,Electronics,Mens
40133555285,273385,6/11/2011,10,3,5,224,117.6,1237.6,e-Shop,Electronics,Audio and video
10738219246,273692,6/11/2011,11,5,4,651,273.42,2877.42,e-Shop,Books,Children
10576400327,272562,6/11/2011,4,1,5,965,506.625,5331.625,Flagship store,Clothing,Mens
32267070865,273317,6/11/2011,2,6,4,1013,425.46,4477.46,e-Shop,Home and kitchen,Furnishing
38219865928,270272,6/11/2011,11,6,5,529,277.725,2922.725,Flagship store,Home and kitchen,Children
13736276671,273939,6/11/2011,1,2,2,1194,250.74,2638.74,e-Shop,Footwear,Women
52413837254,266927,6/11/2011,9,3,-1,-423,44.415,-467.415,Flagship store,Electronics,Cameras
47143692497,274587,6/11/2011,3,2,2,841,176.61,1858.61,e-Shop,Footwear,Kids
27975703688,270290,6/11/2011,1,1,4,472,198.24,2086.24,e-Shop,Clothing,Women
83754895913,268975,6/11/2011,8,3,5,1057,554.925,5839.925,e-Shop,Electronics,Personal Appliances
96051495091,269728,6/11/2011,6,5,5,505,265.125,2790.125,e-Shop,Books,DIY
98525003317,273997,6/11/2011,12,5,5,147,77.175,812.175,e-Shop,Books,Academic
97106722987,269570,6/11/2011,11,6,1,247,25.935,272.935,MBR,Home and kitchen,Children
68366580902,270251,6/11/2011,9,3,1,1384,145.32,1529.32,MBR,Electronics,Cameras
79999097125,267158,6/11/2011,12,6,3,1186,373.59,3931.59,MBR,Home and kitchen,Academic
23437066139,272450,5/11/2011,10,6,2,859,180.39,1898.39,e-Shop,Home and kitchen,Audio and video
46441276839,267615,5/11/2011,1,1,4,156,65.52,689.52,e-Shop,Clothing,Women
5361183217,273233,5/11/2011,1,4,1,1147,120.435,1267.435,Flagship store,Bags,Women
58554192464,272713,5/11/2011,1,4,2,1012,212.52,2236.52,Flagship store,Bags,Women
60485828419,273317,5/11/2011,5,3,2,272,57.12,601.12,Flagship store,Electronics,Computers
49678387938,271896,5/11/2011,10,6,1,173,18.165,191.165,MBR,Home and kitchen,Audio and video
30625385476,272932,5/11/2011,12,5,4,1482,622.44,6550.44,e-Shop,Books,Academic
29141159699,267753,5/11/2011,3,1,2,91,19.11,201.11,Flagship store,Clothing,Kids
57440250051,270586,5/11/2011,4,4,3,547,172.305,1813.305,TeleShop,Bags,Mens
24796535155,274025,5/11/2011,9,3,3,485,152.775,1607.775,e-Shop,Electronics,Cameras
94396354440,269531,5/11/2011,11,6,3,1035,326.025,3431.025,e-Shop,Home and kitchen,Children
88807794388,269903,5/11/2011,1,4,4,225,94.5,994.5,e-Shop,Bags,Women
93455860097,271947,5/11/2011,4,1,3,1078,339.57,3573.57,TeleShop,Clothing,Mens
75119340681,271337,5/11/2011,7,5,3,1484,467.46,4919.46,e-Shop,Books,Fiction
71527720272,269178,5/11/2011,12,5,2,442,92.82,976.82,e-Shop,Books,Academic
78711890568,269193,5/11/2011,12,6,1,1449,152.145,1601.145,e-Shop,Home and kitchen,Academic
88612073742,269307,5/11/2011,11,5,5,979,513.975,5408.975,e-Shop,Books,Children
84151698434,274415,5/11/2011,3,2,1,640,67.2,707.2,MBR,Footwear,Kids
13058766346,272739,4/11/2011,2,6,3,964,303.66,3195.66,TeleShop,Home and kitchen,Furnishing
60428988982,275144,4/11/2011,4,2,3,277,87.255,918.255,TeleShop,Footwear,Mens
62414790668,272449,4/11/2011,1,4,3,1403,441.945,4650.945,MBR,Bags,Women
50108702815,267332,4/11/2011,12,6,5,88,46.2,486.2,TeleShop,Home and kitchen,Academic
55207305170,271839,4/11/2011,1,1,3,179,56.385,593.385,TeleShop,Clothing,Women
7037468973,270090,4/11/2011,12,6,4,1145,480.9,5060.9,e-Shop,Home and kitchen,Academic
35553024400,268505,4/11/2011,1,1,1,288,30.24,318.24,e-Shop,Clothing,Women
29493710735,268442,4/11/2011,8,3,4,428,179.76,1891.76,e-Shop,Electronics,Personal Appliances
47456678678,269136,4/11/2011,12,5,3,1106,348.39,3666.39,e-Shop,Books,Academic
80969148050,270145,4/11/2011,5,3,-5,-492,258.3,-2718.3,MBR,Electronics,Computers
66877690649,269375,4/11/2011,11,6,1,906,95.13,1001.13,TeleShop,Home and kitchen,Children
75844046606,268305,4/11/2011,10,5,-1,-858,90.09,-948.09,TeleShop,Books,Audio and video
66072987176,270184,4/11/2011,1,2,3,443,139.545,1468.545,e-Shop,Footwear,Women
13129409300,270553,3/11/2011,4,4,5,135,70.875,745.875,e-Shop,Bags,Mens
54765705128,267455,3/11/2011,4,4,2,863,181.23,1907.23,MBR,Bags,Mens
27897541714,274913,3/11/2011,10,3,4,143,60.06,632.06,MBR,Electronics,Audio and video
47306264716,272181,3/11/2011,11,5,3,1495,470.925,4955.925,e-Shop,Books,Children
20704065937,267316,3/11/2011,9,3,1,827,86.835,913.835,TeleShop,Electronics,Cameras
33967149868,274091,3/11/2011,3,2,1,1250,131.25,1381.25,MBR,Footwear,Kids
52885622213,270638,3/11/2011,10,5,2,1093,229.53,2415.53,MBR,Books,Audio and video
3306580096,272939,3/11/2011,12,6,1,1447,151.935,1598.935,e-Shop,Home and kitchen,Academic
37927273066,275131,3/11/2011,1,4,1,128,13.44,141.44,e-Shop,Bags,Women
1998817891,267545,3/11/2011,3,5,5,79,41.475,436.475,e-Shop,Books,Kids
88167450510,268028,3/11/2011,1,4,5,608,319.2,3359.2,Flagship store,Bags,Women
79991947166,274826,3/11/2011,4,2,1,802,84.21,886.21,Flagship store,Footwear,Mens
87096376782,267102,3/11/2011,1,2,4,1382,580.44,6108.44,e-Shop,Footwear,Women
66101492551,274834,3/11/2011,1,4,5,735,385.875,4060.875,MBR,Bags,Women
89074843646,273236,3/11/2011,1,2,3,666,209.79,2207.79,e-Shop,Footwear,Women
92572862658,271875,3/11/2011,1,4,2,198,41.58,437.58,Flagship store,Bags,Women
92733774659,274169,3/11/2011,2,6,3,1042,328.23,3454.23,e-Shop,Home and kitchen,Furnishing
18384942976,274343,2/11/2011,4,2,2,1244,261.24,2749.24,MBR,Footwear,Mens
22224461982,273308,2/11/2011,8,3,1,1257,131.985,1388.985,e-Shop,Electronics,Personal Appliances
1772932091,267632,2/11/2011,11,5,-5,-564,296.1,-3116.1,Flagship store,Books,Children
34297182828,275216,2/11/2011,6,5,5,1150,603.75,6353.75,Flagship store,Books,DIY
2425629299,271153,2/11/2011,10,3,3,185,58.275,613.275,MBR,Electronics,Audio and video
18361185806,271670,2/11/2011,3,5,5,1133,594.825,6259.825,TeleShop,Books,Kids
34422500420,271314,2/11/2011,5,3,3,129,40.635,427.635,Flagship store,Electronics,Computers
12819226149,271243,2/11/2011,4,2,3,791,249.165,2622.165,Flagship store,Footwear,Mens
43395909756,271847,2/11/2011,8,3,4,473,198.66,2090.66,Flagship store,Electronics,Personal Appliances
16997424349,268207,2/11/2011,2,6,-3,-372,117.18,-1233.18,MBR,Home and kitchen,Furnishing
38454460824,269174,2/11/2011,9,3,2,1399,293.79,3091.79,Flagship store,Electronics,Cameras
15818710510,267217,2/11/2011,11,5,4,343,144.06,1516.06,TeleShop,Books,Children
71143753759,270441,2/11/2011,6,5,1,174,18.27,192.27,e-Shop,Books,DIY
93915918839,275063,2/11/2011,4,2,4,491,206.22,2170.22,MBR,Footwear,Mens
96473113286,270928,2/11/2011,5,3,4,1486,624.12,6568.12,e-Shop,Electronics,Computers
81510252335,274703,2/11/2011,2,6,5,676,354.9,3734.9,MBR,Home and kitchen,Furnishing
83588625228,273555,2/11/2011,12,6,5,476,249.9,2629.9,e-Shop,Home and kitchen,Academic
18263460836,274327,1/11/2011,4,3,3,147,46.305,487.305,e-Shop,Electronics,Mens
31286059614,270692,1/11/2011,4,4,5,1489,781.725,8226.725,MBR,Bags,Mens
23263235773,273343,1/11/2011,12,6,-2,-1151,241.71,-2543.71,e-Shop,Home and kitchen,Academic
50682163583,268636,1/11/2011,6,5,3,806,253.89,2671.89,Flagship store,Books,DIY
53196901761,271233,1/11/2011,1,4,5,1142,599.55,6309.55,TeleShop,Bags,Women
17962673282,274076,1/11/2011,3,5,4,504,211.68,2227.68,Flagship store,Books,Kids
4183330388,270856,1/11/2011,4,3,3,574,180.81,1902.81,e-Shop,Electronics,Mens
15031769495,271647,1/11/2011,7,5,3,526,165.69,1743.69,TeleShop,Books,Fiction
13535637621,273729,1/11/2011,12,6,2,1058,222.18,2338.18,e-Shop,Home and kitchen,Academic
56027291835,270000,1/11/2011,3,2,1,1224,128.52,1352.52,e-Shop,Footwear,Kids
11796134435,273043,1/11/2011,10,5,1,1361,142.905,1503.905,Flagship store,Books,Audio and video
64656295205,269483,1/11/2011,3,1,2,1442,302.82,3186.82,MBR,Clothing,Kids
98281102995,274896,1/11/2011,4,1,1,965,101.325,1066.325,Flagship store,Clothing,Mens
91260523966,271077,1/11/2011,8,3,1,728,76.44,804.44,e-Shop,Electronics,Personal Appliances
75635424142,268972,1/11/2011,12,6,5,864,453.6,4773.6,e-Shop,Home and kitchen,Academic
97452374447,271260,1/11/2011,8,3,3,1181,372.015,3915.015,MBR,Electronics,Personal Appliances
73390601127,269060,1/11/2011,12,6,3,368,115.92,1219.92,MBR,Home and kitchen,Academic
85019310861,267045,1/11/2011,2,6,1,406,42.63,448.63,e-Shop,Home and kitchen,Furnishing
50209781475,274327,31-10-2011,10,5,3,1384,435.96,4587.96,TeleShop,Books,Audio and video
37428957138,273769,31-10-2011,5,3,4,215,90.3,950.3,TeleShop,Electronics,Computers
44915248662,270316,31-10-2011,10,6,1,447,46.935,493.935,e-Shop,Home and kitchen,Audio and video
1772932091,267632,31-10-2011,11,5,5,564,296.1,3116.1,Flagship store,Books,Children
1199691927,272198,31-10-2011,10,3,3,667,210.105,2211.105,Flagship store,Electronics,Audio and video
24578850540,275117,31-10-2011,1,4,4,850,357,3757,Flagship store,Bags,Women
32253358306,271464,31-10-2011,6,5,2,831,174.51,1836.51,e-Shop,Books,DIY
49335436394,273170,31-10-2011,5,3,3,856,269.64,2837.64,Flagship store,Electronics,Computers
13012782915,270668,31-10-2011,7,5,5,748,392.7,4132.7,Flagship store,Books,Fiction
99735614542,275194,31-10-2011,4,1,-2,-1417,297.57,-3131.57,e-Shop,Clothing,Mens
74237732420,272425,31-10-2011,7,5,2,1063,223.23,2349.23,e-Shop,Books,Fiction
79967388204,267124,31-10-2011,4,2,3,1072,337.68,3553.68,TeleShop,Footwear,Mens
83046431323,274003,31-10-2011,5,3,1,832,87.36,919.36,e-Shop,Electronics,Computers
95508469502,269968,31-10-2011,11,6,4,272,114.24,1202.24,TeleShop,Home and kitchen,Children
86582217072,274047,31-10-2011,7,5,1,498,52.29,550.29,Flagship store,Books,Fiction
98805067124,266833,31-10-2011,11,5,1,168,17.64,185.64,e-Shop,Books,Children
68456131358,270963,31-10-2011,11,6,-4,-741,311.22,-3275.22,TeleShop,Home and kitchen,Children
85432062160,273217,31-10-2011,3,2,3,1249,393.435,4140.435,e-Shop,Footwear,Kids
66042390522,273395,31-10-2011,3,5,2,1264,265.44,2793.44,Flagship store,Books,Kids
82433782470,273829,31-10-2011,3,2,5,1299,681.975,7176.975,Flagship store,Footwear,Kids
64147152662,274496,31-10-2011,1,2,5,1392,730.8,7690.8,e-Shop,Footwear,Women
1485663085,273128,30-10-2011,3,5,1,491,51.555,542.555,TeleShop,Books,Kids
42856153392,269812,30-10-2011,2,6,5,467,245.175,2580.175,e-Shop,Home and kitchen,Furnishing
52413837254,266927,30-10-2011,9,3,1,423,44.415,467.415,Flagship store,Electronics,Cameras
41160652013,268074,30-10-2011,12,6,1,1302,136.71,1438.71,TeleShop,Home and kitchen,Academic
3181025907,267629,30-10-2011,3,1,5,306,160.65,1690.65,e-Shop,Clothing,Kids
46140725415,270131,30-10-2011,11,5,5,616,323.4,3403.4,e-Shop,Books,Children
32606942543,267037,30-10-2011,4,3,1,704,73.92,777.92,Flagship store,Electronics,Mens
18160908724,270662,30-10-2011,3,2,4,433,181.86,1913.86,TeleShop,Footwear,Kids
39487967615,266875,30-10-2011,10,3,1,1110,116.55,1226.55,MBR,Electronics,Audio and video
21065065733,270049,30-10-2011,6,5,2,1052,220.92,2324.92,e-Shop,Books,DIY
31873180303,271448,30-10-2011,1,4,1,1463,153.615,1616.615,MBR,Bags,Women
11756907542,269158,30-10-2011,12,6,5,390,204.75,2154.75,e-Shop,Home and kitchen,Academic
27563760524,271455,30-10-2011,12,6,4,853,358.26,3770.26,TeleShop,Home and kitchen,Academic
56797081421,274972,30-10-2011,9,3,1,502,52.71,554.71,Flagship store,Electronics,Cameras
11060151441,270076,30-10-2011,3,2,5,1277,670.425,7055.425,e-Shop,Footwear,Kids
49002789888,268996,30-10-2011,8,3,4,1220,512.4,5392.4,MBR,Electronics,Personal Appliances
91165861773,269730,30-10-2011,4,4,3,1245,392.175,4127.175,e-Shop,Bags,Mens
79304016792,269211,30-10-2011,1,1,4,869,364.98,3840.98,MBR,Clothing,Women
99157960477,270285,30-10-2011,3,5,4,915,384.3,4044.3,e-Shop,Books,Kids
75676240495,272418,30-10-2011,4,2,3,740,233.1,2453.1,MBR,Footwear,Mens
76019324811,273095,30-10-2011,3,1,5,387,203.175,2138.175,e-Shop,Clothing,Kids
22449243468,274259,29-10-2011,4,1,3,1312,413.28,4349.28,e-Shop,Clothing,Mens
24484960860,270391,29-10-2011,10,5,1,1475,154.875,1629.875,Flagship store,Books,Audio and video
21673902403,274110,29-10-2011,3,2,1,1225,128.625,1353.625,e-Shop,Footwear,Kids
55748585277,273187,29-10-2011,9,3,4,1185,497.7,5237.7,e-Shop,Electronics,Cameras
2567939063,269789,29-10-2011,8,3,3,861,271.215,2854.215,e-Shop,Electronics,Personal Appliances
46437484316,270569,29-10-2011,4,2,1,1290,135.45,1425.45,MBR,Footwear,Mens
46751735624,270960,29-10-2011,7,5,4,1173,492.66,5184.66,MBR,Books,Fiction
56821166892,267711,29-10-2011,10,6,3,272,85.68,901.68,e-Shop,Home and kitchen,Audio and video
14918708706,272329,29-10-2011,6,5,1,882,92.61,974.61,Flagship store,Books,DIY
76619854979,268952,29-10-2011,4,2,4,376,157.92,1661.92,MBR,Footwear,Mens
70247899196,272255,29-10-2011,10,3,5,536,281.4,2961.4,e-Shop,Electronics,Audio and video
88504778787,271615,29-10-2011,4,4,2,1156,242.76,2554.76,e-Shop,Bags,Mens
79340093532,269034,29-10-2011,11,6,4,553,232.26,2444.26,MBR,Home and kitchen,Children
82496622807,269330,29-10-2011,10,6,2,347,72.87,766.87,MBR,Home and kitchen,Audio and video
80969148050,270145,29-10-2011,5,3,5,492,258.3,2718.3,MBR,Electronics,Computers
68456131358,270963,29-10-2011,11,6,4,741,311.22,3275.22,TeleShop,Home and kitchen,Children
86922814818,267819,29-10-2011,4,3,3,341,107.415,1130.415,e-Shop,Electronics,Mens
53708820433,268353,28-10-2011,3,2,4,87,36.54,384.54,e-Shop,Footwear,Kids
58185648249,267378,28-10-2011,12,5,4,199,83.58,879.58,Flagship store,Books,Academic
29318520205,271331,28-10-2011,3,5,5,1210,635.25,6685.25,e-Shop,Books,Kids
19923848083,272301,28-10-2011,6,5,4,939,394.38,4150.38,MBR,Books,DIY
45184953157,273795,28-10-2011,4,3,4,1356,569.52,5993.52,e-Shop,Electronics,Mens
52178718535,272986,28-10-2011,3,1,5,447,234.675,2469.675,TeleShop,Clothing,Kids
10465792931,274114,28-10-2011,10,5,5,1073,563.325,5928.325,e-Shop,Books,Audio and video
16997424349,268207,28-10-2011,2,6,3,372,117.18,1233.18,MBR,Home and kitchen,Furnishing
11791138452,267163,28-10-2011,10,5,1,690,72.45,762.45,e-Shop,Books,Audio and video
44418645641,271648,28-10-2011,5,3,5,630,330.75,3480.75,e-Shop,Electronics,Computers
59244916588,274933,28-10-2011,4,1,3,1439,453.285,4770.285,Flagship store,Clothing,Mens
34988299007,273127,28-10-2011,6,5,2,930,195.3,2055.3,Flagship store,Books,DIY
98569554011,271923,28-10-2011,1,4,3,595,187.425,1972.425,TeleShop,Bags,Women
85253977921,268772,28-10-2011,10,5,3,1247,392.805,4133.805,MBR,Books,Audio and video
93427999146,269350,28-10-2011,4,3,5,252,132.3,1392.3,TeleShop,Electronics,Mens
89996704689,271595,28-10-2011,4,1,2,467,98.07,1032.07,e-Shop,Clothing,Mens
82375716625,269640,28-10-2011,1,2,2,1035,217.35,2287.35,MBR,Footwear,Women
83259485319,269568,28-10-2011,10,3,4,976,409.92,4313.92,e-Shop,Electronics,Audio and video
43586766814,270302,27-10-2011,4,3,4,1112,467.04,4915.04,e-Shop,Electronics,Mens
8365688382,272595,27-10-2011,1,2,1,160,16.8,176.8,e-Shop,Footwear,Women
36814863669,271598,27-10-2011,3,1,2,145,30.45,320.45,e-Shop,Clothing,Kids
41118191652,272869,27-10-2011,3,1,5,599,314.475,3309.475,e-Shop,Clothing,Kids
32734524781,272777,27-10-2011,3,2,4,1041,437.22,4601.22,Flagship store,Footwear,Kids
38090855844,268079,27-10-2011,10,3,4,893,375.06,3947.06,e-Shop,Electronics,Audio and video
27250504113,269338,27-10-2011,10,3,-3,-887,279.405,-2940.405,Flagship store,Electronics,Audio and video
10747167416,269859,27-10-2011,11,5,-1,-827,86.835,-913.835,MBR,Books,Children
8174577217,268488,27-10-2011,1,1,5,506,265.65,2795.65,MBR,Clothing,Women
246768105,274608,27-10-2011,10,3,5,1446,759.15,7989.15,TeleShop,Electronics,Audio and video
89992236682,271404,27-10-2011,1,4,1,971,101.955,1072.955,MBR,Bags,Women
75844046606,268305,27-10-2011,10,5,1,858,90.09,948.09,TeleShop,Books,Audio and video
96620407307,275227,27-10-2011,4,3,3,113,35.595,374.595,TeleShop,Electronics,Mens
83204760472,268395,27-10-2011,10,6,1,179,18.795,197.795,Flagship store,Home and kitchen,Audio and video
96496924283,272799,27-10-2011,4,3,1,1407,147.735,1554.735,MBR,Electronics,Mens
64640133578,266807,27-10-2011,9,3,1,470,49.35,519.35,e-Shop,Electronics,Cameras
51282717785,273645,26-10-2011,12,5,2,696,146.16,1538.16,TeleShop,Books,Academic
2410782210,269178,26-10-2011,9,3,4,371,155.82,1639.82,e-Shop,Electronics,Cameras
11599281456,275028,26-10-2011,3,1,4,1457,611.94,6439.94,MBR,Clothing,Kids
40026343317,270176,26-10-2011,4,1,1,474,49.77,523.77,TeleShop,Clothing,Mens
20261732944,273713,26-10-2011,4,3,5,1176,617.4,6497.4,e-Shop,Electronics,Mens
23935304737,270453,26-10-2011,3,5,4,1471,617.82,6501.82,e-Shop,Books,Kids
59460073606,272424,26-10-2011,11,5,5,1197,628.425,6613.425,MBR,Books,Children
24683883707,270147,26-10-2011,10,5,-3,-1415,445.725,-4690.725,e-Shop,Books,Audio and video
3981938555,274072,26-10-2011,10,3,4,578,242.76,2554.76,TeleShop,Electronics,Audio and video
62125537510,268870,26-10-2011,1,2,4,143,60.06,632.06,e-Shop,Footwear,Women
28299966436,266855,26-10-2011,11,5,2,1386,291.06,3063.06,e-Shop,Books,Children
70763392420,272103,26-10-2011,5,3,5,79,41.475,436.475,e-Shop,Electronics,Computers
85144528881,274035,26-10-2011,1,4,-3,-1191,375.165,-3948.165,e-Shop,Bags,Women
87013685682,272969,26-10-2011,4,3,4,202,84.84,892.84,e-Shop,Electronics,Mens
85448975539,271119,26-10-2011,3,2,1,1151,120.855,1271.855,e-Shop,Footwear,Kids
99735614542,275194,26-10-2011,4,1,2,1417,297.57,3131.57,e-Shop,Clothing,Mens
85758348398,272587,26-10-2011,3,5,1,88,9.24,97.24,e-Shop,Books,Kids
80803066977,271338,26-10-2011,10,5,-1,-873,91.665,-964.665,e-Shop,Books,Audio and video
60344363117,274128,25-10-2011,1,2,1,1271,133.455,1404.455,Flagship store,Footwear,Women
52081370289,270560,25-10-2011,7,5,2,303,63.63,669.63,Flagship store,Books,Fiction
23849809387,275227,25-10-2011,11,6,5,802,421.05,4431.05,e-Shop,Home and kitchen,Children
37014048001,269766,25-10-2011,4,4,1,646,67.83,713.83,TeleShop,Bags,Mens
30176824232,269979,25-10-2011,3,2,3,1004,316.26,3328.26,e-Shop,Footwear,Kids
20168853604,271901,25-10-2011,8,3,4,307,128.94,1356.94,e-Shop,Electronics,Personal Appliances
23263235773,273343,25-10-2011,12,6,2,1151,241.71,2543.71,e-Shop,Home and kitchen,Academic
45571542558,272846,25-10-2011,9,3,2,1436,301.56,3173.56,e-Shop,Electronics,Cameras
21778398410,272032,25-10-2011,1,1,-5,-1283,673.575,-7088.575,e-Shop,Clothing,Women
33555566766,275030,25-10-2011,3,2,5,1493,783.825,8248.825,MBR,Footwear,Kids
13108386754,268807,25-10-2011,4,3,-4,-1384,581.28,-6117.28,Flagship store,Electronics,Mens
33394669025,270632,25-10-2011,5,3,4,495,207.9,2187.9,e-Shop,Electronics,Computers
58511908212,274689,25-10-2011,3,5,3,281,88.515,931.515,TeleShop,Books,Kids
69011127826,270388,25-10-2011,1,4,2,840,176.4,1856.4,e-Shop,Bags,Women
64258664481,270949,25-10-2011,4,3,3,1155,363.825,3828.825,e-Shop,Electronics,Mens
76071059967,272925,25-10-2011,6,5,-2,-1499,314.79,-3312.79,e-Shop,Books,DIY
91327614588,270406,25-10-2011,1,1,3,294,92.61,974.61,e-Shop,Clothing,Women
89251267419,267665,25-10-2011,9,3,4,548,230.16,2422.16,TeleShop,Electronics,Cameras
91509910213,270569,25-10-2011,9,3,2,590,123.9,1303.9,e-Shop,Electronics,Cameras
99354344343,270792,25-10-2011,3,2,5,1290,677.25,7127.25,Flagship store,Footwear,Kids
69759389510,268477,25-10-2011,3,1,5,1374,721.35,7591.35,e-Shop,Clothing,Kids
72305704977,270865,25-10-2011,1,1,5,1261,662.025,6967.025,Flagship store,Clothing,Women
49015381132,273464,24-10-2011,1,2,1,1002,105.21,1107.21,Flagship store,Footwear,Women
62414620900,266785,24-10-2011,4,2,2,1419,297.99,3135.99,e-Shop,Footwear,Mens
28196840505,275052,24-10-2011,11,6,5,179,93.975,988.975,MBR,Home and kitchen,Children
5126231833,269145,24-10-2011,8,3,2,264,55.44,583.44,MBR,Electronics,Personal Appliances
56821620683,268187,24-10-2011,4,3,1,740,77.7,817.7,e-Shop,Electronics,Mens
72078485067,266945,24-10-2011,1,4,5,1445,758.625,7983.625,e-Shop,Bags,Women
80110028939,272237,24-10-2011,10,6,4,1250,525,5525,MBR,Home and kitchen,Audio and video
78322732492,272440,24-10-2011,1,1,-5,-735,385.875,-4060.875,e-Shop,Clothing,Women
69712372125,273136,24-10-2011,7,5,4,84,35.28,371.28,MBR,Books,Fiction
66237401239,266896,24-10-2011,4,4,-5,-418,219.45,-2309.45,TeleShop,Bags,Mens
65451644312,271532,24-10-2011,1,2,4,1235,518.7,5458.7,e-Shop,Footwear,Women
88173591417,272990,24-10-2011,3,2,5,1270,666.75,7016.75,TeleShop,Footwear,Kids
63232157637,269541,24-10-2011,4,1,1,1080,113.4,1193.4,MBR,Clothing,Mens
69333608854,268664,24-10-2011,6,5,4,300,126,1326,TeleShop,Books,DIY
80694112699,269411,24-10-2011,4,2,-5,-574,301.35,-3171.35,e-Shop,Footwear,Mens
80803066977,271338,24-10-2011,10,5,1,873,91.665,964.665,e-Shop,Books,Audio and video
83462540365,274267,24-10-2011,12,6,3,1233,388.395,4087.395,Flagship store,Home and kitchen,Academic
67540603369,273435,24-10-2011,10,6,3,978,308.07,3242.07,TeleShop,Home and kitchen,Audio and video
2179882812,270772,23-10-2011,11,6,1,1290,135.45,1425.45,e-Shop,Home and kitchen,Children
9994964511,267037,23-10-2011,7,5,2,364,76.44,804.44,MBR,Books,Fiction
34596722249,268397,23-10-2011,1,1,2,448,94.08,990.08,Flagship store,Clothing,Women
19870658708,270561,23-10-2011,8,3,5,1378,723.45,7613.45,e-Shop,Electronics,Personal Appliances
19381060723,268841,23-10-2011,1,2,5,615,322.875,3397.875,e-Shop,Footwear,Women
21643199950,274758,23-10-2011,12,6,2,867,182.07,1916.07,MBR,Home and kitchen,Academic
8401776901,271495,23-10-2011,3,5,1,806,84.63,890.63,TeleShop,Books,Kids
42498831319,268670,23-10-2011,10,5,5,740,388.5,4088.5,TeleShop,Books,Audio and video
38629006507,273243,23-10-2011,1,1,3,1376,433.44,4561.44,TeleShop,Clothing,Women
58330160483,267465,23-10-2011,4,3,1,680,71.4,751.4,e-Shop,Electronics,Mens
44774150947,272817,23-10-2011,1,4,-5,-1035,543.375,-5718.375,Flagship store,Bags,Women
26636808054,268307,23-10-2011,11,5,-2,-162,34.02,-358.02,Flagship store,Books,Children
56428629020,268942,23-10-2011,10,6,1,1490,156.45,1646.45,MBR,Home and kitchen,Audio and video
32668638480,271687,23-10-2011,2,6,4,394,165.48,1741.48,MBR,Home and kitchen,Furnishing
33021121190,273197,23-10-2011,4,2,4,326,136.92,1440.92,TeleShop,Footwear,Mens
42296036307,267066,23-10-2011,3,2,4,225,94.5,994.5,e-Shop,Footwear,Kids
20540353716,268371,23-10-2011,3,1,1,1081,113.505,1194.505,e-Shop,Clothing,Kids
891851928,271834,23-10-2011,3,5,4,1159,486.78,5122.78,e-Shop,Books,Kids
43275464167,272177,23-10-2011,1,1,4,146,61.32,645.32,e-Shop,Clothing,Women
29672665949,268595,23-10-2011,1,2,5,1307,686.175,7221.175,e-Shop,Footwear,Women
45501970355,268793,23-10-2011,1,4,3,658,207.27,2181.27,e-Shop,Bags,Women
49645478808,267017,23-10-2011,3,5,5,732,384.3,4044.3,Flagship store,Books,Kids
81114357316,267939,23-10-2011,4,3,5,450,236.25,2486.25,e-Shop,Electronics,Mens
88101082313,274149,23-10-2011,1,1,-5,-656,344.4,-3624.4,e-Shop,Clothing,Women
77369248686,269282,23-10-2011,4,4,3,877,276.255,2907.255,e-Shop,Bags,Mens
88807149416,271818,23-10-2011,5,3,5,602,316.05,3326.05,TeleShop,Electronics,Computers
96895853751,273702,23-10-2011,10,6,2,312,65.52,689.52,Flagship store,Home and kitchen,Audio and video
76512785471,272728,23-10-2011,10,3,5,380,199.5,2099.5,Flagship store,Electronics,Audio and video
97203482911,267666,23-10-2011,2,6,3,507,159.705,1680.705,MBR,Home and kitchen,Furnishing
83696667411,274946,23-10-2011,3,2,3,122,38.43,404.43,Flagship store,Footwear,Kids
96299013504,269029,23-10-2011,2,6,2,90,18.9,198.9,TeleShop,Home and kitchen,Furnishing
67922182832,268046,23-10-2011,11,5,3,1067,336.105,3537.105,e-Shop,Books,Children
72219495166,268838,23-10-2011,8,3,5,341,179.025,1884.025,TeleShop,Electronics,Personal Appliances
15493891097,269718,22-10-2011,5,3,4,145,60.9,640.9,MBR,Electronics,Computers
45565410434,267005,22-10-2011,3,2,2,1071,224.91,2366.91,Flagship store,Footwear,Kids
50136242561,273258,22-10-2011,10,3,4,646,271.32,2855.32,Flagship store,Electronics,Audio and video
41090349120,270039,22-10-2011,10,3,4,1474,619.08,6515.08,MBR,Electronics,Audio and video
32833325195,270421,22-10-2011,7,5,2,515,108.15,1138.15,Flagship store,Books,Fiction
7993597692,269240,22-10-2011,11,6,3,1377,433.755,4564.755,e-Shop,Home and kitchen,Children
33851133078,271763,22-10-2011,11,6,-4,-455,191.1,-2011.1,MBR,Home and kitchen,Children
45130668656,268923,22-10-2011,4,1,5,147,77.175,812.175,Flagship store,Clothing,Mens
53378188539,272556,22-10-2011,1,4,5,1321,693.525,7298.525,TeleShop,Bags,Women
56054094260,274422,22-10-2011,12,6,-4,-1059,444.78,-4680.78,MBR,Home and kitchen,Academic
56484294461,273194,22-10-2011,4,3,4,358,150.36,1582.36,e-Shop,Electronics,Mens
3981327767,270950,22-10-2011,1,4,4,1330,558.6,5878.6,e-Shop,Bags,Women
91091471369,271716,22-10-2011,6,5,4,1167,490.14,5158.14,e-Shop,Books,DIY
90521081926,274072,22-10-2011,10,3,3,1363,429.345,4518.345,Flagship store,Electronics,Audio and video
85144528881,274035,22-10-2011,1,4,3,1191,375.165,3948.165,e-Shop,Bags,Women
88962303121,271468,22-10-2011,12,5,-2,-1423,298.83,-3144.83,MBR,Books,Academic
72591439280,273631,22-10-2011,11,6,3,994,313.11,3295.11,MBR,Home and kitchen,Children
65385061358,270655,22-10-2011,12,5,-2,-366,76.86,-808.86,e-Shop,Books,Academic
99733154390,268369,22-10-2011,1,1,3,158,49.77,523.77,Flagship store,Clothing,Women
49868200960,274722,21-10-2011,4,3,1,1237,129.885,1366.885,TeleShop,Electronics,Mens
45586904170,269085,21-10-2011,3,2,1,1466,153.93,1619.93,MBR,Footwear,Kids
32484068754,273275,21-10-2011,12,6,5,552,289.8,3049.8,Flagship store,Home and kitchen,Academic
17181501626,274411,21-10-2011,4,4,3,1452,457.38,4813.38,MBR,Bags,Mens
941475590,273563,21-10-2011,1,1,5,116,60.9,640.9,Flagship store,Clothing,Women
59265470552,269603,21-10-2011,10,5,3,931,293.265,3086.265,e-Shop,Books,Audio and video
33851133078,271763,21-10-2011,11,6,4,455,191.1,2011.1,MBR,Home and kitchen,Children
40865139689,272687,21-10-2011,3,5,4,697,292.74,3080.74,Flagship store,Books,Kids
58670835945,273331,21-10-2011,12,6,3,547,172.305,1813.305,e-Shop,Home and kitchen,Academic
10747167416,269859,21-10-2011,11,5,1,827,86.835,913.835,MBR,Books,Children
28368984187,270576,21-10-2011,10,5,4,615,258.3,2718.3,MBR,Books,Audio and video
36315322490,270213,21-10-2011,9,3,-1,-736,77.28,-813.28,MBR,Electronics,Cameras
51322295290,269327,21-10-2011,2,6,1,409,42.945,451.945,e-Shop,Home and kitchen,Furnishing
22439671035,273640,21-10-2011,7,5,2,642,134.82,1418.82,MBR,Books,Fiction
16826685564,274181,21-10-2011,11,5,3,800,252,2652,e-Shop,Books,Children
27094818338,269241,21-10-2011,2,6,3,1257,395.955,4166.955,e-Shop,Home and kitchen,Furnishing
24683883707,270147,21-10-2011,10,5,3,1415,445.725,4690.725,e-Shop,Books,Audio and video
65965658490,273889,21-10-2011,1,4,3,1405,442.575,4657.575,MBR,Bags,Women
93698335195,273828,21-10-2011,5,3,3,915,288.225,3033.225,Flagship store,Electronics,Computers
80162559589,270503,21-10-2011,10,5,3,510,160.65,1690.65,Flagship store,Books,Audio and video
96845494683,267291,21-10-2011,10,5,-3,-748,235.62,-2479.62,MBR,Books,Audio and video
73706658070,274759,21-10-2011,4,4,2,1388,291.48,3067.48,Flagship store,Bags,Mens
68403419156,271611,21-10-2011,11,6,3,1465,461.475,4856.475,TeleShop,Home and kitchen,Children
92712340452,272207,21-10-2011,10,3,3,1103,347.445,3656.445,MBR,Electronics,Audio and video
94353927681,272057,21-10-2011,8,3,5,649,340.725,3585.725,TeleShop,Electronics,Personal Appliances
88648852740,273677,21-10-2011,2,6,2,1293,271.53,2857.53,TeleShop,Home and kitchen,Furnishing
83692959091,267257,21-10-2011,3,2,5,916,480.9,5060.9,e-Shop,Footwear,Kids
73734176342,271955,21-10-2011,1,4,5,242,127.05,1337.05,Flagship store,Bags,Women
32423424293,275241,20-10-2011,3,2,2,1304,273.84,2881.84,e-Shop,Footwear,Kids
24224104709,271051,20-10-2011,7,5,5,718,376.95,3966.95,e-Shop,Books,Fiction
4847899730,269183,20-10-2011,4,4,2,542,113.82,1197.82,e-Shop,Bags,Mens
54408584193,272510,20-10-2011,11,6,3,829,261.135,2748.135,MBR,Home and kitchen,Children
21778398410,272032,20-10-2011,1,1,5,1283,673.575,7088.575,e-Shop,Clothing,Women
34732486417,271805,20-10-2011,1,2,4,1048,440.16,4632.16,e-Shop,Footwear,Women
16259280765,271943,20-10-2011,9,3,3,102,32.13,338.13,e-Shop,Electronics,Cameras
56054094260,274422,20-10-2011,12,6,4,1059,444.78,4680.78,MBR,Home and kitchen,Academic
55785338560,274160,20-10-2011,4,3,1,1016,106.68,1122.68,e-Shop,Electronics,Mens
36315322490,270213,20-10-2011,9,3,1,736,77.28,813.28,MBR,Electronics,Cameras
53478930515,274638,20-10-2011,3,2,-2,-532,111.72,-1175.72,Flagship store,Footwear,Kids
59608137005,268383,20-10-2011,4,1,5,313,164.325,1729.325,e-Shop,Clothing,Mens
59315531905,271062,20-10-2011,2,6,3,855,269.325,2834.325,TeleShop,Home and kitchen,Furnishing
51100021562,268491,20-10-2011,3,5,2,1077,226.17,2380.17,e-Shop,Books,Kids
8606568980,267005,20-10-2011,10,6,3,1306,411.39,4329.39,Flagship store,Home and kitchen,Audio and video
70016646445,271935,20-10-2011,12,5,2,173,36.33,382.33,Flagship store,Books,Academic
75568123372,268099,20-10-2011,4,2,4,1072,450.24,4738.24,TeleShop,Footwear,Mens
64670051781,270668,20-10-2011,10,5,1,716,75.18,791.18,MBR,Books,Audio and video
91437656068,271014,20-10-2011,4,1,5,1142,599.55,6309.55,TeleShop,Clothing,Mens
85220360253,274006,20-10-2011,1,4,2,404,84.84,892.84,e-Shop,Bags,Women
96845494683,267291,20-10-2011,10,5,3,748,235.62,2479.62,MBR,Books,Audio and video
40110760947,272603,19-10-2011,4,4,1,1191,125.055,1316.055,Flagship store,Bags,Mens
39349468094,269279,19-10-2011,12,6,3,1090,343.35,3613.35,e-Shop,Home and kitchen,Academic
56574205388,269874,19-10-2011,6,5,3,194,61.11,643.11,TeleShop,Books,DIY
53951827017,273143,19-10-2011,1,4,1,790,82.95,872.95,MBR,Bags,Women
26636808054,268307,19-10-2011,11,5,-2,-162,34.02,-358.02,Flagship store,Books,Children
4397272730,270229,19-10-2011,1,1,5,160,84,884,MBR,Clothing,Women
17584376998,270371,19-10-2011,4,2,4,95,39.9,419.9,Flagship store,Footwear,Mens
69420819537,266842,19-10-2011,4,3,5,108,56.7,596.7,TeleShop,Electronics,Mens
80694112699,269411,19-10-2011,4,2,5,574,301.35,3171.35,e-Shop,Footwear,Mens
66255353143,275197,19-10-2011,5,3,3,1241,390.915,4113.915,TeleShop,Electronics,Computers
71846166056,269873,19-10-2011,3,5,-5,-293,153.825,-1618.825,Flagship store,Books,Kids
66237401239,266896,19-10-2011,4,4,5,418,219.45,2309.45,TeleShop,Bags,Mens
24784607614,272518,18-10-2011,1,4,4,932,391.44,4119.44,MBR,Bags,Women
35938751143,271278,18-10-2011,5,3,1,762,80.01,842.01,Flagship store,Electronics,Computers
13108386754,268807,18-10-2011,4,3,4,1384,581.28,6117.28,Flagship store,Electronics,Mens
27250504113,269338,18-10-2011,10,3,3,887,279.405,2940.405,Flagship store,Electronics,Audio and video
9138168505,269291,18-10-2011,3,1,-3,-901,283.815,-2986.815,e-Shop,Clothing,Kids
28621658728,274535,18-10-2011,4,3,-4,-411,172.62,-1816.62,e-Shop,Electronics,Mens
33412509944,271349,18-10-2011,10,6,4,253,106.26,1118.26,Flagship store,Home and kitchen,Audio and video
32246030031,267594,18-10-2011,12,6,5,772,405.3,4265.3,e-Shop,Home and kitchen,Academic
42661289015,268584,18-10-2011,5,3,4,1110,466.2,4906.2,e-Shop,Electronics,Computers
29907084369,267152,18-10-2011,4,1,2,978,205.38,2161.38,Flagship store,Clothing,Mens
64030663204,274340,18-10-2011,3,1,5,1106,580.65,6110.65,e-Shop,Clothing,Kids
78322732492,272440,18-10-2011,1,1,5,735,385.875,4060.875,e-Shop,Clothing,Women
71369029396,269626,18-10-2011,12,6,1,638,66.99,704.99,e-Shop,Home and kitchen,Academic
78824874526,270880,18-10-2011,6,5,1,631,66.255,697.255,e-Shop,Books,DIY
68749335634,271185,18-10-2011,1,2,3,939,295.785,3112.785,TeleShop,Footwear,Women
90239268617,271053,18-10-2011,4,1,2,535,112.35,1182.35,e-Shop,Clothing,Mens
78421582729,274145,18-10-2011,1,2,5,1168,613.2,6453.2,Flagship store,Footwear,Women
29244633426,274883,17-10-2011,4,2,3,205,64.575,679.575,e-Shop,Footwear,Mens
30414014057,269216,17-10-2011,4,3,4,110,46.2,486.2,e-Shop,Electronics,Mens
1011227343,273962,17-10-2011,8,3,5,776,407.4,4287.4,MBR,Electronics,Personal Appliances
41963680870,267325,17-10-2011,10,5,3,908,286.02,3010.02,MBR,Books,Audio and video
15572020619,268057,17-10-2011,3,5,1,868,91.14,959.14,Flagship store,Books,Kids
21265719394,267235,17-10-2011,12,6,2,947,198.87,2092.87,MBR,Home and kitchen,Academic
42119162573,269455,17-10-2011,8,3,1,1120,117.6,1237.6,TeleShop,Electronics,Personal Appliances
44681652716,268968,17-10-2011,11,5,5,1448,760.2,8000.2,e-Shop,Books,Children
5658801755,271275,17-10-2011,6,5,5,548,287.7,3027.7,TeleShop,Books,DIY
53033871097,273498,17-10-2011,4,4,1,1035,108.675,1143.675,e-Shop,Bags,Mens
56048601427,272289,17-10-2011,3,5,3,886,279.09,2937.09,MBR,Books,Kids
32313127816,269883,17-10-2011,11,5,4,681,286.02,3010.02,e-Shop,Books,Children
26636808054,268307,17-10-2011,11,5,2,162,34.02,358.02,Flagship store,Books,Children
6726102323,267522,17-10-2011,1,1,2,1260,264.6,2784.6,TeleShop,Clothing,Women
3258120835,272354,17-10-2011,3,5,3,761,239.715,2522.715,MBR,Books,Kids
2463985406,270578,17-10-2011,3,1,-4,-313,131.46,-1383.46,Flagship store,Clothing,Kids
45965503445,267017,17-10-2011,11,5,3,1097,345.555,3636.555,e-Shop,Books,Children
35939605845,270717,17-10-2011,10,5,3,438,137.97,1451.97,e-Shop,Books,Audio and video
74514729338,274731,17-10-2011,12,6,1,751,78.855,829.855,e-Shop,Home and kitchen,Academic
76071059967,272925,17-10-2011,6,5,2,1499,314.79,3312.79,e-Shop,Books,DIY
94913299109,272761,17-10-2011,7,5,5,718,376.95,3966.95,TeleShop,Books,Fiction
65385061358,270655,17-10-2011,12,5,-2,-366,76.86,-808.86,e-Shop,Books,Academic
94404805392,271617,17-10-2011,3,2,5,1090,572.25,6022.25,Flagship store,Footwear,Kids
9138168505,269291,16-10-2011,3,1,3,901,283.815,2986.815,e-Shop,Clothing,Kids
6389814417,268958,16-10-2011,3,2,-4,-84,35.28,-371.28,e-Shop,Footwear,Kids
50257247095,274033,16-10-2011,11,6,3,1386,436.59,4594.59,e-Shop,Home and kitchen,Children
55061418641,273172,16-10-2011,4,4,4,486,204.12,2148.12,e-Shop,Bags,Mens
19772308271,273824,16-10-2011,6,5,1,264,27.72,291.72,MBR,Books,DIY
9537530476,271986,16-10-2011,10,6,1,590,61.95,651.95,Flagship store,Home and kitchen,Audio and video
91952937167,268370,16-10-2011,10,6,4,73,30.66,322.66,e-Shop,Home and kitchen,Audio and video
88366803515,269453,16-10-2011,3,5,-2,-1278,268.38,-2824.38,e-Shop,Books,Kids
67432723600,272688,16-10-2011,4,3,5,1416,743.4,7823.4,e-Shop,Electronics,Mens
68122365361,267588,16-10-2011,3,5,3,1421,447.615,4710.615,e-Shop,Books,Kids
92222446561,273610,16-10-2011,10,3,2,939,197.19,2075.19,MBR,Electronics,Audio and video
91838500197,268347,16-10-2011,1,4,3,622,195.93,2061.93,Flagship store,Bags,Women
69947054397,271144,16-10-2011,10,6,4,1475,619.5,6519.5,e-Shop,Home and kitchen,Audio and video
80598447463,269003,16-10-2011,5,3,-5,-138,72.45,-762.45,Flagship store,Electronics,Computers
94923305411,269501,16-10-2011,1,1,3,1364,429.66,4521.66,MBR,Clothing,Women
64929885006,272442,16-10-2011,10,5,3,202,63.63,669.63,MBR,Books,Audio and video
96909544816,267002,16-10-2011,5,3,5,71,37.275,392.275,e-Shop,Electronics,Computers
21826553491,270947,15-10-2011,11,5,3,930,292.95,3082.95,e-Shop,Books,Children
20698274580,271162,15-10-2011,8,3,-2,-844,177.24,-1865.24,MBR,Electronics,Personal Appliances
61986048527,275150,15-10-2011,3,2,3,1076,338.94,3566.94,e-Shop,Footwear,Kids
44611222255,272906,15-10-2011,1,4,1,107,11.235,118.235,Flagship store,Bags,Women
22004917279,268991,15-10-2011,4,3,3,119,37.485,394.485,Flagship store,Electronics,Mens
61290780466,270809,15-10-2011,4,2,4,486,204.12,2148.12,TeleShop,Footwear,Mens
10635938549,273769,15-10-2011,2,6,2,1347,282.87,2976.87,e-Shop,Home and kitchen,Furnishing
57181531750,271381,15-10-2011,6,5,5,1356,711.9,7491.9,e-Shop,Books,DIY
2950576318,272318,15-10-2011,9,3,3,1377,433.755,4564.755,MBR,Electronics,Cameras
41657791843,269521,15-10-2011,4,1,5,1089,571.725,6016.725,e-Shop,Clothing,Mens
207144440,273850,15-10-2011,10,3,3,961,302.715,3185.715,Flagship store,Electronics,Audio and video
9343186805,275072,15-10-2011,1,4,3,400,126,1326,MBR,Bags,Women
60959121723,271479,15-10-2011,11,5,3,1333,419.895,4418.895,e-Shop,Books,Children
41310269217,271803,15-10-2011,1,1,4,624,262.08,2758.08,TeleShop,Clothing,Women
10964789960,267609,15-10-2011,12,6,5,1003,526.575,5541.575,e-Shop,Home and kitchen,Academic
88962303121,271468,15-10-2011,12,5,2,1423,298.83,3144.83,MBR,Books,Academic
87782224630,273837,15-10-2011,7,5,5,901,473.025,4978.025,e-Shop,Books,Fiction
65385061358,270655,15-10-2011,12,5,2,366,76.86,808.86,e-Shop,Books,Academic
98776257981,275179,15-10-2011,4,4,3,621,195.615,2058.615,e-Shop,Bags,Mens
19586581936,270441,14-10-2011,3,2,1,354,37.17,391.17,MBR,Footwear,Kids
56929756999,275252,14-10-2011,1,1,-4,-1307,548.94,-5776.94,e-Shop,Clothing,Women
23841141286,269437,14-10-2011,4,2,3,424,133.56,1405.56,e-Shop,Footwear,Mens
40363376172,268068,14-10-2011,7,5,5,653,342.825,3607.825,Flagship store,Books,Fiction
40467597999,267738,14-10-2011,3,5,3,721,227.115,2390.115,MBR,Books,Kids
14741189751,266952,14-10-2011,10,5,4,976,409.92,4313.92,e-Shop,Books,Audio and video
38418027334,274805,14-10-2011,7,5,4,1146,481.32,5065.32,e-Shop,Books,Fiction
48506437286,272363,14-10-2011,4,1,3,1304,410.76,4322.76,e-Shop,Clothing,Mens
9409114194,272438,14-10-2011,10,5,2,351,73.71,775.71,e-Shop,Books,Audio and video
13066820512,273882,14-10-2011,5,3,3,340,107.1,1127.1,TeleShop,Electronics,Computers
5187838927,271414,14-10-2011,1,2,2,757,158.97,1672.97,Flagship store,Footwear,Women
24856749689,267265,14-10-2011,3,1,3,1351,425.565,4478.565,e-Shop,Clothing,Kids
42522908190,270801,14-10-2011,4,4,4,411,172.62,1816.62,e-Shop,Bags,Mens
3068767485,274673,14-10-2011,4,1,3,1302,410.13,4316.13,e-Shop,Clothing,Mens
88101082313,274149,14-10-2011,1,1,5,656,344.4,3624.4,e-Shop,Clothing,Women
97665738420,273017,14-10-2011,10,5,1,407,42.735,449.735,TeleShop,Books,Audio and video
98177784707,267246,14-10-2011,10,6,5,1118,586.95,6176.95,MBR,Home and kitchen,Audio and video
64091728043,270347,14-10-2011,10,5,-4,-107,44.94,-472.94,e-Shop,Books,Audio and video
65960359197,269301,14-10-2011,5,3,5,1346,706.65,7436.65,MBR,Electronics,Computers
80664240874,267333,14-10-2011,3,1,2,225,47.25,497.25,Flagship store,Clothing,Kids
88366803515,269453,14-10-2011,3,5,2,1278,268.38,2824.38,e-Shop,Books,Kids
87627593208,266942,14-10-2011,12,6,5,1339,702.975,7397.975,MBR,Home and kitchen,Academic
74100476017,272145,14-10-2011,3,1,3,1433,451.395,4750.395,MBR,Clothing,Kids
61450500054,269708,13-10-2011,4,3,2,1267,266.07,2800.07,e-Shop,Electronics,Mens
42324045497,269388,13-10-2011,1,1,-4,-1095,459.9,-4839.9,e-Shop,Clothing,Women
44774150947,272817,13-10-2011,1,4,5,1035,543.375,5718.375,Flagship store,Bags,Women
171116851,267991,13-10-2011,3,1,1,1367,143.535,1510.535,e-Shop,Clothing,Kids
59887794499,273423,13-10-2011,3,5,4,574,241.08,2537.08,Flagship store,Books,Kids
11051180236,272939,13-10-2011,5,3,2,1309,274.89,2892.89,e-Shop,Electronics,Computers
38767865732,272069,13-10-2011,12,5,3,744,234.36,2466.36,Flagship store,Books,Academic
55851431313,273422,13-10-2011,7,5,3,584,183.96,1935.96,e-Shop,Books,Fiction
723941644,270733,13-10-2011,7,5,3,200,63,663,e-Shop,Books,Fiction
7767913017,272839,13-10-2011,12,6,5,1138,597.45,6287.45,TeleShop,Home and kitchen,Academic
71047102712,272528,13-10-2011,12,5,5,1078,565.95,5955.95,TeleShop,Books,Academic
71846166056,269873,13-10-2011,3,5,5,293,153.825,1618.825,Flagship store,Books,Kids
79524515241,275081,13-10-2011,11,5,1,710,74.55,784.55,e-Shop,Books,Children
76823545603,275130,13-10-2011,4,1,1,101,10.605,111.605,Flagship store,Clothing,Mens
99923980206,269501,13-10-2011,3,5,1,831,87.255,918.255,e-Shop,Books,Kids
9105907189,267598,12/10/2011,10,6,1,1321,138.705,1459.705,e-Shop,Home and kitchen,Audio and video
788442271,271847,12/10/2011,1,1,-2,-368,77.28,-813.28,e-Shop,Clothing,Women
27372450091,270425,12/10/2011,10,3,2,1461,306.81,3228.81,e-Shop,Electronics,Audio and video
224649899,267182,12/10/2011,12,5,1,337,35.385,372.385,Flagship store,Books,Academic
20698274580,271162,12/10/2011,8,3,2,844,177.24,1865.24,MBR,Electronics,Personal Appliances
30368719521,268765,12/10/2011,11,5,-5,-375,196.875,-2071.875,MBR,Books,Children
9575014930,273486,12/10/2011,10,3,3,382,120.33,1266.33,MBR,Electronics,Audio and video
54656805161,275139,12/10/2011,3,1,2,855,179.55,1889.55,MBR,Clothing,Kids
59216281304,268622,12/10/2011,9,3,4,1211,508.62,5352.62,e-Shop,Electronics,Cameras
13938737949,271769,12/10/2011,3,2,5,1002,526.05,5536.05,e-Shop,Footwear,Kids
59174554501,267364,12/10/2011,3,2,5,773,405.825,4270.825,MBR,Footwear,Kids
92937163821,269596,12/10/2011,10,6,5,409,214.725,2259.725,Flagship store,Home and kitchen,Audio and video
86532000773,272438,12/10/2011,10,3,3,1323,416.745,4385.745,Flagship store,Electronics,Audio and video
68975408810,272638,12/10/2011,5,3,5,1289,676.725,7121.725,Flagship store,Electronics,Computers
63968501076,273851,12/10/2011,11,6,1,700,73.5,773.5,Flagship store,Home and kitchen,Children
76674215374,268699,12/10/2011,10,6,2,939,197.19,2075.19,Flagship store,Home and kitchen,Audio and video
71601449239,267892,12/10/2011,6,5,2,753,158.13,1664.13,e-Shop,Books,DIY
82352468847,268889,12/10/2011,12,6,4,75,31.5,331.5,TeleShop,Home and kitchen,Academic
86112324744,270206,12/10/2011,4,3,2,1192,250.32,2634.32,e-Shop,Electronics,Mens
42324045497,269388,11/10/2011,1,1,-4,-1095,459.9,-4839.9,e-Shop,Clothing,Women
1063903225,274265,11/10/2011,4,3,-5,-1350,708.75,-7458.75,Flagship store,Electronics,Mens
46538097232,269736,11/10/2011,1,1,3,814,256.41,2698.41,e-Shop,Clothing,Women
1600965682,270485,11/10/2011,3,5,4,571,239.82,2523.82,e-Shop,Books,Kids
61405969475,269466,11/10/2011,5,3,-1,-959,100.695,-1059.695,e-Shop,Electronics,Computers
788442271,271847,11/10/2011,1,1,2,368,77.28,813.28,e-Shop,Clothing,Women
53478930515,274638,11/10/2011,3,2,2,532,111.72,1175.72,Flagship store,Footwear,Kids
28621658728,274535,11/10/2011,4,3,4,411,172.62,1816.62,e-Shop,Electronics,Mens
19341668102,273010,11/10/2011,8,3,-1,-989,103.845,-1092.845,MBR,Electronics,Personal Appliances
14399052972,269563,11/10/2011,1,4,4,1225,514.5,5414.5,e-Shop,Bags,Women
85637194389,270880,11/10/2011,8,3,-2,-1274,267.54,-2815.54,MBR,Electronics,Personal Appliances
67501722969,272945,11/10/2011,11,6,4,1008,423.36,4455.36,TeleShop,Home and kitchen,Children
99836238316,268516,11/10/2011,1,4,1,1333,139.965,1472.965,e-Shop,Bags,Women
69197243027,273682,11/10/2011,6,5,2,687,144.27,1518.27,e-Shop,Books,DIY
72584143536,273140,11/10/2011,5,3,1,608,63.84,671.84,e-Shop,Electronics,Computers
60501675496,273983,10/10/2011,3,2,4,1174,493.08,5189.08,MBR,Footwear,Kids
35374601006,267097,10/10/2011,12,5,5,302,158.55,1668.55,TeleShop,Books,Academic
13147776438,269631,10/10/2011,7,5,5,1175,616.875,6491.875,Flagship store,Books,Fiction
46267123889,274687,10/10/2011,4,2,2,771,161.91,1703.91,e-Shop,Footwear,Mens
22894179091,274510,10/10/2011,10,5,2,1358,285.18,3001.18,MBR,Books,Audio and video
30368719521,268765,10/10/2011,11,5,5,375,196.875,2071.875,MBR,Books,Children
15670059985,273486,10/10/2011,12,6,3,163,51.345,540.345,MBR,Home and kitchen,Academic
12155245773,271032,10/10/2011,8,3,5,141,74.025,779.025,Flagship store,Electronics,Personal Appliances
57554326812,272996,10/10/2011,6,5,1,1020,107.1,1127.1,MBR,Books,DIY
19405623123,270328,10/10/2011,1,4,3,1249,393.435,4140.435,Flagship store,Bags,Women
62993501216,267347,10/10/2011,3,1,1,751,78.855,829.855,TeleShop,Clothing,Kids
49913275045,271593,10/10/2011,10,5,2,1378,289.38,3045.38,e-Shop,Books,Audio and video
25363839424,270466,10/10/2011,3,1,-5,-485,254.625,-2679.625,e-Shop,Clothing,Kids
55169332834,267633,10/10/2011,8,3,3,926,291.69,3069.69,e-Shop,Electronics,Personal Appliances
37892096823,270233,10/10/2011,10,6,5,204,107.1,1127.1,MBR,Home and kitchen,Audio and video
65500753711,267492,10/10/2011,3,2,5,455,238.875,2513.875,e-Shop,Footwear,Kids
69492972748,271341,10/10/2011,1,1,2,875,183.75,1933.75,MBR,Clothing,Women
90138157376,270423,10/10/2011,10,5,2,623,130.83,1376.83,MBR,Books,Audio and video
68792042674,269176,10/10/2011,11,6,4,362,152.04,1600.04,e-Shop,Home and kitchen,Children
66067670792,270484,10/10/2011,4,4,4,303,127.26,1339.26,TeleShop,Bags,Mens
69551637109,269639,10/10/2011,4,2,4,172,72.24,760.24,e-Shop,Footwear,Mens
66044142479,269629,10/10/2011,4,2,2,992,208.32,2192.32,e-Shop,Footwear,Mens
98717581478,273875,10/10/2011,11,6,2,565,118.65,1248.65,TeleShop,Home and kitchen,Children
88624447922,272140,10/10/2011,10,5,5,882,463.05,4873.05,MBR,Books,Audio and video
67064308345,266855,10/10/2011,10,6,5,1100,577.5,6077.5,MBR,Home and kitchen,Audio and video
59942461659,267853,9/10/2011,11,5,1,440,46.2,486.2,e-Shop,Books,Children
19147193112,271736,9/10/2011,10,6,3,1392,438.48,4614.48,Flagship store,Home and kitchen,Audio and video
62086657425,272587,9/10/2011,3,1,-2,-544,114.24,-1202.24,TeleShop,Clothing,Kids
2463985406,270578,9/10/2011,3,1,4,313,131.46,1383.46,Flagship store,Clothing,Kids
6108927008,270427,9/10/2011,10,5,4,463,194.46,2046.46,e-Shop,Books,Audio and video
56326707317,270311,9/10/2011,11,5,5,311,163.275,1718.275,e-Shop,Books,Children
12268590614,271843,9/10/2011,3,2,2,286,60.06,632.06,TeleShop,Footwear,Kids
1063903225,274265,9/10/2011,4,3,5,1350,708.75,7458.75,Flagship store,Electronics,Mens
43701491398,274092,9/10/2011,8,3,1,191,20.055,211.055,TeleShop,Electronics,Personal Appliances
6389814417,268958,9/10/2011,3,2,4,84,35.28,371.28,e-Shop,Footwear,Kids
17253009062,271870,9/10/2011,3,5,4,612,257.04,2705.04,MBR,Books,Kids
32638389615,272816,9/10/2011,4,2,5,654,343.35,3613.35,MBR,Footwear,Mens
39885693922,274426,9/10/2011,2,6,2,1027,215.67,2269.67,e-Shop,Home and kitchen,Furnishing
59457177295,272253,9/10/2011,3,5,4,1206,506.52,5330.52,MBR,Books,Kids
62216597271,275139,9/10/2011,4,1,5,117,61.425,646.425,e-Shop,Clothing,Mens
11216238116,270571,9/10/2011,12,6,2,1363,286.23,3012.23,Flagship store,Home and kitchen,Academic
62834796553,271697,9/10/2011,4,2,5,996,522.9,5502.9,e-Shop,Footwear,Mens
27415497208,275154,9/10/2011,11,6,2,768,161.28,1697.28,Flagship store,Home and kitchen,Children
37695586113,268232,9/10/2011,10,5,4,598,251.16,2643.16,TeleShop,Books,Audio and video
29417771297,270867,9/10/2011,6,5,1,1467,154.035,1621.035,Flagship store,Books,DIY
85229166663,273828,9/10/2011,3,5,1,1446,151.83,1597.83,MBR,Books,Kids
72570588521,274066,9/10/2011,11,6,5,666,349.65,3679.65,Flagship store,Home and kitchen,Children
75265486891,267103,9/10/2011,4,1,3,471,148.365,1561.365,TeleShop,Clothing,Mens
98972652363,270821,9/10/2011,12,5,1,658,69.09,727.09,e-Shop,Books,Academic
80598447463,269003,9/10/2011,5,3,5,138,72.45,762.45,Flagship store,Electronics,Computers
46497275348,274551,8/10/2011,4,2,5,735,385.875,4060.875,Flagship store,Footwear,Mens
12275074003,269080,8/10/2011,3,2,1,847,88.935,935.935,Flagship store,Footwear,Kids
56929756999,275252,8/10/2011,1,1,4,1307,548.94,5776.94,e-Shop,Clothing,Women
25363839424,270466,8/10/2011,3,1,5,485,254.625,2679.625,e-Shop,Clothing,Kids
16870670019,274119,8/10/2011,4,3,5,1079,566.475,5961.475,e-Shop,Electronics,Mens
43654438379,271427,8/10/2011,9,3,4,1279,537.18,5653.18,e-Shop,Electronics,Cameras
36896788059,271107,8/10/2011,7,5,5,1163,610.575,6425.575,e-Shop,Books,Fiction
51712649267,274081,8/10/2011,3,5,4,363,152.46,1604.46,MBR,Books,Kids
92030660472,273599,8/10/2011,4,1,3,315,99.225,1044.225,Flagship store,Clothing,Mens
95950551665,272271,8/10/2011,7,5,5,237,124.425,1309.425,Flagship store,Books,Fiction
93198511405,273400,8/10/2011,4,1,3,1382,435.33,4581.33,e-Shop,Clothing,Mens
82832865034,269482,8/10/2011,4,2,3,660,207.9,2187.9,Flagship store,Footwear,Mens
70767382473,274875,8/10/2011,11,5,1,1247,130.935,1377.935,MBR,Books,Children
65940328278,273935,8/10/2011,8,3,-2,-942,197.82,-2081.82,Flagship store,Electronics,Personal Appliances
69371510664,270410,8/10/2011,4,3,1,808,84.84,892.84,Flagship store,Electronics,Mens
85171678596,272194,8/10/2011,12,5,5,1094,574.35,6044.35,e-Shop,Books,Academic
81382444243,275264,8/10/2011,12,6,4,587,246.54,2594.54,e-Shop,Home and kitchen,Academic
50533262656,270234,7/10/2011,4,3,-3,-71,22.365,-235.365,e-Shop,Electronics,Mens
2492558153,270146,7/10/2011,4,2,2,1479,310.59,3268.59,e-Shop,Footwear,Mens
26215506661,273065,7/10/2011,3,2,1,798,83.79,881.79,e-Shop,Footwear,Kids
151209307,272016,7/10/2011,3,2,2,1443,303.03,3189.03,e-Shop,Footwear,Kids
3329551325,272048,7/10/2011,11,6,5,642,337.05,3547.05,e-Shop,Home and kitchen,Children
61897402578,271772,7/10/2011,2,6,1,197,20.685,217.685,e-Shop,Home and kitchen,Furnishing
49902232771,271647,7/10/2011,3,1,5,1447,759.675,7994.675,e-Shop,Clothing,Kids
12595825921,273761,7/10/2011,8,3,1,820,86.1,906.1,MBR,Electronics,Personal Appliances
52090336470,267112,7/10/2011,4,2,1,717,75.285,792.285,TeleShop,Footwear,Mens
56339944683,271345,7/10/2011,11,5,4,749,314.58,3310.58,e-Shop,Books,Children
1518921510,271589,7/10/2011,3,5,2,212,44.52,468.52,MBR,Books,Kids
43177589134,271280,7/10/2011,4,4,2,1312,275.52,2899.52,MBR,Bags,Mens
53474213445,274374,7/10/2011,4,2,4,250,105,1105,MBR,Footwear,Mens
31608281745,274200,7/10/2011,10,6,3,166,52.29,550.29,TeleShop,Home and kitchen,Audio and video
44224290610,270874,7/10/2011,4,4,-3,-414,130.41,-1372.41,MBR,Bags,Mens
8732618059,269172,7/10/2011,3,1,-5,-1305,685.125,-7210.125,TeleShop,Clothing,Kids
19835809266,269716,7/10/2011,10,5,2,402,84.42,888.42,e-Shop,Books,Audio and video
14742022131,274662,7/10/2011,3,1,-1,-666,69.93,-735.93,MBR,Clothing,Kids
54375804143,269647,7/10/2011,12,6,-5,-1078,565.95,-5955.95,MBR,Home and kitchen,Academic
54045578206,274044,7/10/2011,8,3,5,765,401.625,4226.625,e-Shop,Electronics,Personal Appliances
94907398147,270116,7/10/2011,12,5,5,1072,562.8,5922.8,TeleShop,Books,Academic
70973883312,272765,7/10/2011,12,5,2,294,61.74,649.74,e-Shop,Books,Academic
64091728043,270347,7/10/2011,10,5,4,107,44.94,472.94,e-Shop,Books,Audio and video
80760596814,267478,7/10/2011,2,6,5,407,213.675,2248.675,e-Shop,Home and kitchen,Furnishing
84546693198,271714,7/10/2011,10,6,2,1071,224.91,2366.91,e-Shop,Home and kitchen,Audio and video
94377956296,269015,7/10/2011,10,5,1,1001,105.105,1106.105,e-Shop,Books,Audio and video
83733935118,271543,7/10/2011,1,4,2,180,37.8,397.8,e-Shop,Bags,Women
96781864422,271432,7/10/2011,4,3,4,589,247.38,2603.38,e-Shop,Electronics,Mens
66912754248,267778,7/10/2011,4,2,5,1102,578.55,6088.55,Flagship store,Footwear,Mens
85429970825,269073,7/10/2011,3,2,1,404,42.42,446.42,MBR,Footwear,Kids
86499709800,267211,7/10/2011,9,3,5,1031,541.275,5696.275,Flagship store,Electronics,Cameras
26232468234,268369,6/10/2011,4,1,2,292,61.32,645.32,MBR,Clothing,Mens
32756320979,271870,6/10/2011,1,2,4,418,175.56,1847.56,e-Shop,Footwear,Women
7448749949,271398,6/10/2011,10,6,1,916,96.18,1012.18,e-Shop,Home and kitchen,Audio and video
28298825143,271012,6/10/2011,10,3,1,785,82.425,867.425,e-Shop,Electronics,Audio and video
29569946237,272129,6/10/2011,8,3,5,192,100.8,1060.8,MBR,Electronics,Personal Appliances
11595945294,273331,6/10/2011,3,2,2,723,151.83,1597.83,TeleShop,Footwear,Kids
62953144363,270852,6/10/2011,5,3,5,1383,726.075,7641.075,Flagship store,Electronics,Computers
56576579535,273825,6/10/2011,12,5,5,1423,747.075,7862.075,MBR,Books,Academic
42324045497,269388,6/10/2011,1,1,4,1095,459.9,4839.9,e-Shop,Clothing,Women
62086657425,272587,6/10/2011,3,1,2,544,114.24,1202.24,TeleShop,Clothing,Kids
67864699605,269600,6/10/2011,8,3,5,1228,644.7,6784.7,MBR,Electronics,Personal Appliances
82895069881,266987,6/10/2011,2,6,4,1001,420.42,4424.42,Flagship store,Home and kitchen,Furnishing
67180414735,273569,6/10/2011,12,6,3,803,252.945,2661.945,MBR,Home and kitchen,Academic
66238540583,269845,6/10/2011,2,6,1,742,77.91,819.91,MBR,Home and kitchen,Furnishing
92560583955,269158,6/10/2011,3,5,5,414,217.35,2287.35,MBR,Books,Kids
82476065275,268161,6/10/2011,9,3,5,816,428.4,4508.4,TeleShop,Electronics,Cameras
2733911370,270374,5/10/2011,10,6,2,897,188.37,1982.37,TeleShop,Home and kitchen,Audio and video
54375804143,269647,5/10/2011,12,6,5,1078,565.95,5955.95,MBR,Home and kitchen,Academic
18461936145,271145,5/10/2011,4,2,5,205,107.625,1132.625,TeleShop,Footwear,Mens
6493351475,268086,5/10/2011,3,5,2,1378,289.38,3045.38,Flagship store,Books,Kids
36211950034,268899,5/10/2011,11,5,1,672,70.56,742.56,e-Shop,Books,Children
19341668102,273010,5/10/2011,8,3,1,989,103.845,1092.845,MBR,Electronics,Personal Appliances
11481896301,274791,5/10/2011,5,3,2,1471,308.91,3250.91,TeleShop,Electronics,Computers
62560589211,275261,5/10/2011,4,4,-1,-367,38.535,-405.535,TeleShop,Bags,Mens
55092457550,270940,5/10/2011,9,3,3,630,198.45,2088.45,e-Shop,Electronics,Cameras
61405969475,269466,5/10/2011,5,3,1,959,100.695,1059.695,e-Shop,Electronics,Computers
59220083629,272028,5/10/2011,3,5,4,959,402.78,4238.78,TeleShop,Books,Kids
62037251067,271916,5/10/2011,10,5,3,1177,370.755,3901.755,e-Shop,Books,Audio and video
19116502808,273490,5/10/2011,12,5,1,263,27.615,290.615,Flagship store,Books,Academic
22724099978,273403,5/10/2011,7,5,3,982,309.33,3255.33,MBR,Books,Fiction
92276604857,270926,5/10/2011,4,3,3,1118,352.17,3706.17,MBR,Electronics,Mens
95859311032,271054,5/10/2011,4,3,1,1232,129.36,1361.36,e-Shop,Electronics,Mens
83598504095,272416,5/10/2011,11,6,1,1092,114.66,1206.66,e-Shop,Home and kitchen,Children
99089561882,267616,5/10/2011,1,2,2,1105,232.05,2442.05,e-Shop,Footwear,Women
96250369696,273322,5/10/2011,3,2,2,1328,278.88,2934.88,Flagship store,Footwear,Kids
69281326673,274074,5/10/2011,10,3,1,1166,122.43,1288.43,Flagship store,Electronics,Audio and video
87659003297,266892,5/10/2011,6,5,1,783,82.215,865.215,e-Shop,Books,DIY
98288151755,266895,5/10/2011,11,6,5,651,341.775,3596.775,MBR,Home and kitchen,Children
90800317229,273107,5/10/2011,4,4,1,1281,134.505,1415.505,e-Shop,Bags,Mens
41992979386,272149,4/10/2011,4,1,4,445,186.9,1966.9,Flagship store,Clothing,Mens
55647893946,273644,4/10/2011,9,3,2,1048,220.08,2316.08,Flagship store,Electronics,Cameras
3340384603,271694,4/10/2011,4,2,-3,-1128,355.32,-3739.32,e-Shop,Footwear,Mens
61242532071,269220,4/10/2011,1,1,4,504,211.68,2227.68,MBR,Clothing,Women
50533262656,270234,4/10/2011,4,3,3,71,22.365,235.365,e-Shop,Electronics,Mens
12585005076,270325,4/10/2011,4,1,5,1183,621.075,6536.075,e-Shop,Clothing,Mens
7682119454,269635,4/10/2011,10,6,5,87,45.675,480.675,Flagship store,Home and kitchen,Audio and video
8772561024,267898,4/10/2011,9,3,3,608,191.52,2015.52,e-Shop,Electronics,Cameras
24078956031,273951,4/10/2011,4,3,2,128,26.88,282.88,TeleShop,Electronics,Mens
51420384040,274494,4/10/2011,10,6,4,388,162.96,1714.96,e-Shop,Home and kitchen,Audio and video
73527728123,268689,4/10/2011,12,5,1,397,41.685,438.685,TeleShop,Books,Academic
94990206120,270360,4/10/2011,10,5,4,195,81.9,861.9,Flagship store,Books,Audio and video
89698076805,272256,4/10/2011,10,3,1,755,79.275,834.275,Flagship store,Electronics,Audio and video
84404408537,269547,4/10/2011,4,3,5,421,221.025,2326.025,e-Shop,Electronics,Mens
85964931200,272327,4/10/2011,1,4,3,1369,431.235,4538.235,e-Shop,Bags,Women
66194755238,267913,4/10/2011,2,6,5,1456,764.4,8044.4,e-Shop,Home and kitchen,Furnishing
99445945381,270935,4/10/2011,3,1,-2,-925,194.25,-2044.25,TeleShop,Clothing,Kids
67756114437,266975,4/10/2011,12,5,-5,-331,173.775,-1828.775,MBR,Books,Academic
99716904350,269308,4/10/2011,1,1,3,991,312.165,3285.165,TeleShop,Clothing,Women
96120871741,269982,4/10/2011,6,5,4,985,413.7,4353.7,TeleShop,Books,DIY
85637194389,270880,4/10/2011,8,3,2,1274,267.54,2815.54,MBR,Electronics,Personal Appliances
90091966483,269788,4/10/2011,10,6,5,329,172.725,1817.725,Flagship store,Home and kitchen,Audio and video
35480791403,267952,3/10/2011,10,6,5,395,207.375,2182.375,e-Shop,Home and kitchen,Audio and video
22576495575,274593,3/10/2011,12,5,-5,-1434,752.85,-7922.85,MBR,Books,Academic
36233885969,270313,3/10/2011,1,2,3,1133,356.895,3755.895,e-Shop,Footwear,Women
37669746774,271168,3/10/2011,10,5,3,150,47.25,497.25,MBR,Books,Audio and video
62243994089,272904,3/10/2011,4,3,4,906,380.52,4004.52,Flagship store,Electronics,Mens
40380717204,274579,3/10/2011,3,2,5,568,298.2,3138.2,TeleShop,Footwear,Kids
14628255406,271818,3/10/2011,6,5,4,709,297.78,3133.78,Flagship store,Books,DIY
62790842428,273873,3/10/2011,3,5,5,1316,690.9,7270.9,TeleShop,Books,Kids
47396229319,270034,3/10/2011,1,4,1,225,23.625,248.625,Flagship store,Bags,Women
20172898192,268127,3/10/2011,2,6,2,1300,273,2873,Flagship store,Home and kitchen,Furnishing
58905652269,271169,3/10/2011,11,6,3,602,189.63,1995.63,e-Shop,Home and kitchen,Children
41684074123,272194,3/10/2011,2,6,2,1363,286.23,3012.23,MBR,Home and kitchen,Furnishing
79975117729,268104,3/10/2011,1,4,5,113,59.325,624.325,e-Shop,Bags,Women
68646653286,267752,3/10/2011,11,5,3,314,98.91,1040.91,e-Shop,Books,Children
63701707823,271682,3/10/2011,10,5,1,781,82.005,863.005,MBR,Books,Audio and video
78261067970,267408,3/10/2011,7,5,1,907,95.235,1002.235,e-Shop,Books,Fiction
65655793006,270279,3/10/2011,10,3,1,1143,120.015,1263.015,Flagship store,Electronics,Audio and video
72116016623,274395,3/10/2011,11,5,5,464,243.6,2563.6,Flagship store,Books,Children
98037077446,272602,3/10/2011,1,4,2,391,82.11,864.11,Flagship store,Bags,Women
71064423375,272343,3/10/2011,6,5,5,1194,626.85,6596.85,e-Shop,Books,DIY
92543067693,274878,3/10/2011,1,4,1,994,104.37,1098.37,TeleShop,Bags,Women
29918957836,269202,2/10/2011,4,3,3,1439,453.285,4770.285,Flagship store,Electronics,Mens
29861672211,271823,2/10/2011,1,2,-5,-363,190.575,-2005.575,e-Shop,Footwear,Women
24906206880,272765,2/10/2011,10,5,1,1183,124.215,1307.215,e-Shop,Books,Audio and video
44224290610,270874,2/10/2011,4,4,3,414,130.41,1372.41,MBR,Bags,Mens
19534999764,274211,2/10/2011,3,5,2,1155,242.55,2552.55,MBR,Books,Kids
23428679037,273306,2/10/2011,11,5,4,867,364.14,3832.14,MBR,Books,Children
32330593899,269645,2/10/2011,11,6,-5,-458,240.45,-2530.45,e-Shop,Home and kitchen,Children
27747801295,269733,2/10/2011,10,5,2,1385,290.85,3060.85,MBR,Books,Audio and video
56978419189,270590,2/10/2011,12,6,3,97,30.555,321.555,Flagship store,Home and kitchen,Academic
21542156146,270239,2/10/2011,11,5,4,820,344.4,3624.4,e-Shop,Books,Children
13243218936,274663,2/10/2011,8,3,4,1197,502.74,5290.74,Flagship store,Electronics,Personal Appliances
47088974738,270845,2/10/2011,10,5,1,1445,151.725,1596.725,MBR,Books,Audio and video
41271099733,268005,2/10/2011,1,4,4,457,191.94,2019.94,TeleShop,Bags,Women
47289432838,272882,2/10/2011,4,4,5,639,335.475,3530.475,MBR,Bags,Mens
52167596566,271914,2/10/2011,6,5,1,1057,110.985,1167.985,e-Shop,Books,DIY
4859525852,268180,2/10/2011,2,6,3,637,200.655,2111.655,e-Shop,Home and kitchen,Furnishing
76318585429,268729,2/10/2011,3,5,1,1145,120.225,1265.225,e-Shop,Books,Kids
99932962245,269120,2/10/2011,7,5,3,956,301.14,3169.14,Flagship store,Books,Fiction
65281702262,273794,2/10/2011,9,3,3,1145,360.675,3795.675,TeleShop,Electronics,Cameras
98679310895,270985,2/10/2011,3,5,3,210,66.15,696.15,Flagship store,Books,Kids
64682431038,274243,2/10/2011,1,4,3,210,66.15,696.15,TeleShop,Bags,Women
72357515110,272510,2/10/2011,5,3,5,1430,750.75,7900.75,MBR,Electronics,Computers
73923251389,267734,2/10/2011,8,3,1,93,9.765,102.765,e-Shop,Electronics,Personal Appliances
19953630628,271634,1/10/2011,12,5,3,950,299.25,3149.25,TeleShop,Books,Academic
15549113759,266820,1/10/2011,5,3,2,1042,218.82,2302.82,Flagship store,Electronics,Computers
56519633159,271689,1/10/2011,11,5,-2,-874,183.54,-1931.54,e-Shop,Books,Children
59278003723,268796,1/10/2011,12,5,3,304,95.76,1007.76,MBR,Books,Academic
5379212466,270078,1/10/2011,1,1,4,1303,547.26,5759.26,MBR,Clothing,Women
24492458249,269459,1/10/2011,10,3,4,634,266.28,2802.28,e-Shop,Electronics,Audio and video
33813323125,272886,1/10/2011,12,6,3,1166,367.29,3865.29,e-Shop,Home and kitchen,Academic
19661690928,268880,1/10/2011,12,5,3,286,90.09,948.09,TeleShop,Books,Academic
9967330166,271763,1/10/2011,12,6,2,532,111.72,1175.72,Flagship store,Home and kitchen,Academic
20666134899,268657,1/10/2011,4,1,3,487,153.405,1614.405,Flagship store,Clothing,Mens
59359220906,268514,1/10/2011,4,4,2,1073,225.33,2371.33,e-Shop,Bags,Mens
28806878655,268560,1/10/2011,8,3,4,1046,439.32,4623.32,TeleShop,Electronics,Personal Appliances
58989623800,271152,1/10/2011,5,3,5,1499,786.975,8281.975,e-Shop,Electronics,Computers
64404408064,268758,1/10/2011,11,5,1,799,83.895,882.895,TeleShop,Books,Children
72215070341,271392,1/10/2011,3,1,4,1066,447.72,4711.72,Flagship store,Clothing,Kids
70409143235,273435,1/10/2011,11,5,2,1294,271.74,2859.74,e-Shop,Books,Children
91731806000,267293,1/10/2011,5,3,-1,-551,57.855,-608.855,Flagship store,Electronics,Computers
88107914192,273952,1/10/2011,4,2,2,1462,307.02,3231.02,e-Shop,Footwear,Mens
93110326893,267406,1/10/2011,11,5,4,369,154.98,1630.98,e-Shop,Books,Children
18098588397,273764,30-09-2011,3,2,3,980,308.7,3248.7,e-Shop,Footwear,Kids
52385338113,269674,30-09-2011,12,6,2,595,124.95,1314.95,e-Shop,Home and kitchen,Academic
60689301715,267237,30-09-2011,12,6,2,881,185.01,1947.01,MBR,Home and kitchen,Academic
12821804530,271279,30-09-2011,4,4,3,610,192.15,2022.15,Flagship store,Bags,Mens
60746268434,271444,30-09-2011,4,4,2,504,105.84,1113.84,MBR,Bags,Mens
8732618059,269172,30-09-2011,3,1,5,1305,685.125,7210.125,TeleShop,Clothing,Kids
31711805172,270404,30-09-2011,4,4,5,1367,717.675,7552.675,e-Shop,Bags,Mens
27131654837,267894,30-09-2011,11,6,3,677,213.255,2244.255,e-Shop,Home and kitchen,Children
41239529393,268043,30-09-2011,4,1,4,445,186.9,1966.9,e-Shop,Clothing,Mens
30483721013,267370,30-09-2011,12,5,5,1418,744.45,7834.45,Flagship store,Books,Academic
49752420838,274904,30-09-2011,8,3,3,1286,405.09,4263.09,TeleShop,Electronics,Personal Appliances
28941041802,266998,30-09-2011,10,3,1,81,8.505,89.505,MBR,Electronics,Audio and video
41356181145,267715,30-09-2011,4,4,1,1355,142.275,1497.275,e-Shop,Bags,Mens
66349279864,270184,30-09-2011,3,1,5,958,502.95,5292.95,MBR,Clothing,Kids
69199033562,272508,30-09-2011,3,5,2,1122,235.62,2479.62,Flagship store,Books,Kids
78299788527,272696,30-09-2011,3,2,2,185,38.85,408.85,MBR,Footwear,Kids
81905860477,271053,30-09-2011,3,5,3,305,96.075,1011.075,e-Shop,Books,Kids
69612232782,272501,30-09-2011,11,5,1,152,15.96,167.96,e-Shop,Books,Children
91819833263,269904,30-09-2011,4,1,5,288,151.2,1591.2,Flagship store,Clothing,Mens
72256745377,271345,30-09-2011,3,1,1,803,84.315,887.315,TeleShop,Clothing,Kids
92531514657,267769,30-09-2011,9,3,1,924,97.02,1021.02,Flagship store,Electronics,Cameras
92327336430,266931,30-09-2011,3,2,3,1235,389.025,4094.025,MBR,Footwear,Kids
86118923637,273217,30-09-2011,9,3,-1,-420,44.1,-464.1,TeleShop,Electronics,Cameras
52777651502,273279,29-09-2011,10,5,2,304,63.84,671.84,e-Shop,Books,Audio and video
49441721872,272639,29-09-2011,10,6,5,792,415.8,4375.8,Flagship store,Home and kitchen,Audio and video
53880098904,270920,29-09-2011,2,6,4,211,88.62,932.62,TeleShop,Home and kitchen,Furnishing
38136547937,274149,29-09-2011,11,6,4,1235,518.7,5458.7,MBR,Home and kitchen,Children
20483427587,267700,29-09-2011,4,2,4,986,414.12,4358.12,e-Shop,Footwear,Mens
24829514913,271985,29-09-2011,4,1,1,342,35.91,377.91,e-Shop,Clothing,Mens
62255594392,272995,29-09-2011,1,1,2,850,178.5,1878.5,Flagship store,Clothing,Women
13756991606,273756,29-09-2011,10,5,2,1249,262.29,2760.29,TeleShop,Books,Audio and video
33647277582,267960,29-09-2011,4,1,4,619,259.98,2735.98,MBR,Clothing,Mens
87242082061,273506,29-09-2011,10,5,5,113,59.325,624.325,MBR,Books,Audio and video
65940328278,273935,29-09-2011,8,3,2,942,197.82,2081.82,Flagship store,Electronics,Personal Appliances
91028644783,273477,29-09-2011,8,3,2,1166,244.86,2576.86,e-Shop,Electronics,Personal Appliances
86578606399,273440,29-09-2011,2,6,1,1257,131.985,1388.985,Flagship store,Home and kitchen,Furnishing
85804233471,269947,29-09-2011,8,3,1,189,19.845,208.845,MBR,Electronics,Personal Appliances
96800485223,268938,29-09-2011,6,5,3,816,257.04,2705.04,e-Shop,Books,DIY
99298330853,272912,29-09-2011,7,5,1,935,98.175,1033.175,TeleShop,Books,Fiction
70993489847,268834,29-09-2011,11,6,2,1447,303.87,3197.87,TeleShop,Home and kitchen,Children
70666433673,268193,29-09-2011,3,1,3,94,29.61,311.61,e-Shop,Clothing,Kids
72371100416,267668,29-09-2011,11,5,-5,-912,478.8,-5038.8,MBR,Books,Children
31394080395,270768,28-09-2011,4,1,-5,-990,519.75,-5469.75,e-Shop,Clothing,Mens
1045770123,273684,28-09-2011,11,6,3,632,199.08,2095.08,TeleShop,Home and kitchen,Children
38879595417,273728,28-09-2011,1,4,-5,-664,348.6,-3668.6,MBR,Bags,Women
29378074961,271845,28-09-2011,1,2,5,1287,675.675,7110.675,Flagship store,Footwear,Women
32173949466,272511,28-09-2011,1,1,1,1172,123.06,1295.06,MBR,Clothing,Women
4973236128,270548,28-09-2011,7,5,-5,-1023,537.075,-5652.075,MBR,Books,Fiction
41720845116,274243,28-09-2011,1,1,5,1311,688.275,7243.275,MBR,Clothing,Women
6147203593,268855,28-09-2011,11,5,1,865,90.825,955.825,MBR,Books,Children
35310116911,275173,28-09-2011,12,6,4,727,305.34,3213.34,MBR,Home and kitchen,Academic
12138152876,274435,28-09-2011,10,5,5,786,412.65,4342.65,Flagship store,Books,Audio and video
18628321836,269282,28-09-2011,1,2,5,1309,687.225,7232.225,e-Shop,Footwear,Women
60794815665,268526,28-09-2011,10,6,3,929,292.635,3079.635,e-Shop,Home and kitchen,Audio and video
14742022131,274662,28-09-2011,3,1,1,666,69.93,735.93,MBR,Clothing,Kids
60288596460,271108,28-09-2011,12,6,1,470,49.35,519.35,Flagship store,Home and kitchen,Academic
25034517684,275002,28-09-2011,3,5,2,1210,254.1,2674.1,TeleShop,Books,Kids
35269728689,268027,28-09-2011,10,3,1,755,79.275,834.275,Flagship store,Electronics,Audio and video
97808849787,271851,28-09-2011,4,3,5,1477,775.425,8160.425,MBR,Electronics,Mens
91319071703,267406,28-09-2011,9,3,2,565,118.65,1248.65,TeleShop,Electronics,Cameras
71605281783,267720,28-09-2011,8,3,2,1350,283.5,2983.5,e-Shop,Electronics,Personal Appliances
82535735768,274098,28-09-2011,12,5,1,492,51.66,543.66,MBR,Books,Academic
95410315959,268338,28-09-2011,10,5,5,379,198.975,2093.975,TeleShop,Books,Audio and video
96260258374,268146,28-09-2011,10,6,5,1247,654.675,6889.675,e-Shop,Home and kitchen,Audio and video
99606837374,271355,28-09-2011,12,5,3,1021,321.615,3384.615,e-Shop,Books,Academic
70790966001,272602,28-09-2011,4,3,2,906,190.26,2002.26,Flagship store,Electronics,Mens
90996310952,270675,28-09-2011,12,5,3,1067,336.105,3537.105,e-Shop,Books,Academic
72371100416,267668,28-09-2011,11,5,5,912,478.8,5038.8,MBR,Books,Children
42836684986,271565,27-09-2011,3,1,2,652,136.92,1440.92,MBR,Clothing,Kids
6345506670,272761,27-09-2011,10,3,5,298,156.45,1646.45,e-Shop,Electronics,Audio and video
32712556338,267895,27-09-2011,5,3,2,707,148.47,1562.47,e-Shop,Electronics,Computers
32648559778,267075,27-09-2011,1,2,5,552,289.8,3049.8,TeleShop,Footwear,Women
32054058661,270160,27-09-2011,8,3,5,1070,561.75,5911.75,TeleShop,Electronics,Personal Appliances
62500434512,267413,27-09-2011,1,2,4,432,181.44,1909.44,e-Shop,Footwear,Women
51632128818,272286,27-09-2011,3,2,3,208,65.52,689.52,MBR,Footwear,Kids
78546716118,271364,27-09-2011,9,3,-5,-840,441,-4641,Flagship store,Electronics,Cameras
99445945381,270935,27-09-2011,3,1,2,925,194.25,2044.25,TeleShop,Clothing,Kids
85390847261,272305,27-09-2011,11,6,5,717,376.425,3961.425,TeleShop,Home and kitchen,Children
97669913418,268947,27-09-2011,1,1,5,1253,657.825,6922.825,e-Shop,Clothing,Women
64635216936,271580,27-09-2011,9,3,4,161,67.62,711.62,e-Shop,Electronics,Cameras
91995155820,267805,27-09-2011,1,1,1,1439,151.095,1590.095,Flagship store,Clothing,Women
73660981974,274332,27-09-2011,9,3,3,1453,457.695,4816.695,e-Shop,Electronics,Cameras
17224630708,267140,26-09-2011,3,1,5,1068,560.7,5900.7,Flagship store,Clothing,Kids
95570369,269136,26-09-2011,12,6,-1,-376,39.48,-415.48,e-Shop,Home and kitchen,Academic
59415969838,269637,26-09-2011,3,5,2,1332,279.72,2943.72,MBR,Books,Kids
36523636189,269939,26-09-2011,10,6,2,565,118.65,1248.65,MBR,Home and kitchen,Audio and video
16664308378,270120,26-09-2011,8,3,2,397,83.37,877.37,Flagship store,Electronics,Personal Appliances
31795077491,271514,26-09-2011,1,1,5,471,247.275,2602.275,Flagship store,Clothing,Women
54126013008,269848,26-09-2011,4,3,1,1045,109.725,1154.725,e-Shop,Electronics,Mens
18872933248,272568,26-09-2011,4,2,2,473,99.33,1045.33,Flagship store,Footwear,Mens
22576495575,274593,26-09-2011,12,5,5,1434,752.85,7922.85,MBR,Books,Academic
8573121443,272482,26-09-2011,11,5,2,1286,270.06,2842.06,Flagship store,Books,Children
10488611141,267573,26-09-2011,4,4,3,951,299.565,3152.565,Flagship store,Bags,Mens
54036792192,272723,26-09-2011,8,3,2,476,99.96,1051.96,Flagship store,Electronics,Personal Appliances
37985712331,268823,26-09-2011,10,3,4,168,70.56,742.56,TeleShop,Electronics,Audio and video
62560589211,275261,26-09-2011,4,4,1,367,38.535,405.535,TeleShop,Bags,Mens
81227233217,272520,26-09-2011,1,2,5,1333,699.825,7364.825,TeleShop,Footwear,Women
93814361950,271405,26-09-2011,8,3,-4,-798,335.16,-3527.16,e-Shop,Electronics,Personal Appliances
92343997558,274723,26-09-2011,7,5,1,184,19.32,203.32,e-Shop,Books,Fiction
83120196176,269497,26-09-2011,11,5,3,941,296.415,3119.415,e-Shop,Books,Children
93501604785,269432,26-09-2011,4,3,4,285,119.7,1259.7,MBR,Electronics,Mens
69040998024,267126,26-09-2011,10,6,1,1467,154.035,1621.035,e-Shop,Home and kitchen,Audio and video
87789439290,267125,26-09-2011,4,1,2,650,136.5,1436.5,MBR,Clothing,Mens
84671412321,273811,26-09-2011,8,3,-3,-895,281.925,-2966.925,TeleShop,Electronics,Personal Appliances
67756114437,266975,26-09-2011,12,5,5,331,173.775,1828.775,MBR,Books,Academic
93840820954,268787,26-09-2011,4,3,1,226,23.73,249.73,MBR,Electronics,Mens
71011635479,271153,26-09-2011,12,6,5,431,226.275,2381.275,TeleShop,Home and kitchen,Academic
64480113434,271907,26-09-2011,10,6,-2,-630,132.3,-1392.3,Flagship store,Home and kitchen,Audio and video
93901204573,270143,26-09-2011,9,3,3,1239,390.285,4107.285,TeleShop,Electronics,Cameras
75826581518,270382,26-09-2011,11,5,4,465,195.3,2055.3,e-Shop,Books,Children
80889659249,273728,26-09-2011,3,5,1,638,66.99,704.99,e-Shop,Books,Kids
7339653500,274566,25-09-2011,4,1,5,849,445.725,4690.725,MBR,Clothing,Mens
24883597022,267842,25-09-2011,2,6,5,918,481.95,5071.95,e-Shop,Home and kitchen,Furnishing
24331471389,269279,25-09-2011,1,4,4,136,57.12,601.12,e-Shop,Bags,Women
59918018043,272704,25-09-2011,2,6,3,1012,318.78,3354.78,MBR,Home and kitchen,Furnishing
7914734677,273222,25-09-2011,2,6,2,218,45.78,481.78,e-Shop,Home and kitchen,Furnishing
51620591622,273977,25-09-2011,2,6,1,1301,136.605,1437.605,e-Shop,Home and kitchen,Furnishing
1242532374,272241,25-09-2011,2,6,4,295,123.9,1303.9,TeleShop,Home and kitchen,Furnishing
49020777902,270569,25-09-2011,4,4,-1,-746,78.33,-824.33,MBR,Bags,Mens
22448555494,271174,25-09-2011,12,6,4,716,300.72,3164.72,Flagship store,Home and kitchen,Academic
43933357255,275089,25-09-2011,6,5,-1,-722,75.81,-797.81,MBR,Books,DIY
30980131986,271940,25-09-2011,1,2,5,1026,538.65,5668.65,e-Shop,Footwear,Women
7504015407,270462,25-09-2011,6,5,-4,-906,380.52,-4004.52,MBR,Books,DIY
45163142690,267068,25-09-2011,4,2,3,789,248.535,2615.535,MBR,Footwear,Mens
46800511420,273760,25-09-2011,11,5,4,376,157.92,1661.92,e-Shop,Books,Children
8487660663,271363,25-09-2011,7,5,2,561,117.81,1239.81,e-Shop,Books,Fiction
3340384603,271694,25-09-2011,4,2,3,1128,355.32,3739.32,e-Shop,Footwear,Mens
83406934950,268403,25-09-2011,9,3,2,1393,292.53,3078.53,TeleShop,Electronics,Cameras
97934937770,267401,25-09-2011,5,3,3,1066,335.79,3533.79,e-Shop,Electronics,Computers
93989593428,274180,25-09-2011,11,6,3,372,117.18,1233.18,e-Shop,Home and kitchen,Children
80339234227,268549,25-09-2011,3,5,4,1000,420,4420,MBR,Books,Kids
93069751263,270213,25-09-2011,11,6,4,1321,554.82,5838.82,TeleShop,Home and kitchen,Children
70750322947,271251,25-09-2011,10,6,4,884,371.28,3907.28,Flagship store,Home and kitchen,Audio and video
88742192990,267437,25-09-2011,5,3,4,374,157.08,1653.08,e-Shop,Electronics,Computers
88506480313,267688,25-09-2011,4,2,5,1290,677.25,7127.25,Flagship store,Footwear,Mens
63796607877,274375,25-09-2011,8,3,2,650,136.5,1436.5,MBR,Electronics,Personal Appliances
95267302741,273227,25-09-2011,1,1,2,695,145.95,1535.95,MBR,Clothing,Women
67433570104,269282,25-09-2011,11,5,2,1399,293.79,3091.79,Flagship store,Books,Children
79467021466,270738,25-09-2011,12,5,1,537,56.385,593.385,TeleShop,Books,Academic
75453902437,268946,25-09-2011,9,3,5,613,321.825,3386.825,Flagship store,Electronics,Cameras
84347658467,269998,25-09-2011,8,3,5,653,342.825,3607.825,MBR,Electronics,Personal Appliances
75874593664,273490,25-09-2011,4,3,5,396,207.9,2187.9,TeleShop,Electronics,Mens
93814361950,271405,25-09-2011,8,3,4,798,335.16,3527.16,e-Shop,Electronics,Personal Appliances
64254659155,269950,25-09-2011,2,6,2,1429,300.09,3158.09,TeleShop,Home and kitchen,Furnishing
39993771966,273230,24-09-2011,4,1,5,94,49.35,519.35,TeleShop,Clothing,Mens
61491188332,270165,24-09-2011,4,3,3,131,41.265,434.265,e-Shop,Electronics,Mens
5806864479,270762,24-09-2011,3,5,1,836,87.78,923.78,e-Shop,Books,Kids
48781674375,270326,24-09-2011,4,2,3,1053,331.695,3490.695,Flagship store,Footwear,Mens
33156503,267524,24-09-2011,1,2,3,545,171.675,1806.675,e-Shop,Footwear,Women
52432507979,270258,24-09-2011,12,6,3,574,180.81,1902.81,Flagship store,Home and kitchen,Academic
17725976679,272660,24-09-2011,6,5,1,226,23.73,249.73,TeleShop,Books,DIY
28217295600,274044,24-09-2011,4,3,2,474,99.54,1047.54,TeleShop,Electronics,Mens
29861672211,271823,24-09-2011,1,2,5,363,190.575,2005.575,e-Shop,Footwear,Women
14405011107,271132,24-09-2011,4,2,2,547,114.87,1208.87,e-Shop,Footwear,Mens
25890929042,266783,24-09-2011,1,2,-4,-1321,554.82,-5838.82,e-Shop,Footwear,Women
43929888791,274552,24-09-2011,10,5,1,185,19.425,204.425,e-Shop,Books,Audio and video
60763290763,269175,24-09-2011,3,5,5,432,226.8,2386.8,e-Shop,Books,Kids
89876230323,273181,24-09-2011,11,5,5,1029,540.225,5685.225,TeleShop,Books,Children
88200383483,270251,24-09-2011,1,1,5,309,162.225,1707.225,e-Shop,Clothing,Women
73025375187,267330,24-09-2011,11,5,1,199,20.895,219.895,MBR,Books,Children
77364214231,272292,24-09-2011,1,4,-1,-641,67.305,-708.305,e-Shop,Bags,Women
95923594000,274650,24-09-2011,12,6,5,1076,564.9,5944.9,MBR,Home and kitchen,Academic
94267047408,267903,24-09-2011,8,3,2,294,61.74,649.74,e-Shop,Electronics,Personal Appliances
86210964474,270092,24-09-2011,1,4,2,686,144.06,1516.06,TeleShop,Bags,Women
63946397342,272978,24-09-2011,8,3,4,1315,552.3,5812.3,MBR,Electronics,Personal Appliances
40080437338,273214,23-09-2011,12,6,1,1240,130.2,1370.2,e-Shop,Home and kitchen,Academic
25755608581,267768,23-09-2011,4,2,2,231,48.51,510.51,e-Shop,Footwear,Mens
59648346258,272338,23-09-2011,4,4,3,1161,365.715,3848.715,MBR,Bags,Mens
16472669191,269233,23-09-2011,4,1,4,1151,483.42,5087.42,e-Shop,Clothing,Mens
7867375150,269155,23-09-2011,10,3,1,815,85.575,900.575,Flagship store,Electronics,Audio and video
25890929042,266783,23-09-2011,1,2,4,1321,554.82,5838.82,e-Shop,Footwear,Women
28554557674,268670,23-09-2011,3,5,3,1065,335.475,3530.475,e-Shop,Books,Kids
44726662056,272048,23-09-2011,5,3,1,307,32.235,339.235,Flagship store,Electronics,Computers
11391885086,269807,23-09-2011,4,2,5,444,233.1,2453.1,MBR,Footwear,Mens
9074762196,269345,23-09-2011,6,5,2,975,204.75,2154.75,e-Shop,Books,DIY
44582103287,270880,23-09-2011,2,6,3,160,50.4,530.4,e-Shop,Home and kitchen,Furnishing
79179094607,269225,23-09-2011,4,3,1,1323,138.915,1461.915,MBR,Electronics,Mens
69074236386,271740,23-09-2011,11,5,5,286,150.15,1580.15,TeleShop,Books,Children
67023466461,271355,23-09-2011,6,5,1,1352,141.96,1493.96,e-Shop,Books,DIY
88057875213,273190,23-09-2011,4,2,-3,-1368,430.92,-4534.92,e-Shop,Footwear,Mens
70925786471,271002,23-09-2011,11,5,5,497,260.925,2745.925,TeleShop,Books,Children
85556141581,274515,23-09-2011,5,3,1,683,71.715,754.715,MBR,Electronics,Computers
91731806000,267293,23-09-2011,5,3,1,551,57.855,608.855,Flagship store,Electronics,Computers
97894859318,271702,23-09-2011,10,5,5,1316,690.9,7270.9,TeleShop,Books,Audio and video
89509659612,268624,23-09-2011,8,3,5,560,294,3094,MBR,Electronics,Personal Appliances
27663093889,272275,22-09-2011,8,3,4,435,182.7,1922.7,e-Shop,Electronics,Personal Appliances
44428854740,268834,22-09-2011,3,2,4,1355,569.1,5989.1,e-Shop,Footwear,Kids
7924645634,273862,22-09-2011,1,4,4,1408,591.36,6223.36,e-Shop,Bags,Women
43933357255,275089,22-09-2011,6,5,1,722,75.81,797.81,MBR,Books,DIY
56519633159,271689,22-09-2011,11,5,2,874,183.54,1931.54,e-Shop,Books,Children
52549642541,270344,22-09-2011,1,4,2,606,127.26,1339.26,MBR,Bags,Women
43924884189,268946,22-09-2011,11,5,-5,-168,88.2,-928.2,e-Shop,Books,Children
51799061801,267714,22-09-2011,1,2,3,1160,365.4,3845.4,Flagship store,Footwear,Women
32330593899,269645,22-09-2011,11,6,5,458,240.45,2530.45,e-Shop,Home and kitchen,Children
39033997883,274649,22-09-2011,1,2,3,1161,365.715,3848.715,e-Shop,Footwear,Women
14616093925,274484,22-09-2011,11,6,3,1422,447.93,4713.93,MBR,Home and kitchen,Children
18893942947,275168,22-09-2011,10,6,-3,-1262,397.53,-4183.53,e-Shop,Home and kitchen,Audio and video
28365600378,274156,22-09-2011,10,5,4,741,311.22,3275.22,MBR,Books,Audio and video
40528384413,273953,22-09-2011,1,4,2,1148,241.08,2537.08,Flagship store,Bags,Women
17929872667,274071,22-09-2011,10,6,2,1079,226.59,2384.59,Flagship store,Home and kitchen,Audio and video
54452549360,268793,22-09-2011,4,2,5,541,284.025,2989.025,e-Shop,Footwear,Mens
16165882565,272812,22-09-2011,7,5,5,1097,575.925,6060.925,Flagship store,Books,Fiction
12350834053,269646,22-09-2011,12,5,1,81,8.505,89.505,e-Shop,Books,Academic
80028250658,272704,22-09-2011,4,2,1,722,75.81,797.81,e-Shop,Footwear,Mens
85051887291,268522,22-09-2011,2,6,1,110,11.55,121.55,e-Shop,Home and kitchen,Furnishing
75971275438,272742,22-09-2011,5,3,1,366,38.43,404.43,e-Shop,Electronics,Computers
76136764568,272121,22-09-2011,7,5,-3,-1273,400.995,-4219.995,Flagship store,Books,Fiction
92872492580,268935,22-09-2011,7,5,2,822,172.62,1816.62,e-Shop,Books,Fiction
66606419556,271722,22-09-2011,10,5,4,1463,614.46,6466.46,e-Shop,Books,Audio and video
86118923637,273217,22-09-2011,9,3,1,420,44.1,464.1,TeleShop,Electronics,Cameras
84283144683,272403,22-09-2011,2,6,-4,-963,404.46,-4256.46,MBR,Home and kitchen,Furnishing
45701835391,267500,21-09-2011,10,5,4,240,100.8,1060.8,TeleShop,Books,Audio and video
47211018600,273560,21-09-2011,10,6,1,660,69.3,729.3,e-Shop,Home and kitchen,Audio and video
45107797247,272633,21-09-2011,1,2,5,1226,643.65,6773.65,MBR,Footwear,Women
50089728180,270396,21-09-2011,12,6,-3,-674,212.31,-2234.31,Flagship store,Home and kitchen,Academic
38070186504,269842,21-09-2011,5,3,4,863,362.46,3814.46,TeleShop,Electronics,Computers
18893942947,275168,21-09-2011,10,6,3,1262,397.53,4183.53,e-Shop,Home and kitchen,Audio and video
20845984790,269661,21-09-2011,10,6,1,923,96.915,1019.915,Flagship store,Home and kitchen,Audio and video
61905843082,274427,21-09-2011,9,3,1,590,61.95,651.95,TeleShop,Electronics,Cameras
54331243608,268879,21-09-2011,10,5,3,952,299.88,3155.88,TeleShop,Books,Audio and video
7877321022,272292,21-09-2011,7,5,3,433,136.395,1435.395,Flagship store,Books,Fiction
31770834797,270947,21-09-2011,5,3,4,870,365.4,3845.4,TeleShop,Electronics,Computers
37298551705,274719,21-09-2011,10,6,5,491,257.775,2712.775,MBR,Home and kitchen,Audio and video
55601343656,273586,21-09-2011,1,2,3,854,269.01,2831.01,Flagship store,Footwear,Women
13249313266,275245,21-09-2011,6,5,4,501,210.42,2214.42,e-Shop,Books,DIY
78546716118,271364,21-09-2011,9,3,5,840,441,4641,Flagship store,Electronics,Cameras
84283144683,272403,21-09-2011,2,6,4,963,404.46,4256.46,MBR,Home and kitchen,Furnishing
81820232147,271541,21-09-2011,1,4,5,1473,773.325,8138.325,Flagship store,Bags,Women
94264765449,270458,21-09-2011,9,3,1,924,97.02,1021.02,TeleShop,Electronics,Cameras
76249851377,274084,21-09-2011,11,5,1,812,85.26,897.26,Flagship store,Books,Children
68396650890,268756,21-09-2011,10,3,1,524,55.02,579.02,MBR,Electronics,Audio and video
64143152128,269332,21-09-2011,12,6,2,687,144.27,1518.27,TeleShop,Home and kitchen,Academic
95780547560,274175,21-09-2011,11,5,5,942,494.55,5204.55,e-Shop,Books,Children
79340905014,267465,21-09-2011,1,2,5,1028,539.7,5679.7,e-Shop,Footwear,Women
96241601861,273524,21-09-2011,10,3,2,1390,291.9,3071.9,e-Shop,Electronics,Audio and video
82828249462,269717,21-09-2011,9,3,3,1093,344.295,3623.295,e-Shop,Electronics,Cameras
54453493885,274022,20-09-2011,11,6,3,1490,469.35,4939.35,Flagship store,Home and kitchen,Children
37157053650,272528,20-09-2011,3,1,5,734,385.35,4055.35,Flagship store,Clothing,Kids
21874402618,266881,20-09-2011,3,5,3,240,75.6,795.6,TeleShop,Books,Kids
22704543020,272817,20-09-2011,12,6,4,88,36.96,388.96,MBR,Home and kitchen,Academic
52953617614,272485,20-09-2011,11,6,5,866,454.65,4784.65,MBR,Home and kitchen,Children
58497569129,267220,20-09-2011,1,1,4,1470,617.4,6497.4,TeleShop,Clothing,Women
54609157092,269621,20-09-2011,4,2,-2,-1329,279.09,-2937.09,TeleShop,Footwear,Mens
42711700117,274877,20-09-2011,1,1,3,514,161.91,1703.91,Flagship store,Clothing,Women
36888463149,273881,20-09-2011,12,5,1,788,82.74,870.74,TeleShop,Books,Academic
644338327,268056,20-09-2011,7,5,3,349,109.935,1156.935,e-Shop,Books,Fiction
56887891702,270189,20-09-2011,2,6,3,277,87.255,918.255,e-Shop,Home and kitchen,Furnishing
38879595417,273728,20-09-2011,1,4,5,664,348.6,3668.6,MBR,Bags,Women
45889688875,273435,20-09-2011,7,5,-1,-1130,118.65,-1248.65,MBR,Books,Fiction
50581392898,271650,20-09-2011,4,4,1,1057,110.985,1167.985,TeleShop,Bags,Mens
3266693915,271753,20-09-2011,12,6,2,901,189.21,1991.21,e-Shop,Home and kitchen,Academic
56422748643,272796,20-09-2011,3,5,3,1127,355.005,3736.005,e-Shop,Books,Kids
49020777902,270569,20-09-2011,4,4,1,746,78.33,824.33,MBR,Bags,Mens
2097709630,270288,20-09-2011,10,5,4,1322,555.24,5843.24,MBR,Books,Audio and video
50050838998,266901,20-09-2011,3,2,3,530,166.95,1756.95,Flagship store,Footwear,Kids
64480113434,271907,20-09-2011,10,6,2,630,132.3,1392.3,Flagship store,Home and kitchen,Audio and video
91237534650,268335,20-09-2011,3,5,1,1493,156.765,1649.765,TeleShop,Books,Kids
74628234036,272189,20-09-2011,1,4,1,1049,110.145,1159.145,Flagship store,Bags,Women
98442163389,270682,20-09-2011,1,4,1,807,84.735,891.735,e-Shop,Bags,Women
66186809719,270706,20-09-2011,4,2,1,818,85.89,903.89,TeleShop,Footwear,Mens
84266415549,272305,20-09-2011,6,5,-2,-494,103.74,-1091.74,MBR,Books,DIY
65682371489,266937,20-09-2011,12,6,1,505,53.025,558.025,TeleShop,Home and kitchen,Academic
97025981430,273879,20-09-2011,9,3,2,194,40.74,428.74,TeleShop,Electronics,Cameras
97893145308,271144,20-09-2011,6,5,2,262,55.02,579.02,e-Shop,Books,DIY
54255229906,274747,19-09-2011,12,5,4,1497,628.74,6616.74,e-Shop,Books,Academic
28768299927,271797,19-09-2011,12,6,2,1223,256.83,2702.83,e-Shop,Home and kitchen,Academic
59863065582,270597,19-09-2011,10,5,3,1006,316.89,3334.89,TeleShop,Books,Audio and video
14493991692,274801,19-09-2011,1,1,5,1492,783.3,8243.3,TeleShop,Clothing,Women
46511100170,269143,19-09-2011,4,4,-4,-810,340.2,-3580.2,TeleShop,Bags,Mens
29467344661,273109,19-09-2011,11,5,1,819,85.995,904.995,e-Shop,Books,Children
3243977432,273711,19-09-2011,1,1,3,772,243.18,2559.18,TeleShop,Clothing,Women
7180152489,270037,19-09-2011,6,5,-2,-1130,237.3,-2497.3,e-Shop,Books,DIY
27383381008,274694,19-09-2011,4,1,4,135,56.7,596.7,e-Shop,Clothing,Mens
7504015407,270462,19-09-2011,6,5,4,906,380.52,4004.52,MBR,Books,DIY
24884745331,266917,19-09-2011,1,2,4,1207,506.94,5334.94,e-Shop,Footwear,Women
7625646026,272521,19-09-2011,3,5,2,399,83.79,881.79,TeleShop,Books,Kids
27662921572,272217,19-09-2011,1,1,4,747,313.74,3301.74,TeleShop,Clothing,Women
14009063966,272589,19-09-2011,2,6,-5,-419,219.975,-2314.975,MBR,Home and kitchen,Furnishing
34754298902,274549,19-09-2011,12,6,3,1130,355.95,3745.95,MBR,Home and kitchen,Academic
33741505856,274130,19-09-2011,4,2,4,205,86.1,906.1,MBR,Footwear,Mens
74928991689,269947,19-09-2011,5,3,2,610,128.1,1348.1,MBR,Electronics,Computers
83266644361,269225,19-09-2011,4,3,2,1400,294,3094,e-Shop,Electronics,Mens
86320209906,273488,19-09-2011,4,2,2,683,143.43,1509.43,e-Shop,Footwear,Mens
79851815079,269155,19-09-2011,1,1,1,523,54.915,577.915,MBR,Clothing,Women
88057875213,273190,19-09-2011,4,2,3,1368,430.92,4534.92,e-Shop,Footwear,Mens
72508450918,271553,19-09-2011,10,3,4,350,147,1547,e-Shop,Electronics,Audio and video
43414996834,270742,18-09-2011,9,3,1,366,38.43,404.43,MBR,Electronics,Cameras
19895421228,269670,18-09-2011,3,2,3,1458,459.27,4833.27,MBR,Footwear,Kids
4217634021,273896,18-09-2011,2,6,-3,-371,116.865,-1229.865,MBR,Home and kitchen,Furnishing
21048603163,267706,18-09-2011,1,4,5,281,147.525,1552.525,e-Shop,Bags,Women
30472090361,268186,18-09-2011,9,3,1,171,17.955,188.955,MBR,Electronics,Cameras
26485902398,270437,18-09-2011,11,5,5,272,142.8,1502.8,TeleShop,Books,Children
31394080395,270768,18-09-2011,4,1,5,990,519.75,5469.75,e-Shop,Clothing,Mens
27911895037,267683,18-09-2011,6,5,2,294,61.74,649.74,e-Shop,Books,DIY
33337905585,271834,18-09-2011,4,2,4,1471,617.82,6501.82,MBR,Footwear,Mens
4973236128,270548,18-09-2011,7,5,5,1023,537.075,5652.075,MBR,Books,Fiction
36314665853,267555,18-09-2011,4,4,-5,-1304,684.6,-7204.6,MBR,Bags,Mens
43207576535,269696,18-09-2011,4,3,3,1354,426.51,4488.51,MBR,Electronics,Mens
51963522748,269473,18-09-2011,2,6,4,519,217.98,2293.98,e-Shop,Home and kitchen,Furnishing
18625481487,267644,18-09-2011,1,4,4,185,77.7,817.7,Flagship store,Bags,Women
10679678594,272457,18-09-2011,3,5,1,1485,155.925,1640.925,MBR,Books,Kids
24100230294,269660,18-09-2011,2,6,5,1126,591.15,6221.15,TeleShop,Home and kitchen,Furnishing
92961478420,269264,18-09-2011,9,3,3,208,65.52,689.52,MBR,Electronics,Cameras
82489195227,273376,18-09-2011,8,3,5,1409,739.725,7784.725,e-Shop,Electronics,Personal Appliances
84282332757,270773,18-09-2011,4,3,2,945,198.45,2088.45,e-Shop,Electronics,Mens
92298921630,268869,18-09-2011,1,4,5,1368,718.2,7558.2,e-Shop,Bags,Women
84671412321,273811,18-09-2011,8,3,3,895,281.925,2966.925,TeleShop,Electronics,Personal Appliances
79861806677,270428,18-09-2011,1,1,2,1463,307.23,3233.23,TeleShop,Clothing,Women
53144572456,272902,17-09-2011,3,5,4,1147,481.74,5069.74,TeleShop,Books,Kids
58075036524,271325,17-09-2011,1,2,4,1343,564.06,5936.06,TeleShop,Footwear,Women
49782657400,271046,17-09-2011,12,6,1,1020,107.1,1127.1,Flagship store,Home and kitchen,Academic
23041505038,274569,17-09-2011,3,1,5,535,280.875,2955.875,e-Shop,Clothing,Kids
41248804469,269189,17-09-2011,12,5,5,1194,626.85,6596.85,e-Shop,Books,Academic
37003383663,267470,17-09-2011,4,2,3,575,181.125,1906.125,e-Shop,Footwear,Mens
37481048304,271020,17-09-2011,10,3,3,948,298.62,3142.62,e-Shop,Electronics,Audio and video
59730207902,271166,17-09-2011,5,3,5,1216,638.4,6718.4,e-Shop,Electronics,Computers
38938354286,272728,17-09-2011,3,1,5,339,177.975,1872.975,e-Shop,Clothing,Kids
13153892284,269957,17-09-2011,6,5,1,973,102.165,1075.165,e-Shop,Books,DIY
62919354697,273160,17-09-2011,11,5,-4,-795,333.9,-3513.9,MBR,Books,Children
11663679508,271267,17-09-2011,1,4,2,481,101.01,1063.01,TeleShop,Bags,Women
54831813853,268393,17-09-2011,10,5,4,750,315,3315,MBR,Books,Audio and video
48005684437,272602,17-09-2011,3,1,5,645,338.625,3563.625,Flagship store,Clothing,Kids
98010520257,271625,17-09-2011,10,5,4,1448,608.16,6400.16,TeleShop,Books,Audio and video
76010024886,274428,17-09-2011,3,1,1,282,29.61,311.61,e-Shop,Clothing,Kids
97295889657,271113,17-09-2011,1,2,3,833,262.395,2761.395,e-Shop,Footwear,Women
83256956655,271920,17-09-2011,3,2,3,654,206.01,2168.01,MBR,Footwear,Kids
65389092724,268835,17-09-2011,11,5,1,1440,151.2,1591.2,Flagship store,Books,Children
68961753341,269338,17-09-2011,4,1,2,986,207.06,2179.06,e-Shop,Clothing,Mens
63414527017,268663,17-09-2011,10,6,4,584,245.28,2581.28,e-Shop,Home and kitchen,Audio and video
57968446667,267307,16-09-2011,4,1,5,978,513.45,5403.45,TeleShop,Clothing,Mens
5395747149,267691,16-09-2011,6,5,1,601,63.105,664.105,TeleShop,Books,DIY
62919354697,273160,16-09-2011,11,5,-4,-795,333.9,-3513.9,MBR,Books,Children
4974715302,271306,16-09-2011,4,4,2,1179,247.59,2605.59,MBR,Bags,Mens
50008008918,273492,16-09-2011,7,5,-4,-188,78.96,-830.96,e-Shop,Books,Fiction
56689382594,274226,16-09-2011,5,3,4,717,301.14,3169.14,Flagship store,Electronics,Computers
60334319732,269361,16-09-2011,10,5,3,578,182.07,1916.07,TeleShop,Books,Audio and video
95570369,269136,16-09-2011,12,6,1,376,39.48,415.48,e-Shop,Home and kitchen,Academic
6531727561,271077,16-09-2011,10,5,3,235,74.025,779.025,e-Shop,Books,Audio and video
41400824792,272883,16-09-2011,2,6,3,486,153.09,1611.09,e-Shop,Home and kitchen,Furnishing
16931446605,268991,16-09-2011,11,6,5,448,235.2,2475.2,Flagship store,Home and kitchen,Children
41270908883,268177,16-09-2011,12,6,5,482,253.05,2663.05,e-Shop,Home and kitchen,Academic
17500591842,269158,16-09-2011,1,2,4,372,156.24,1644.24,TeleShop,Footwear,Women
67639501380,272720,16-09-2011,6,5,-3,-1097,345.555,-3636.555,e-Shop,Books,DIY
77364214231,272292,16-09-2011,1,4,1,641,67.305,708.305,e-Shop,Bags,Women
76136764568,272121,16-09-2011,7,5,3,1273,400.995,4219.995,Flagship store,Books,Fiction
84266415549,272305,16-09-2011,6,5,2,494,103.74,1091.74,MBR,Books,DIY
98810575813,272225,16-09-2011,3,5,5,1313,689.325,7254.325,TeleShop,Books,Kids
525918122,272348,15-09-2011,5,3,3,435,137.025,1442.025,e-Shop,Electronics,Computers
28546796058,272091,15-09-2011,9,3,-2,-1451,304.71,-3206.71,Flagship store,Electronics,Cameras
6305199987,267467,15-09-2011,10,6,1,1129,118.545,1247.545,Flagship store,Home and kitchen,Audio and video
6069819526,274723,15-09-2011,4,4,4,219,91.98,967.98,e-Shop,Bags,Mens
35226118422,275171,15-09-2011,1,4,3,214,67.41,709.41,TeleShop,Bags,Women
6828471769,269452,15-09-2011,12,5,2,942,197.82,2081.82,Flagship store,Books,Academic
10341193479,274445,15-09-2011,12,5,2,226,47.46,499.46,Flagship store,Books,Academic
2559094586,268735,15-09-2011,9,3,3,1376,433.44,4561.44,e-Shop,Electronics,Cameras
9064231416,270881,15-09-2011,10,6,1,1017,106.785,1123.785,MBR,Home and kitchen,Audio and video
18567663554,271150,15-09-2011,5,3,3,502,158.13,1664.13,Flagship store,Electronics,Computers
54609157092,269621,15-09-2011,4,2,2,1329,279.09,2937.09,TeleShop,Footwear,Mens
43924884189,268946,15-09-2011,11,5,5,168,88.2,928.2,e-Shop,Books,Children
85731154914,274433,15-09-2011,6,5,3,1012,318.78,3354.78,TeleShop,Books,DIY
77778630564,273105,15-09-2011,2,6,1,87,9.135,96.135,MBR,Home and kitchen,Furnishing
63266309136,268512,15-09-2011,8,3,1,1282,134.61,1416.61,e-Shop,Electronics,Personal Appliances
93258733520,268317,15-09-2011,4,3,2,1313,275.73,2901.73,TeleShop,Electronics,Mens
92544939774,267306,15-09-2011,10,6,2,489,102.69,1080.69,Flagship store,Home and kitchen,Audio and video
8091607465,272713,14-09-2011,4,4,5,516,270.9,2850.9,TeleShop,Bags,Mens
1072080527,271169,14-09-2011,3,2,3,756,238.14,2506.14,e-Shop,Footwear,Kids
23682042594,268479,14-09-2011,11,6,-5,-874,458.85,-4828.85,e-Shop,Home and kitchen,Children
7180152489,270037,14-09-2011,6,5,2,1130,237.3,2497.3,e-Shop,Books,DIY
31350357911,274500,14-09-2011,3,5,5,896,470.4,4950.4,MBR,Books,Kids
31310253404,267489,14-09-2011,2,6,2,581,122.01,1284.01,Flagship store,Home and kitchen,Furnishing
60364639242,275215,14-09-2011,11,5,2,628,131.88,1387.88,TeleShop,Books,Children
58582348485,270894,14-09-2011,7,5,4,1164,488.88,5144.88,TeleShop,Books,Fiction
45889688875,273435,14-09-2011,7,5,1,1130,118.65,1248.65,MBR,Books,Fiction
40460186340,267832,14-09-2011,9,3,5,658,345.45,3635.45,e-Shop,Electronics,Cameras
61173044785,273819,14-09-2011,2,6,4,897,376.74,3964.74,MBR,Home and kitchen,Furnishing
35597772601,271576,14-09-2011,11,5,-5,-521,273.525,-2878.525,e-Shop,Books,Children
67085448285,269365,14-09-2011,4,1,2,614,128.94,1356.94,TeleShop,Clothing,Mens
99873269792,267093,14-09-2011,4,4,3,1278,402.57,4236.57,MBR,Bags,Mens
75329995679,274858,14-09-2011,4,2,2,1461,306.81,3228.81,e-Shop,Footwear,Mens
97296739368,270233,14-09-2011,3,2,2,1024,215.04,2263.04,Flagship store,Footwear,Kids
94923895429,273506,14-09-2011,3,1,3,568,178.92,1882.92,e-Shop,Clothing,Kids
95230371917,272192,14-09-2011,5,3,4,580,243.6,2563.6,Flagship store,Electronics,Computers
91228507547,271340,14-09-2011,2,6,-4,-473,198.66,-2090.66,MBR,Home and kitchen,Furnishing
94185281390,274627,14-09-2011,8,3,3,1267,399.105,4200.105,e-Shop,Electronics,Personal Appliances
32448535705,266858,13-09-2011,6,5,2,296,62.16,654.16,MBR,Books,DIY
51136781802,266812,13-09-2011,8,3,2,528,110.88,1166.88,TeleShop,Electronics,Personal Appliances
34110443340,274824,13-09-2011,11,5,5,535,280.875,2955.875,e-Shop,Books,Children
26789424588,274914,13-09-2011,10,3,5,138,72.45,762.45,MBR,Electronics,Audio and video
36988245655,274527,13-09-2011,5,3,3,756,238.14,2506.14,MBR,Electronics,Computers
14401075507,272174,13-09-2011,3,5,5,1311,688.275,7243.275,e-Shop,Books,Kids
31048141643,271843,13-09-2011,11,5,3,1232,388.08,4084.08,e-Shop,Books,Children
45153766379,274432,13-09-2011,7,5,2,270,56.7,596.7,e-Shop,Books,Fiction
14361320840,271650,13-09-2011,4,2,3,313,98.595,1037.595,TeleShop,Footwear,Mens
4217634021,273896,13-09-2011,2,6,3,371,116.865,1229.865,MBR,Home and kitchen,Furnishing
53264975981,273582,13-09-2011,11,5,-4,-737,309.54,-3257.54,Flagship store,Books,Children
33925326729,273840,13-09-2011,2,6,5,1394,731.85,7701.85,Flagship store,Home and kitchen,Furnishing
13681424282,270655,13-09-2011,1,1,-5,-759,398.475,-4193.475,Flagship store,Clothing,Women
16809174037,273711,13-09-2011,2,6,4,1163,488.46,5140.46,e-Shop,Home and kitchen,Furnishing
32919213468,270834,13-09-2011,7,5,3,1215,382.725,4027.725,e-Shop,Books,Fiction
77544515166,272824,13-09-2011,9,3,4,1444,606.48,6382.48,TeleShop,Electronics,Cameras
67639501380,272720,13-09-2011,6,5,3,1097,345.555,3636.555,e-Shop,Books,DIY
85959779630,269616,13-09-2011,10,5,3,191,60.165,633.165,e-Shop,Books,Audio and video
92938524699,270331,13-09-2011,4,2,4,626,262.92,2766.92,MBR,Footwear,Mens
86711622576,266788,13-09-2011,4,2,4,436,183.12,1927.12,e-Shop,Footwear,Mens
80672760858,269407,13-09-2011,3,2,1,1255,131.775,1386.775,e-Shop,Footwear,Kids
95642365893,268271,13-09-2011,10,5,4,1192,500.64,5268.64,Flagship store,Books,Audio and video
83903999254,267467,13-09-2011,7,5,5,365,191.625,2016.625,TeleShop,Books,Fiction
67533333502,269904,13-09-2011,4,1,2,392,82.32,866.32,MBR,Clothing,Mens
97793260321,273428,13-09-2011,3,5,3,1243,391.545,4120.545,MBR,Books,Kids
65490202895,267895,13-09-2011,1,2,-2,-1181,248.01,-2610.01,MBR,Footwear,Women
76475443171,272949,13-09-2011,7,5,5,887,465.675,4900.675,e-Shop,Books,Fiction
82498067794,268512,13-09-2011,7,5,3,390,122.85,1292.85,Flagship store,Books,Fiction
2318608654,267646,12/9/2011,2,6,5,326,171.15,1801.15,e-Shop,Home and kitchen,Furnishing
50089728180,270396,12/9/2011,12,6,3,674,212.31,2234.31,Flagship store,Home and kitchen,Academic
40428499044,273358,12/9/2011,4,2,1,1481,155.505,1636.505,e-Shop,Footwear,Mens
2527244676,268934,12/9/2011,6,5,3,1063,334.845,3523.845,MBR,Books,DIY
39368725499,268104,12/9/2011,4,2,4,959,402.78,4238.78,TeleShop,Footwear,Mens
56194129065,269440,12/9/2011,4,3,5,433,227.325,2392.325,TeleShop,Electronics,Mens
25509331876,268867,12/9/2011,12,6,-4,-416,174.72,-1838.72,e-Shop,Home and kitchen,Academic
53333376714,268544,12/9/2011,11,5,3,1049,330.435,3477.435,MBR,Books,Children
57658020095,267420,12/9/2011,8,3,-5,-560,294,-3094,e-Shop,Electronics,Personal Appliances
36294538422,267023,12/9/2011,11,6,-3,-529,166.635,-1753.635,e-Shop,Home and kitchen,Children
63635795988,268787,12/9/2011,10,5,2,297,62.37,656.37,MBR,Books,Audio and video
92574345271,275000,12/9/2011,10,3,4,734,308.28,3244.28,e-Shop,Electronics,Audio and video
80677492303,270100,12/9/2011,3,2,3,1151,362.565,3815.565,Flagship store,Footwear,Kids
72223215942,274155,12/9/2011,12,5,1,979,102.795,1081.795,MBR,Books,Academic
90527376159,271523,12/9/2011,4,4,5,208,109.2,1149.2,Flagship store,Bags,Mens
95080938310,268286,12/9/2011,1,4,1,1335,140.175,1475.175,TeleShop,Bags,Women
13973796461,274852,11/9/2011,5,3,1,927,97.335,1024.335,Flagship store,Electronics,Computers
6882880987,269651,11/9/2011,3,2,1,370,38.85,408.85,Flagship store,Footwear,Kids
20720997326,268908,11/9/2011,7,5,1,123,12.915,135.915,MBR,Books,Fiction
24131768570,272916,11/9/2011,1,1,3,675,212.625,2237.625,MBR,Clothing,Women
18946920140,268982,11/9/2011,2,6,5,356,186.9,1966.9,MBR,Home and kitchen,Furnishing
585837570,267364,11/9/2011,10,5,5,1411,740.775,7795.775,TeleShop,Books,Audio and video
12624019892,269315,11/9/2011,11,5,3,889,280.035,2947.035,Flagship store,Books,Children
32734021869,274715,11/9/2011,12,6,4,1053,442.26,4654.26,MBR,Home and kitchen,Academic
95362110406,269348,11/9/2011,4,2,2,511,107.31,1129.31,MBR,Footwear,Mens
92594219915,266904,11/9/2011,12,6,-4,-1020,428.4,-4508.4,e-Shop,Home and kitchen,Academic
70720792750,272817,11/9/2011,4,3,3,1000,315,3315,TeleShop,Electronics,Mens
81959467423,272615,11/9/2011,4,2,-2,-1371,287.91,-3029.91,TeleShop,Footwear,Mens
96187031019,274018,11/9/2011,12,6,1,1337,140.385,1477.385,e-Shop,Home and kitchen,Academic
68138277338,274371,11/9/2011,8,3,2,1289,270.69,2848.69,MBR,Electronics,Personal Appliances
43721271645,272412,10/9/2011,4,3,-3,-1226,386.19,-4064.19,TeleShop,Electronics,Mens
14009063966,272589,10/9/2011,2,6,5,419,219.975,2314.975,MBR,Home and kitchen,Furnishing
33649332490,269589,10/9/2011,4,3,1,1379,144.795,1523.795,e-Shop,Electronics,Mens
18705514606,272514,10/9/2011,4,4,4,76,31.92,335.92,TeleShop,Bags,Mens
2599128841,270771,10/9/2011,1,4,5,666,349.65,3679.65,e-Shop,Bags,Women
47400970575,273917,10/9/2011,8,3,5,433,227.325,2392.325,e-Shop,Electronics,Personal Appliances
38138075306,270163,10/9/2011,1,2,3,496,156.24,1644.24,TeleShop,Footwear,Women
60738402758,274281,10/9/2011,2,6,3,1059,333.585,3510.585,TeleShop,Home and kitchen,Furnishing
29246080044,269547,10/9/2011,1,1,5,629,330.225,3475.225,TeleShop,Clothing,Women
50008008918,273492,10/9/2011,7,5,4,188,78.96,830.96,e-Shop,Books,Fiction
18960623156,272131,10/9/2011,5,3,5,1314,689.85,7259.85,MBR,Electronics,Computers
20344298267,268988,10/9/2011,10,5,1,521,54.705,575.705,Flagship store,Books,Audio and video
8770990316,274787,10/9/2011,10,6,4,1347,565.74,5953.74,e-Shop,Home and kitchen,Audio and video
15276311821,271080,10/9/2011,4,3,2,704,147.84,1555.84,e-Shop,Electronics,Mens
54790373801,268928,10/9/2011,10,5,3,1363,429.345,4518.345,MBR,Books,Audio and video
49532853195,272048,10/9/2011,10,3,2,1195,250.95,2640.95,e-Shop,Electronics,Audio and video
36314665853,267555,10/9/2011,4,4,5,1304,684.6,7204.6,MBR,Bags,Mens
59042244185,267783,10/9/2011,10,3,4,1306,548.52,5772.52,e-Shop,Electronics,Audio and video
39469889793,271701,10/9/2011,4,4,5,237,124.425,1309.425,MBR,Bags,Mens
78544464125,273499,10/9/2011,10,3,1,728,76.44,804.44,e-Shop,Electronics,Audio and video
80916125860,274480,10/9/2011,2,6,5,601,315.525,3320.525,TeleShop,Home and kitchen,Furnishing
97016007933,269903,10/9/2011,3,2,5,943,495.075,5210.075,e-Shop,Footwear,Kids
63970970397,267346,10/9/2011,9,3,1,788,82.74,870.74,e-Shop,Electronics,Cameras
75315876059,271315,10/9/2011,4,4,5,909,477.225,5022.225,Flagship store,Bags,Mens
86612041217,273364,10/9/2011,7,5,5,891,467.775,4922.775,Flagship store,Books,Fiction
92903764378,269264,10/9/2011,4,2,1,477,50.085,527.085,Flagship store,Footwear,Mens
43362096231,267998,9/9/2011,7,5,5,408,214.2,2254.2,Flagship store,Books,Fiction
20791879545,271184,9/9/2011,12,6,4,303,127.26,1339.26,Flagship store,Home and kitchen,Academic
25278510123,272475,9/9/2011,5,3,1,1201,126.105,1327.105,e-Shop,Electronics,Computers
24341062150,274926,9/9/2011,1,2,2,564,118.44,1246.44,e-Shop,Footwear,Women
42207455489,270632,9/9/2011,1,2,2,299,62.79,660.79,e-Shop,Footwear,Women
3462452802,267479,9/9/2011,3,1,5,107,56.175,591.175,Flagship store,Clothing,Kids
4763844850,274226,9/9/2011,10,6,5,79,41.475,436.475,TeleShop,Home and kitchen,Audio and video
61339081482,272280,9/9/2011,3,5,3,926,291.69,3069.69,TeleShop,Books,Kids
46511100170,269143,9/9/2011,4,4,4,810,340.2,3580.2,TeleShop,Bags,Mens
53312631658,274389,9/9/2011,3,5,-3,-1253,394.695,-4153.695,Flagship store,Books,Kids
27422121469,269250,9/9/2011,12,6,2,589,123.69,1301.69,Flagship store,Home and kitchen,Academic
46699596729,266915,9/9/2011,8,3,4,593,249.06,2621.06,e-Shop,Electronics,Personal Appliances
39751984478,268741,9/9/2011,12,5,5,390,204.75,2154.75,MBR,Books,Academic
13111969923,267320,9/9/2011,3,5,1,1275,133.875,1408.875,TeleShop,Books,Kids
55802345012,274156,9/9/2011,7,5,5,307,161.175,1696.175,MBR,Books,Fiction
37125765237,270905,9/9/2011,1,1,2,832,174.72,1838.72,Flagship store,Clothing,Women
57861862367,267021,9/9/2011,3,5,1,1170,122.85,1292.85,e-Shop,Books,Kids
53737651921,267474,9/9/2011,2,6,3,99,31.185,328.185,Flagship store,Home and kitchen,Furnishing
64355070876,274423,9/9/2011,10,5,2,111,23.31,245.31,TeleShop,Books,Audio and video
88779485446,273544,9/9/2011,3,5,5,922,484.05,5094.05,MBR,Books,Kids
93000218368,274991,9/9/2011,2,6,5,189,99.225,1044.225,e-Shop,Home and kitchen,Furnishing
65953748983,267883,9/9/2011,10,5,4,173,72.66,764.66,Flagship store,Books,Audio and video
91873408065,270448,9/9/2011,10,6,2,310,65.1,685.1,e-Shop,Home and kitchen,Audio and video
87326492209,271286,9/9/2011,8,3,4,1107,464.94,4892.94,e-Shop,Electronics,Personal Appliances
75281214424,274760,9/9/2011,3,5,1,279,29.295,308.295,TeleShop,Books,Kids
29993569031,272300,8/9/2011,3,5,4,1379,579.18,6095.18,Flagship store,Books,Kids
1355957716,267772,8/9/2011,12,5,3,566,178.29,1876.29,TeleShop,Books,Academic
2547999398,270469,8/9/2011,4,3,2,893,187.53,1973.53,e-Shop,Electronics,Mens
9106229101,273618,8/9/2011,3,2,3,1464,461.16,4853.16,TeleShop,Footwear,Kids
51511301945,271162,8/9/2011,10,5,3,526,165.69,1743.69,Flagship store,Books,Audio and video
48876205458,273780,8/9/2011,5,3,-4,-1466,615.72,-6479.72,MBR,Electronics,Computers
18169150530,270662,8/9/2011,9,3,-1,-983,103.215,-1086.215,e-Shop,Electronics,Cameras
62919354697,273160,8/9/2011,11,5,4,795,333.9,3513.9,MBR,Books,Children
16932565840,268972,8/9/2011,6,5,2,737,154.77,1628.77,MBR,Books,DIY
6935183672,269080,8/9/2011,1,4,5,417,218.925,2303.925,e-Shop,Bags,Women
7221281388,274072,8/9/2011,12,6,4,841,353.22,3717.22,MBR,Home and kitchen,Academic
18330130974,274077,8/9/2011,2,6,5,1357,712.425,7497.425,TeleShop,Home and kitchen,Furnishing
28435336376,269754,8/9/2011,11,5,4,796,334.32,3518.32,TeleShop,Books,Children
10315529475,272044,8/9/2011,4,2,2,927,194.67,2048.67,MBR,Footwear,Mens
25509331876,268867,8/9/2011,12,6,-4,-416,174.72,-1838.72,e-Shop,Home and kitchen,Academic
19151160260,274222,8/9/2011,6,5,3,296,93.24,981.24,e-Shop,Books,DIY
13681424282,270655,8/9/2011,1,1,5,759,398.475,4193.475,Flagship store,Clothing,Women
474391737,268453,8/9/2011,7,5,2,856,179.76,1891.76,Flagship store,Books,Fiction
64222109424,273273,8/9/2011,2,6,-2,-1297,272.37,-2866.37,e-Shop,Home and kitchen,Furnishing
93199909496,267122,8/9/2011,12,6,4,1052,441.84,4649.84,Flagship store,Home and kitchen,Academic
65979411134,269330,8/9/2011,2,6,2,605,127.05,1337.05,e-Shop,Home and kitchen,Furnishing
70367745576,269881,8/9/2011,10,5,-5,-178,93.45,-983.45,MBR,Books,Audio and video
87653241700,267613,8/9/2011,1,2,5,325,170.625,1795.625,e-Shop,Footwear,Women
91228507547,271340,8/9/2011,2,6,4,473,198.66,2090.66,MBR,Home and kitchen,Furnishing
65030397858,274655,8/9/2011,10,3,3,821,258.615,2721.615,e-Shop,Electronics,Audio and video
73053759304,269893,8/9/2011,4,3,3,1125,354.375,3729.375,TeleShop,Electronics,Mens
68672076426,273376,8/9/2011,4,1,3,859,270.585,2847.585,e-Shop,Clothing,Mens
84899868631,267959,8/9/2011,1,4,3,1382,435.33,4581.33,e-Shop,Bags,Women
61217526402,270439,7/9/2011,2,6,-4,-458,192.36,-2024.36,MBR,Home and kitchen,Furnishing
15854180848,272860,7/9/2011,12,6,5,333,174.825,1839.825,MBR,Home and kitchen,Academic
3181733460,267158,7/9/2011,10,5,5,319,167.475,1762.475,TeleShop,Books,Audio and video
49095428152,275173,7/9/2011,1,2,-5,-1124,590.1,-6210.1,e-Shop,Footwear,Women
59341341721,268768,7/9/2011,12,6,2,1141,239.61,2521.61,Flagship store,Home and kitchen,Academic
12647081503,267464,7/9/2011,11,5,2,1347,282.87,2976.87,e-Shop,Books,Children
36889124720,270033,7/9/2011,12,6,5,884,464.1,4884.1,e-Shop,Home and kitchen,Academic
38109010022,266896,7/9/2011,1,4,2,1300,273,2873,TeleShop,Bags,Women
17434813138,270753,7/9/2011,10,5,1,960,100.8,1060.8,Flagship store,Books,Audio and video
51362790176,267217,7/9/2011,4,3,4,1204,505.68,5321.68,Flagship store,Electronics,Mens
28615995425,272019,7/9/2011,9,3,-5,-925,485.625,-5110.625,MBR,Electronics,Cameras
52427540474,274294,7/9/2011,4,4,5,885,464.625,4889.625,MBR,Bags,Mens
12806188601,267167,7/9/2011,4,3,5,619,324.975,3419.975,TeleShop,Electronics,Mens
36294538422,267023,7/9/2011,11,6,3,529,166.635,1753.635,e-Shop,Home and kitchen,Children
22002365000,273239,7/9/2011,3,1,5,380,199.5,2099.5,TeleShop,Clothing,Kids
1536970709,272893,7/9/2011,4,2,3,1060,333.9,3513.9,e-Shop,Footwear,Mens
98341598096,269193,7/9/2011,1,2,5,1349,708.225,7453.225,e-Shop,Footwear,Women
81356955422,269962,7/9/2011,8,3,4,860,361.2,3801.2,e-Shop,Electronics,Personal Appliances
90537316219,274374,7/9/2011,11,5,5,657,344.925,3629.925,e-Shop,Books,Children
87870527953,270695,7/9/2011,1,2,1,1092,114.66,1206.66,e-Shop,Footwear,Women
65490202895,267895,7/9/2011,1,2,2,1181,248.01,2610.01,MBR,Footwear,Women
2697542767,270745,6/9/2011,11,6,4,726,304.92,3208.92,e-Shop,Home and kitchen,Children
46388172643,268854,6/9/2011,12,5,5,1272,667.8,7027.8,e-Shop,Books,Academic
60862537867,271202,6/9/2011,6,5,4,505,212.1,2232.1,e-Shop,Books,DIY
35671735739,273600,6/9/2011,5,3,5,1459,765.975,8060.975,TeleShop,Electronics,Computers
28546796058,272091,6/9/2011,9,3,2,1451,304.71,3206.71,Flagship store,Electronics,Cameras
7754412623,268842,6/9/2011,4,4,4,834,350.28,3686.28,e-Shop,Bags,Mens
55279630651,268106,6/9/2011,1,1,3,1258,396.27,4170.27,Flagship store,Clothing,Women
56287350550,270463,6/9/2011,7,5,2,1112,233.52,2457.52,e-Shop,Books,Fiction
22023597938,267465,6/9/2011,4,2,4,1238,519.96,5471.96,Flagship store,Footwear,Mens
40040599614,273220,6/9/2011,4,3,4,922,387.24,4075.24,Flagship store,Electronics,Mens
15791796305,269561,6/9/2011,3,5,-2,-1396,293.16,-3085.16,e-Shop,Books,Kids
78309871457,268876,6/9/2011,10,3,4,943,396.06,4168.06,MBR,Electronics,Audio and video
84405759299,268342,6/9/2011,12,6,4,942,395.64,4163.64,Flagship store,Home and kitchen,Academic
88589702613,273175,6/9/2011,3,5,2,1461,306.81,3228.81,Flagship store,Books,Kids
86281244245,271348,6/9/2011,5,3,4,1444,606.48,6382.48,e-Shop,Electronics,Computers
97776950896,272378,6/9/2011,8,3,5,314,164.85,1734.85,TeleShop,Electronics,Personal Appliances
89391450437,270496,6/9/2011,7,5,1,879,92.295,971.295,e-Shop,Books,Fiction
67664082990,267024,6/9/2011,3,1,5,958,502.95,5292.95,e-Shop,Clothing,Kids
64222109424,273273,6/9/2011,2,6,2,1297,272.37,2866.37,e-Shop,Home and kitchen,Furnishing
55250000536,268987,5/9/2011,4,1,2,106,22.26,234.26,e-Shop,Clothing,Mens
28067626450,274897,5/9/2011,3,1,1,1496,157.08,1653.08,MBR,Clothing,Kids
53264975981,273582,5/9/2011,11,5,4,737,309.54,3257.54,Flagship store,Books,Children
32859447505,270739,5/9/2011,4,3,-4,-1069,448.98,-4724.98,Flagship store,Electronics,Mens
53312631658,274389,5/9/2011,3,5,-3,-1253,394.695,-4153.695,Flagship store,Books,Kids
4917079509,271337,5/9/2011,11,5,1,710,74.55,784.55,e-Shop,Books,Children
25656109847,272950,5/9/2011,4,2,-1,-140,14.7,-154.7,e-Shop,Footwear,Mens
39321692853,267931,5/9/2011,1,1,4,448,188.16,1980.16,MBR,Clothing,Women
35597772601,271576,5/9/2011,11,5,5,521,273.525,2878.525,e-Shop,Books,Children
12166898426,269836,5/9/2011,4,4,5,516,270.9,2850.9,TeleShop,Bags,Mens
23682042594,268479,5/9/2011,11,6,5,874,458.85,4828.85,e-Shop,Home and kitchen,Children
56958522992,273734,5/9/2011,1,4,5,885,464.625,4889.625,e-Shop,Bags,Women
99278446927,269148,5/9/2011,3,2,4,1329,558.18,5874.18,e-Shop,Footwear,Kids
77983386452,274479,5/9/2011,10,6,1,1050,110.25,1160.25,MBR,Home and kitchen,Audio and video
73299967240,270154,5/9/2011,11,6,5,155,81.375,856.375,MBR,Home and kitchen,Children
97032208503,267700,5/9/2011,9,3,1,1383,145.215,1528.215,MBR,Electronics,Cameras
85222939863,273520,5/9/2011,5,3,1,967,101.535,1068.535,e-Shop,Electronics,Computers
94845653733,269325,5/9/2011,1,2,5,348,182.7,1922.7,e-Shop,Footwear,Women
71286190189,268097,5/9/2011,4,1,5,818,429.45,4519.45,e-Shop,Clothing,Mens
49958706040,268964,4/9/2011,11,6,1,604,63.42,667.42,e-Shop,Home and kitchen,Children
11313637050,267648,4/9/2011,12,6,3,1477,465.255,4896.255,Flagship store,Home and kitchen,Academic
20179607906,273985,4/9/2011,12,6,3,251,79.065,832.065,MBR,Home and kitchen,Academic
63000634326,273959,4/9/2011,1,4,2,1062,223.02,2347.02,e-Shop,Bags,Women
29968909576,268305,4/9/2011,5,3,4,1155,485.1,5105.1,MBR,Electronics,Computers
29461258177,273257,4/9/2011,3,1,1,697,73.185,770.185,TeleShop,Clothing,Kids
54256751146,270978,4/9/2011,4,1,-5,-1053,552.825,-5817.825,Flagship store,Clothing,Mens
51338683650,273799,4/9/2011,10,6,4,833,349.86,3681.86,e-Shop,Home and kitchen,Audio and video
59187329014,273038,4/9/2011,11,6,5,1316,690.9,7270.9,TeleShop,Home and kitchen,Children
54077530266,267807,4/9/2011,2,6,2,1245,261.45,2751.45,e-Shop,Home and kitchen,Furnishing
43721271645,272412,4/9/2011,4,3,3,1226,386.19,4064.19,TeleShop,Electronics,Mens
24230064854,274261,4/9/2011,8,3,3,677,213.255,2244.255,e-Shop,Electronics,Personal Appliances
36780050248,273610,4/9/2011,11,5,1,777,81.585,858.585,e-Shop,Books,Children
57658020095,267420,4/9/2011,8,3,5,560,294,3094,e-Shop,Electronics,Personal Appliances
15791796305,269561,4/9/2011,3,5,2,1396,293.16,3085.16,e-Shop,Books,Kids
67230382762,267721,4/9/2011,12,5,2,986,207.06,2179.06,Flagship store,Books,Academic
65469316488,266888,4/9/2011,7,5,2,323,67.83,713.83,TeleShop,Books,Fiction
81627664277,274486,4/9/2011,10,3,3,163,51.345,540.345,MBR,Electronics,Audio and video
91586307744,269301,4/9/2011,3,2,-4,-271,113.82,-1197.82,Flagship store,Footwear,Kids
65087846392,274913,4/9/2011,1,2,3,901,283.815,2986.815,Flagship store,Footwear,Women
95579053338,267903,4/9/2011,3,1,5,1320,693,7293,MBR,Clothing,Kids
84946055220,274707,4/9/2011,11,5,5,554,290.85,3060.85,TeleShop,Books,Children
88714676482,267999,4/9/2011,6,5,5,950,498.75,5248.75,Flagship store,Books,DIY
82818224195,267529,4/9/2011,4,2,4,796,334.32,3518.32,Flagship store,Footwear,Mens
80211742383,268543,4/9/2011,10,5,5,921,483.525,5088.525,TeleShop,Books,Audio and video
92594219915,266904,4/9/2011,12,6,4,1020,428.4,4508.4,e-Shop,Home and kitchen,Academic
23774894089,268062,3/9/2011,4,2,3,121,38.115,401.115,e-Shop,Footwear,Mens
16621510256,272105,3/9/2011,4,2,4,812,341.04,3589.04,e-Shop,Footwear,Mens
29075784875,267302,3/9/2011,12,5,3,1000,315,3315,MBR,Books,Academic
23817139027,271698,3/9/2011,3,5,4,864,362.88,3818.88,e-Shop,Books,Kids
7971776803,271789,3/9/2011,1,2,3,764,240.66,2532.66,TeleShop,Footwear,Women
56063346916,273850,3/9/2011,2,6,3,192,60.48,636.48,TeleShop,Home and kitchen,Furnishing
53312631658,274389,3/9/2011,3,5,3,1253,394.695,4153.695,Flagship store,Books,Kids
46946129381,267157,3/9/2011,9,3,1,643,67.515,710.515,Flagship store,Electronics,Cameras
58707641265,270406,3/9/2011,4,4,-2,-670,140.7,-1480.7,MBR,Bags,Mens
52591668242,269154,3/9/2011,11,6,4,568,238.56,2510.56,TeleShop,Home and kitchen,Children
91571562011,271987,3/9/2011,3,2,1,1410,148.05,1558.05,e-Shop,Footwear,Kids
85403810048,271611,3/9/2011,1,4,-3,-692,217.98,-2293.98,Flagship store,Bags,Women
66753579287,275081,3/9/2011,6,5,1,131,13.755,144.755,TeleShop,Books,DIY
87510118596,274010,3/9/2011,9,3,5,334,175.35,1845.35,TeleShop,Electronics,Cameras
89466080399,274034,3/9/2011,7,5,-1,-72,7.56,-79.56,e-Shop,Books,Fiction
78372657200,272642,3/9/2011,1,4,5,106,55.65,585.65,MBR,Bags,Women
67384454495,267934,3/9/2011,3,1,-5,-1154,605.85,-6375.85,MBR,Clothing,Kids
33645479463,273586,2/9/2011,1,4,5,439,230.475,2425.475,Flagship store,Bags,Women
20928669977,271477,2/9/2011,12,5,2,929,195.09,2053.09,e-Shop,Books,Academic
59312876636,271957,2/9/2011,3,2,5,465,244.125,2569.125,MBR,Footwear,Kids
23124429110,275072,2/9/2011,5,3,4,1375,577.5,6077.5,TeleShop,Electronics,Computers
45688115565,274602,2/9/2011,12,5,1,1181,124.005,1305.005,MBR,Books,Academic
38704872937,270976,2/9/2011,12,6,1,320,33.6,353.6,TeleShop,Home and kitchen,Academic
28615995425,272019,2/9/2011,9,3,5,925,485.625,5110.625,MBR,Electronics,Cameras
54256751146,270978,2/9/2011,4,1,5,1053,552.825,5817.825,Flagship store,Clothing,Mens
3680395569,267301,2/9/2011,3,5,4,1012,425.04,4473.04,Flagship store,Books,Kids
25099988473,268348,2/9/2011,12,5,3,1427,449.505,4730.505,e-Shop,Books,Academic
41612305681,274573,2/9/2011,3,2,1,1027,107.835,1134.835,MBR,Footwear,Kids
53421534255,273486,2/9/2011,9,3,3,1246,392.49,4130.49,MBR,Electronics,Cameras
25509331876,268867,2/9/2011,12,6,4,416,174.72,1838.72,e-Shop,Home and kitchen,Academic
82605041851,274079,2/9/2011,4,2,1,815,85.575,900.575,e-Shop,Footwear,Mens
71461830314,267653,2/9/2011,10,5,5,456,239.4,2519.4,MBR,Books,Audio and video
76172413265,273507,2/9/2011,10,5,1,333,34.965,367.965,e-Shop,Books,Audio and video
81801420917,272081,2/9/2011,6,5,3,958,301.77,3175.77,MBR,Books,DIY
74379197562,270756,2/9/2011,12,6,4,1156,485.52,5109.52,Flagship store,Home and kitchen,Academic
63856747160,269245,2/9/2011,1,1,4,1082,454.44,4782.44,e-Shop,Clothing,Women
86108924908,271593,2/9/2011,11,6,4,575,241.5,2541.5,e-Shop,Home and kitchen,Children
70367745576,269881,2/9/2011,10,5,5,178,93.45,983.45,MBR,Books,Audio and video
64906843107,274226,2/9/2011,4,2,4,659,276.78,2912.78,MBR,Footwear,Mens
79208202725,271583,2/9/2011,11,5,5,1264,663.6,6983.6,e-Shop,Books,Children
71280968890,271516,2/9/2011,3,5,2,1087,228.27,2402.27,e-Shop,Books,Kids
9268189150,274092,1/9/2011,7,5,4,1145,480.9,5060.9,MBR,Books,Fiction
35524155766,269861,1/9/2011,1,4,1,1361,142.905,1503.905,e-Shop,Bags,Women
15667192522,270666,1/9/2011,2,6,2,1149,241.29,2539.29,MBR,Home and kitchen,Furnishing
56359712105,271525,1/9/2011,5,3,1,675,70.875,745.875,Flagship store,Electronics,Computers
16599585793,268692,1/9/2011,7,5,1,216,22.68,238.68,MBR,Books,Fiction
5692048215,269072,1/9/2011,8,3,2,820,172.2,1812.2,Flagship store,Electronics,Personal Appliances
50763408214,272482,1/9/2011,5,3,4,1486,624.12,6568.12,e-Shop,Electronics,Computers
18169150530,270662,1/9/2011,9,3,1,983,103.215,1086.215,e-Shop,Electronics,Cameras
15997274523,267807,1/9/2011,4,2,2,71,14.91,156.91,Flagship store,Footwear,Mens
29444294025,269091,1/9/2011,3,1,3,831,261.765,2754.765,e-Shop,Clothing,Kids
54679700596,270253,1/9/2011,3,2,2,915,192.15,2022.15,MBR,Footwear,Kids
24017363063,269304,1/9/2011,4,3,3,414,130.41,1372.41,e-Shop,Electronics,Mens
61391089580,268282,1/9/2011,10,3,4,268,112.56,1184.56,MBR,Electronics,Audio and video
45996092431,273527,1/9/2011,10,6,4,1154,484.68,5100.68,e-Shop,Home and kitchen,Audio and video
1653245837,273662,1/9/2011,10,5,3,135,42.525,447.525,TeleShop,Books,Audio and video
51548463052,274269,1/9/2011,8,3,4,829,348.18,3664.18,e-Shop,Electronics,Personal Appliances
21950520804,270511,1/9/2011,10,5,2,1425,299.25,3149.25,e-Shop,Books,Audio and video
69726875831,271763,1/9/2011,10,5,1,950,99.75,1049.75,e-Shop,Books,Audio and video
85867032160,274854,1/9/2011,4,1,1,183,19.215,202.215,MBR,Clothing,Mens
89710459325,269055,1/9/2011,1,4,-4,-283,118.86,-1250.86,MBR,Bags,Women
81959467423,272615,1/9/2011,4,2,2,1371,287.91,3029.91,TeleShop,Footwear,Mens
43467262961,271435,31-08-2011,4,3,5,801,420.525,4425.525,Flagship store,Electronics,Mens
52617975347,270297,31-08-2011,10,6,1,1410,148.05,1558.05,e-Shop,Home and kitchen,Audio and video
40279054091,267904,31-08-2011,12,5,5,1037,544.425,5729.425,e-Shop,Books,Academic
28879964484,275153,31-08-2011,9,3,-5,-82,43.05,-453.05,Flagship store,Electronics,Cameras
48876205458,273780,31-08-2011,5,3,4,1466,615.72,6479.72,MBR,Electronics,Computers
2347100414,275149,31-08-2011,9,3,2,782,164.22,1728.22,e-Shop,Electronics,Cameras
29189042859,268821,31-08-2011,4,2,1,773,81.165,854.165,e-Shop,Footwear,Mens
21547594924,269459,31-08-2011,10,5,-5,-1417,743.925,-7828.925,MBR,Books,Audio and video
25656109847,272950,31-08-2011,4,2,-1,-140,14.7,-154.7,e-Shop,Footwear,Mens
18026979875,271633,31-08-2011,3,1,2,582,122.22,1286.22,e-Shop,Clothing,Kids
31273073958,274226,31-08-2011,9,3,1,485,50.925,535.925,e-Shop,Electronics,Cameras
96579490676,270978,31-08-2011,6,5,1,673,70.665,743.665,TeleShop,Books,DIY
96144292292,267163,31-08-2011,3,2,2,200,42,442,MBR,Footwear,Kids
67384454495,267934,31-08-2011,3,1,5,1154,605.85,6375.85,MBR,Clothing,Kids
67215591639,270829,31-08-2011,11,6,5,1376,722.4,7602.4,e-Shop,Home and kitchen,Children
78460571312,270270,31-08-2011,3,2,4,233,97.86,1029.86,TeleShop,Footwear,Kids
98123665754,270908,31-08-2011,10,3,5,1382,725.55,7635.55,MBR,Electronics,Audio and video
84681894244,269677,31-08-2011,8,3,4,1150,483,5083,MBR,Electronics,Personal Appliances
87983008768,274040,31-08-2011,10,3,2,706,148.26,1560.26,Flagship store,Electronics,Audio and video
89432753200,274474,31-08-2011,2,6,2,1334,280.14,2948.14,e-Shop,Home and kitchen,Furnishing
58707641265,270406,30-08-2011,4,4,-2,-670,140.7,-1480.7,MBR,Bags,Mens
51132115546,270049,30-08-2011,2,6,2,1332,279.72,2943.72,MBR,Home and kitchen,Furnishing
33817043623,268515,30-08-2011,2,6,3,1063,334.845,3523.845,MBR,Home and kitchen,Furnishing
28679132905,266845,30-08-2011,1,4,-2,-930,195.3,-2055.3,e-Shop,Bags,Women
53572919732,268689,30-08-2011,1,2,3,1107,348.705,3669.705,e-Shop,Footwear,Women
49095428152,275173,30-08-2011,1,2,5,1124,590.1,6210.1,e-Shop,Footwear,Women
4274881969,272003,30-08-2011,3,2,4,186,78.12,822.12,TeleShop,Footwear,Kids
7679984737,274546,30-08-2011,8,3,-5,-1426,748.65,-7878.65,e-Shop,Electronics,Personal Appliances
73218247158,270494,30-08-2011,1,2,3,1025,322.875,3397.875,MBR,Footwear,Women
91901006125,267856,30-08-2011,3,2,-1,-76,7.98,-83.98,e-Shop,Footwear,Kids
70904852853,273794,30-08-2011,10,6,2,1409,295.89,3113.89,e-Shop,Home and kitchen,Audio and video
94164847556,269471,30-08-2011,12,6,3,260,81.9,861.9,TeleShop,Home and kitchen,Academic
79772167039,271945,30-08-2011,3,1,4,379,159.18,1675.18,MBR,Clothing,Kids
94174237977,267589,30-08-2011,11,5,5,1396,732.9,7712.9,Flagship store,Books,Children
65200458915,272221,30-08-2011,4,1,2,178,37.38,393.38,MBR,Clothing,Mens
77732391181,275156,30-08-2011,10,5,2,1459,306.39,3224.39,MBR,Books,Audio and video
70549390153,273029,30-08-2011,3,5,4,910,382.2,4022.2,TeleShop,Books,Kids
88374225825,273913,30-08-2011,3,1,2,1160,243.6,2563.6,e-Shop,Clothing,Kids
95779491533,272207,30-08-2011,4,3,4,1353,568.26,5980.26,MBR,Electronics,Mens
35591598102,274246,29-08-2011,7,5,2,925,194.25,2044.25,MBR,Books,Fiction
23016089310,274208,29-08-2011,12,5,3,795,250.425,2635.425,MBR,Books,Academic
18498248197,271549,29-08-2011,4,1,3,622,195.93,2061.93,e-Shop,Clothing,Mens
41996863271,267674,29-08-2011,1,2,4,413,173.46,1825.46,e-Shop,Footwear,Women
21598501829,269842,29-08-2011,1,4,1,1396,146.58,1542.58,e-Shop,Bags,Women
62378483697,268920,29-08-2011,12,6,3,389,122.535,1289.535,e-Shop,Home and kitchen,Academic
22224473979,275197,29-08-2011,10,3,4,1238,519.96,5471.96,TeleShop,Electronics,Audio and video
57444725795,274873,29-08-2011,10,6,2,475,99.75,1049.75,TeleShop,Home and kitchen,Audio and video
25656109847,272950,29-08-2011,4,2,1,140,14.7,154.7,e-Shop,Footwear,Mens
93273326473,274087,29-08-2011,12,6,3,303,95.445,1004.445,e-Shop,Home and kitchen,Academic
92394008162,268751,29-08-2011,1,4,1,949,99.645,1048.645,MBR,Bags,Women
72724683244,269960,29-08-2011,11,5,5,90,47.25,497.25,TeleShop,Books,Children
22263667210,271139,28-08-2011,1,1,5,668,350.7,3690.7,Flagship store,Clothing,Women
3572098551,270483,28-08-2011,6,5,2,602,126.42,1330.42,e-Shop,Books,DIY
47561331507,271080,28-08-2011,11,5,4,1415,594.3,6254.3,e-Shop,Books,Children
5222864850,271061,28-08-2011,4,2,5,214,112.35,1182.35,e-Shop,Footwear,Mens
60600734541,273890,28-08-2011,1,4,1,1350,141.75,1491.75,Flagship store,Bags,Women
25724820020,268683,28-08-2011,5,3,5,937,491.925,5176.925,TeleShop,Electronics,Computers
8627604473,267465,28-08-2011,10,3,-4,-546,229.32,-2413.32,TeleShop,Electronics,Audio and video
38551678011,274845,28-08-2011,3,5,1,626,65.73,691.73,TeleShop,Books,Kids
53837029070,267272,28-08-2011,9,3,5,431,226.275,2381.275,MBR,Electronics,Cameras
59041233786,272525,28-08-2011,2,6,3,139,43.785,460.785,TeleShop,Home and kitchen,Furnishing
28679132905,266845,28-08-2011,1,4,-2,-930,195.3,-2055.3,e-Shop,Bags,Women
33419499989,268635,28-08-2011,1,2,4,944,396.48,4172.48,TeleShop,Footwear,Women
61217526402,270439,28-08-2011,2,6,4,458,192.36,2024.36,MBR,Home and kitchen,Furnishing
39557306121,274609,28-08-2011,6,5,1,1405,147.525,1552.525,e-Shop,Books,DIY
40493110941,273452,28-08-2011,2,6,5,1337,701.925,7386.925,Flagship store,Home and kitchen,Furnishing
10382536108,268804,28-08-2011,4,2,3,1140,359.1,3779.1,MBR,Footwear,Mens
20199244113,270164,28-08-2011,4,2,1,501,52.605,553.605,Flagship store,Footwear,Mens
41300299853,268485,28-08-2011,10,6,1,1285,134.925,1419.925,e-Shop,Home and kitchen,Audio and video
7567208998,273564,28-08-2011,12,5,2,132,27.72,291.72,Flagship store,Books,Academic
24076252966,270196,28-08-2011,4,2,5,1339,702.975,7397.975,e-Shop,Footwear,Mens
74297619287,274455,28-08-2011,4,4,4,798,335.16,3527.16,Flagship store,Bags,Mens
87547353555,270517,28-08-2011,11,5,5,246,129.15,1359.15,Flagship store,Books,Children
94138299219,272902,28-08-2011,4,2,1,464,48.72,512.72,MBR,Footwear,Mens
93395173080,268852,28-08-2011,4,4,4,1066,447.72,4711.72,TeleShop,Bags,Mens
65133767570,270121,28-08-2011,3,1,1,514,53.97,567.97,e-Shop,Clothing,Kids
71796090005,274833,28-08-2011,3,5,3,928,292.32,3076.32,TeleShop,Books,Kids
71743519511,272375,28-08-2011,7,5,5,167,87.675,922.675,Flagship store,Books,Fiction
79359475059,272975,28-08-2011,4,3,5,831,436.275,4591.275,MBR,Electronics,Mens
94653967234,268770,28-08-2011,11,6,2,379,79.59,837.59,e-Shop,Home and kitchen,Children
38977354120,268405,27-08-2011,4,2,3,1195,376.425,3961.425,Flagship store,Footwear,Mens
51907919458,272633,27-08-2011,11,6,4,658,276.36,2908.36,MBR,Home and kitchen,Children
23660419048,267286,27-08-2011,11,5,2,1163,244.23,2570.23,Flagship store,Books,Children
31828500238,271571,27-08-2011,11,5,5,1252,657.3,6917.3,MBR,Books,Children
49394350365,274751,27-08-2011,12,6,3,221,69.615,732.615,Flagship store,Home and kitchen,Academic
3454462632,268261,27-08-2011,3,2,5,1306,685.65,7215.65,Flagship store,Footwear,Kids
35924970988,272140,27-08-2011,1,4,2,119,24.99,262.99,e-Shop,Bags,Women
58901930749,271530,27-08-2011,11,5,-3,-480,151.2,-1591.2,Flagship store,Books,Children
53557342653,274227,27-08-2011,2,6,-1,-1233,129.465,-1362.465,MBR,Home and kitchen,Furnishing
31419736362,271297,27-08-2011,3,5,3,990,311.85,3281.85,MBR,Books,Kids
17070406587,268644,27-08-2011,5,3,4,541,227.22,2391.22,e-Shop,Electronics,Computers
12771070044,267713,27-08-2011,6,5,3,1424,448.56,4720.56,e-Shop,Books,DIY
28473515266,275089,27-08-2011,7,5,4,113,47.46,499.46,TeleShop,Books,Fiction
6391779047,266931,27-08-2011,6,5,-3,-1318,415.17,-4369.17,Flagship store,Books,DIY
93487610399,272974,27-08-2011,12,5,-4,-887,372.54,-3920.54,e-Shop,Books,Academic
71144912014,273708,27-08-2011,1,4,5,1354,710.85,7480.85,TeleShop,Bags,Women
77397454516,274377,27-08-2011,5,3,5,84,44.1,464.1,TeleShop,Electronics,Computers
89710459325,269055,27-08-2011,1,4,4,283,118.86,1250.86,MBR,Bags,Women
4958998679,269291,26-08-2011,11,5,3,1335,420.525,4425.525,e-Shop,Books,Children
37501699326,269485,26-08-2011,1,2,1,606,63.63,669.63,e-Shop,Footwear,Women
32859447505,270739,26-08-2011,4,3,4,1069,448.98,4724.98,Flagship store,Electronics,Mens
42458949440,266990,26-08-2011,2,6,3,813,256.095,2695.095,TeleShop,Home and kitchen,Furnishing
59869448430,268108,26-08-2011,11,5,5,919,482.475,5077.475,e-Shop,Books,Children
21165144546,269189,26-08-2011,11,5,3,1489,469.035,4936.035,TeleShop,Books,Children
49703639849,270983,26-08-2011,4,3,-4,-1148,482.16,-5074.16,e-Shop,Electronics,Mens
14364917968,274356,26-08-2011,6,5,4,231,97.02,1021.02,e-Shop,Books,DIY
38960658060,268286,26-08-2011,4,2,3,99,31.185,328.185,Flagship store,Footwear,Mens
62778587614,272357,26-08-2011,3,2,2,1198,251.58,2647.58,Flagship store,Footwear,Kids
58896672959,268757,26-08-2011,11,5,5,419,219.975,2314.975,e-Shop,Books,Children
9044877529,267737,26-08-2011,11,6,3,771,242.865,2555.865,e-Shop,Home and kitchen,Children
59172211022,267657,26-08-2011,3,2,1,1125,118.125,1243.125,MBR,Footwear,Kids
65058387022,271200,26-08-2011,12,6,1,682,71.61,753.61,MBR,Home and kitchen,Academic
99136455136,270338,26-08-2011,10,6,5,121,63.525,668.525,e-Shop,Home and kitchen,Audio and video
83507674138,273231,26-08-2011,11,5,3,543,171.045,1800.045,MBR,Books,Children
82357564226,269565,26-08-2011,3,1,4,878,368.76,3880.76,e-Shop,Clothing,Kids
69417825690,268760,26-08-2011,7,5,-2,-860,180.6,-1900.6,MBR,Books,Fiction
63337213509,271763,26-08-2011,10,6,4,90,37.8,397.8,e-Shop,Home and kitchen,Audio and video
91586307744,269301,26-08-2011,3,2,4,271,113.82,1197.82,Flagship store,Footwear,Kids
71205583518,274644,26-08-2011,9,3,1,1420,149.1,1569.1,MBR,Electronics,Cameras
72505679379,273316,26-08-2011,3,1,-3,-101,31.815,-334.815,TeleShop,Clothing,Kids
84009622150,273116,26-08-2011,1,4,2,1474,309.54,3257.54,e-Shop,Bags,Women
46591907261,273248,25-08-2011,10,5,5,792,415.8,4375.8,MBR,Books,Audio and video
42527503564,267436,25-08-2011,9,3,5,886,465.15,4895.15,Flagship store,Electronics,Cameras
45750573076,269005,25-08-2011,4,1,2,1310,275.1,2895.1,MBR,Clothing,Mens
61658444669,274345,25-08-2011,6,5,1,321,33.705,354.705,MBR,Books,DIY
39273042979,270738,25-08-2011,2,6,-4,-1250,525,-5525,e-Shop,Home and kitchen,Furnishing
26222779857,271363,25-08-2011,12,6,2,248,52.08,548.08,e-Shop,Home and kitchen,Academic
7679984737,274546,25-08-2011,8,3,5,1426,748.65,7878.65,e-Shop,Electronics,Personal Appliances
56376564479,268548,25-08-2011,3,2,4,299,125.58,1321.58,e-Shop,Footwear,Kids
82863829029,270285,25-08-2011,9,3,2,1448,304.08,3200.08,MBR,Electronics,Cameras
86152271515,275076,25-08-2011,4,1,1,322,33.81,355.81,MBR,Clothing,Mens
96510855307,272049,25-08-2011,4,1,3,1285,404.775,4259.775,e-Shop,Clothing,Mens
95704004215,268560,25-08-2011,6,5,1,1035,108.675,1143.675,Flagship store,Books,DIY
88440832659,274825,25-08-2011,7,5,2,318,66.78,702.78,Flagship store,Books,Fiction
89466080399,274034,25-08-2011,7,5,1,72,7.56,79.56,e-Shop,Books,Fiction
92930218669,274413,25-08-2011,4,2,3,916,288.54,3036.54,e-Shop,Footwear,Mens
58707641265,270406,24-08-2011,4,4,2,670,140.7,1480.7,MBR,Bags,Mens
40495991544,270861,24-08-2011,12,6,1,490,51.45,541.45,e-Shop,Home and kitchen,Academic
42238486372,269607,24-08-2011,10,6,-2,-372,78.12,-822.12,e-Shop,Home and kitchen,Audio and video
13822669117,268004,24-08-2011,1,2,4,782,328.44,3456.44,e-Shop,Footwear,Women
14943333670,272030,24-08-2011,5,3,4,118,49.56,521.56,Flagship store,Electronics,Computers
6426565121,275064,24-08-2011,1,4,5,1432,751.8,7911.8,e-Shop,Bags,Women
29168348011,267046,24-08-2011,5,3,5,686,360.15,3790.15,TeleShop,Electronics,Computers
36793633520,267220,24-08-2011,6,5,1,1171,122.955,1293.955,e-Shop,Books,DIY
18681721226,270484,24-08-2011,3,1,2,1426,299.46,3151.46,Flagship store,Clothing,Kids
96296377194,272727,24-08-2011,4,1,1,1228,128.94,1356.94,TeleShop,Clothing,Mens
92496038296,269001,24-08-2011,1,2,1,1279,134.295,1413.295,e-Shop,Footwear,Women
94581137894,268669,24-08-2011,3,2,2,507,106.47,1120.47,e-Shop,Footwear,Kids
98656329852,273115,24-08-2011,1,1,5,1122,589.05,6199.05,MBR,Clothing,Women
85403810048,271611,24-08-2011,1,4,3,692,217.98,2293.98,Flagship store,Bags,Women
63319640730,271422,24-08-2011,4,1,1,1103,115.815,1218.815,TeleShop,Clothing,Mens
21547594924,269459,23-08-2011,10,5,5,1417,743.925,7828.925,MBR,Books,Audio and video
6391779047,266931,23-08-2011,6,5,3,1318,415.17,4369.17,Flagship store,Books,DIY
14989932691,271656,23-08-2011,3,2,3,372,117.18,1233.18,MBR,Footwear,Kids
22327518341,274552,23-08-2011,3,2,5,1305,685.125,7210.125,MBR,Footwear,Kids
49703639849,270983,23-08-2011,4,3,4,1148,482.16,5074.16,e-Shop,Electronics,Mens
48574652574,273368,23-08-2011,7,5,3,356,112.14,1180.14,Flagship store,Books,Fiction
50373057975,270965,23-08-2011,10,3,5,993,521.325,5486.325,e-Shop,Electronics,Audio and video
56771720279,274657,23-08-2011,9,3,1,1042,109.41,1151.41,e-Shop,Electronics,Cameras
19054847739,267726,23-08-2011,11,5,5,176,92.4,972.4,TeleShop,Books,Children
46462777005,268676,23-08-2011,5,3,-5,-1444,758.1,-7978.1,e-Shop,Electronics,Computers
2973606329,271013,23-08-2011,1,2,2,1032,216.72,2280.72,TeleShop,Footwear,Women
56338462381,273037,23-08-2011,12,5,5,217,113.925,1198.925,e-Shop,Books,Academic
55765811295,268673,23-08-2011,9,3,1,553,58.065,611.065,TeleShop,Electronics,Cameras
74379711396,271788,23-08-2011,10,5,2,1053,221.13,2327.13,e-Shop,Books,Audio and video
78539105697,274522,23-08-2011,12,5,3,1180,371.7,3911.7,MBR,Books,Academic
69861996576,267167,23-08-2011,10,5,-2,-862,181.02,-1905.02,MBR,Books,Audio and video
87276403936,273681,23-08-2011,1,4,2,620,130.2,1370.2,TeleShop,Bags,Women
67849430438,267044,23-08-2011,1,1,5,966,507.15,5337.15,e-Shop,Clothing,Women
51720792269,268647,22-08-2011,5,3,3,1459,459.585,4836.585,e-Shop,Electronics,Computers
29463087352,270108,22-08-2011,5,3,4,473,198.66,2090.66,e-Shop,Electronics,Computers
21580558622,270935,22-08-2011,10,3,-2,-469,98.49,-1036.49,e-Shop,Electronics,Audio and video
15284561163,267774,22-08-2011,4,4,4,263,110.46,1162.46,TeleShop,Bags,Mens
28879964484,275153,22-08-2011,9,3,5,82,43.05,453.05,Flagship store,Electronics,Cameras
37587827985,269037,22-08-2011,4,1,4,911,382.62,4026.62,MBR,Clothing,Mens
87007828769,271731,22-08-2011,11,6,2,329,69.09,727.09,MBR,Home and kitchen,Children
69417825690,268760,22-08-2011,7,5,2,860,180.6,1900.6,MBR,Books,Fiction
69076218595,268931,22-08-2011,8,3,1,229,24.045,253.045,Flagship store,Electronics,Personal Appliances
81959091188,272292,22-08-2011,3,5,1,240,25.2,265.2,e-Shop,Books,Kids
89707771115,267890,22-08-2011,3,1,1,290,30.45,320.45,Flagship store,Clothing,Kids
81185032839,275131,22-08-2011,11,6,-1,-502,52.71,-554.71,MBR,Home and kitchen,Children
68433930484,272626,22-08-2011,1,1,2,1406,295.26,3107.26,TeleShop,Clothing,Women
98178323061,267419,22-08-2011,12,6,-3,-1376,433.44,-4561.44,e-Shop,Home and kitchen,Academic
81875119881,272843,22-08-2011,10,3,2,104,21.84,229.84,Flagship store,Electronics,Audio and video
92350985346,274609,22-08-2011,4,3,2,623,130.83,1376.83,TeleShop,Electronics,Mens
63169731055,275073,22-08-2011,3,1,5,1468,770.7,8110.7,e-Shop,Clothing,Kids
69287699424,267317,22-08-2011,1,1,4,826,346.92,3650.92,MBR,Clothing,Women
86864587996,268664,22-08-2011,3,2,2,1257,263.97,2777.97,e-Shop,Footwear,Kids
91901006125,267856,22-08-2011,3,2,1,76,7.98,83.98,e-Shop,Footwear,Kids
867386116,272598,21-08-2011,3,5,2,1412,296.52,3120.52,e-Shop,Books,Kids
28679132905,266845,21-08-2011,1,4,2,930,195.3,2055.3,e-Shop,Bags,Women
39273042979,270738,21-08-2011,2,6,4,1250,525,5525,e-Shop,Home and kitchen,Furnishing
7826899174,269635,21-08-2011,4,4,3,169,53.235,560.235,TeleShop,Bags,Mens
48100948158,271360,21-08-2011,4,1,5,274,143.85,1513.85,MBR,Clothing,Mens
45803950150,268067,21-08-2011,4,4,4,187,78.54,826.54,MBR,Bags,Mens
10402642212,267702,21-08-2011,3,2,5,189,99.225,1044.225,Flagship store,Footwear,Kids
15179154009,275114,21-08-2011,3,5,-1,-1067,112.035,-1179.035,e-Shop,Books,Kids
62463611676,272177,21-08-2011,3,5,5,307,161.175,1696.175,Flagship store,Books,Kids
46126518942,274972,21-08-2011,7,5,2,176,36.96,388.96,TeleShop,Books,Fiction
14450133684,273170,21-08-2011,3,2,1,898,94.29,992.29,Flagship store,Footwear,Kids
95420695929,270139,21-08-2011,1,4,1,1176,123.48,1299.48,e-Shop,Bags,Women
85318906224,271519,21-08-2011,7,5,-4,-92,38.64,-406.64,e-Shop,Books,Fiction
77749938689,268607,21-08-2011,10,3,4,98,41.16,433.16,Flagship store,Electronics,Audio and video
96463314519,272005,21-08-2011,8,3,2,829,174.09,1832.09,e-Shop,Electronics,Personal Appliances
81185032839,275131,21-08-2011,11,6,1,502,52.71,554.71,MBR,Home and kitchen,Children
94467488647,272478,21-08-2011,4,1,-2,-966,202.86,-2134.86,Flagship store,Clothing,Mens
73152041115,270825,21-08-2011,1,4,-5,-1069,561.225,-5906.225,Flagship store,Bags,Women
69653359286,267875,21-08-2011,1,2,-1,-988,103.74,-1091.74,e-Shop,Footwear,Women
89912357173,272327,21-08-2011,7,5,2,152,31.92,335.92,e-Shop,Books,Fiction
18838561375,274484,20-08-2011,1,1,2,324,68.04,716.04,Flagship store,Clothing,Women
52543820846,270399,20-08-2011,4,2,2,1340,281.4,2961.4,e-Shop,Footwear,Mens
11039259702,273793,20-08-2011,7,5,4,1443,606.06,6378.06,TeleShop,Books,Fiction
38152757314,269776,20-08-2011,12,5,2,673,141.33,1487.33,TeleShop,Books,Academic
3709197868,271177,20-08-2011,12,6,3,474,149.31,1571.31,e-Shop,Home and kitchen,Academic
22369154104,270077,20-08-2011,12,6,4,1408,591.36,6223.36,MBR,Home and kitchen,Academic
38081742122,268953,20-08-2011,3,1,3,1405,442.575,4657.575,Flagship store,Clothing,Kids
27411734972,270378,20-08-2011,12,6,5,246,129.15,1359.15,e-Shop,Home and kitchen,Academic
52975164456,267825,20-08-2011,10,6,2,593,124.53,1310.53,MBR,Home and kitchen,Audio and video
28393216657,270925,20-08-2011,4,4,2,1191,250.11,2632.11,e-Shop,Bags,Mens
26784060358,274204,20-08-2011,9,3,1,1236,129.78,1365.78,Flagship store,Electronics,Cameras
11581923918,272945,20-08-2011,4,2,4,1095,459.9,4839.9,e-Shop,Footwear,Mens
75314996655,274552,20-08-2011,7,5,-2,-165,34.65,-364.65,MBR,Books,Fiction
89520466207,272208,20-08-2011,7,5,2,1478,310.38,3266.38,e-Shop,Books,Fiction
92191609679,273677,20-08-2011,6,5,3,363,114.345,1203.345,e-Shop,Books,DIY
85596142428,270187,20-08-2011,2,6,5,775,406.875,4281.875,e-Shop,Home and kitchen,Furnishing
68317386349,269498,20-08-2011,11,6,3,111,34.965,367.965,e-Shop,Home and kitchen,Children
22886798294,272992,19-08-2011,1,4,3,1352,425.88,4481.88,TeleShop,Bags,Women
40492676462,268728,19-08-2011,2,6,1,624,65.52,689.52,e-Shop,Home and kitchen,Furnishing
49892187103,272892,19-08-2011,4,2,2,386,81.06,853.06,MBR,Footwear,Mens
8707002043,272839,19-08-2011,12,5,3,574,180.81,1902.81,MBR,Books,Academic
53557342653,274227,19-08-2011,2,6,1,1233,129.465,1362.465,MBR,Home and kitchen,Furnishing
34325488043,273754,19-08-2011,7,5,-4,-146,61.32,-645.32,e-Shop,Books,Fiction
40276743444,269519,19-08-2011,4,2,1,1007,105.735,1112.735,e-Shop,Footwear,Mens
33907275352,267266,19-08-2011,10,5,5,744,390.6,4110.6,e-Shop,Books,Audio and video
56405977584,267024,19-08-2011,10,6,-5,-300,157.5,-1657.5,e-Shop,Home and kitchen,Audio and video
46754765556,267726,19-08-2011,6,5,-4,-863,362.46,-3814.46,MBR,Books,DIY
17346229930,267463,19-08-2011,11,6,3,866,272.79,2870.79,e-Shop,Home and kitchen,Children
39583082163,274896,19-08-2011,10,6,4,1248,524.16,5516.16,Flagship store,Home and kitchen,Audio and video
92850813629,272666,19-08-2011,3,2,1,1189,124.845,1313.845,MBR,Footwear,Kids
99492157808,273114,19-08-2011,9,3,1,1009,105.945,1114.945,TeleShop,Electronics,Cameras
92940483425,275086,19-08-2011,4,1,-1,-1298,136.29,-1434.29,e-Shop,Clothing,Mens
75419797747,269860,19-08-2011,11,6,-5,-790,414.75,-4364.75,e-Shop,Home and kitchen,Children
66211163521,270420,19-08-2011,10,5,-5,-1115,585.375,-6160.375,e-Shop,Books,Audio and video
85318906224,271519,19-08-2011,7,5,4,92,38.64,406.64,e-Shop,Books,Fiction
85265932132,266937,19-08-2011,10,5,4,404,169.68,1785.68,MBR,Books,Audio and video
46754765556,267726,18-08-2011,6,5,4,863,362.46,3814.46,MBR,Books,DIY
46741196260,272687,18-08-2011,1,1,4,768,322.56,3394.56,e-Shop,Clothing,Women
20894239414,271703,18-08-2011,4,4,3,1380,434.7,4574.7,MBR,Bags,Mens
17831550665,272026,18-08-2011,11,5,5,1064,558.6,5878.6,e-Shop,Books,Children
36620513505,270005,18-08-2011,3,2,3,589,185.535,1952.535,MBR,Footwear,Kids
14068945317,270700,18-08-2011,3,1,5,214,112.35,1182.35,TeleShop,Clothing,Kids
24295527013,275023,18-08-2011,10,6,5,911,478.275,5033.275,TeleShop,Home and kitchen,Audio and video
39518917708,273243,18-08-2011,1,1,1,169,17.745,186.745,e-Shop,Clothing,Women
25031518975,271336,18-08-2011,3,5,5,228,119.7,1259.7,TeleShop,Books,Kids
8627604473,267465,18-08-2011,10,3,4,546,229.32,2413.32,TeleShop,Electronics,Audio and video
46462777005,268676,18-08-2011,5,3,5,1444,758.1,7978.1,e-Shop,Electronics,Computers
31134508308,273798,18-08-2011,4,4,2,668,140.28,1476.28,MBR,Bags,Mens
12018664128,268973,18-08-2011,4,3,3,1229,387.135,4074.135,e-Shop,Electronics,Mens
55088674463,273469,18-08-2011,2,6,1,1112,116.76,1228.76,MBR,Home and kitchen,Furnishing
72505679379,273316,18-08-2011,3,1,3,101,31.815,334.815,TeleShop,Clothing,Kids
92940483425,275086,18-08-2011,4,1,1,1298,136.29,1434.29,e-Shop,Clothing,Mens
93379795352,273640,18-08-2011,1,1,4,599,251.58,2647.58,Flagship store,Clothing,Women
91272992903,267231,18-08-2011,4,3,-4,-1260,529.2,-5569.2,Flagship store,Electronics,Mens
98159908204,272431,18-08-2011,9,3,2,1260,264.6,2784.6,TeleShop,Electronics,Cameras
64504847760,269091,18-08-2011,4,1,2,618,129.78,1365.78,MBR,Clothing,Mens
98178323061,267419,18-08-2011,12,6,3,1376,433.44,4561.44,e-Shop,Home and kitchen,Academic
93487610399,272974,18-08-2011,12,5,4,887,372.54,3920.54,e-Shop,Books,Academic
76727270494,268608,18-08-2011,10,6,1,136,14.28,150.28,TeleShop,Home and kitchen,Audio and video
75314996655,274552,18-08-2011,7,5,2,165,34.65,364.65,MBR,Books,Fiction
72571219989,269212,18-08-2011,4,3,5,1106,580.65,6110.65,MBR,Electronics,Mens
82148178974,268015,18-08-2011,4,1,5,1252,657.3,6917.3,TeleShop,Clothing,Mens
99761498157,267415,18-08-2011,3,1,2,74,15.54,163.54,e-Shop,Clothing,Kids
82472244261,272062,18-08-2011,4,1,-5,-1268,665.7,-7005.7,e-Shop,Clothing,Mens
76776207054,273162,18-08-2011,2,6,2,175,36.75,386.75,e-Shop,Home and kitchen,Furnishing
61401281282,275210,17-08-2011,4,1,4,896,376.32,3960.32,MBR,Clothing,Mens
33860694869,267455,17-08-2011,4,4,4,1109,465.78,4901.78,Flagship store,Bags,Mens
44954573533,269665,17-08-2011,1,4,3,855,269.325,2834.325,Flagship store,Bags,Women
9906462204,269445,17-08-2011,12,5,1,1155,121.275,1276.275,e-Shop,Books,Academic
56405977584,267024,17-08-2011,10,6,5,300,157.5,1657.5,e-Shop,Home and kitchen,Audio and video
57015147150,269193,17-08-2011,4,1,1,1235,129.675,1364.675,MBR,Clothing,Mens
10107821905,274435,17-08-2011,12,5,3,196,61.74,649.74,e-Shop,Books,Academic
8657394343,270733,17-08-2011,12,5,1,120,12.6,132.6,Flagship store,Books,Academic
62261078256,272929,17-08-2011,2,6,2,1217,255.57,2689.57,TeleShop,Home and kitchen,Furnishing
38278185248,274408,17-08-2011,1,2,-3,-1357,427.455,-4498.455,MBR,Footwear,Women
58901930749,271530,17-08-2011,11,5,3,480,151.2,1591.2,Flagship store,Books,Children
11097604564,274734,17-08-2011,6,5,1,845,88.725,933.725,MBR,Books,DIY
38485869716,267965,17-08-2011,9,3,5,579,303.975,3198.975,e-Shop,Electronics,Cameras
83037202539,273270,17-08-2011,3,2,3,362,114.03,1200.03,e-Shop,Footwear,Kids
65793406799,275194,17-08-2011,3,2,2,819,171.99,1809.99,Flagship store,Footwear,Kids
92489112974,269998,17-08-2011,12,5,5,677,355.425,3740.425,MBR,Books,Academic
69742596220,268596,17-08-2011,4,4,-1,-1240,130.2,-1370.2,MBR,Bags,Mens
93681365645,273730,17-08-2011,7,5,2,998,209.58,2205.58,MBR,Books,Fiction
89178914003,273949,17-08-2011,4,2,4,1142,479.64,5047.64,e-Shop,Footwear,Mens
73152041115,270825,17-08-2011,1,4,5,1069,561.225,5906.225,Flagship store,Bags,Women
76005292862,274517,17-08-2011,11,5,1,717,75.285,792.285,TeleShop,Books,Children
2834546519,270441,16-08-2011,12,6,1,362,38.01,400.01,Flagship store,Home and kitchen,Academic
55117290497,268639,16-08-2011,3,2,-4,-1096,460.32,-4844.32,Flagship store,Footwear,Kids
14580898536,273094,16-08-2011,4,4,5,621,326.025,3431.025,e-Shop,Bags,Mens
50537333842,270378,16-08-2011,4,1,3,732,230.58,2426.58,Flagship store,Clothing,Mens
938046356,275098,16-08-2011,10,3,-3,-841,264.915,-2787.915,e-Shop,Electronics,Audio and video
42399345614,270722,16-08-2011,4,1,1,1462,153.51,1615.51,TeleShop,Clothing,Mens
62535419939,268001,16-08-2011,3,1,-4,-494,207.48,-2183.48,e-Shop,Clothing,Kids
62429016429,272602,16-08-2011,4,3,2,1441,302.61,3184.61,MBR,Electronics,Mens
43715235260,269544,16-08-2011,3,1,2,1174,246.54,2594.54,Flagship store,Clothing,Kids
33027760892,275030,16-08-2011,10,3,4,193,81.06,853.06,Flagship store,Electronics,Audio and video
61325426984,268765,16-08-2011,6,5,2,676,141.96,1493.96,TeleShop,Books,DIY
5010045056,270321,16-08-2011,4,3,1,427,44.835,471.835,e-Shop,Electronics,Mens
25934510994,273733,16-08-2011,2,6,2,233,48.93,514.93,e-Shop,Home and kitchen,Furnishing
25613344202,268209,16-08-2011,4,1,1,1197,125.685,1322.685,e-Shop,Clothing,Mens
9148925136,274440,16-08-2011,1,1,2,1318,276.78,2912.78,MBR,Clothing,Women
16831903599,271632,16-08-2011,12,5,-5,-1326,696.15,-7326.15,e-Shop,Books,Academic
4820982146,269241,16-08-2011,3,1,1,1139,119.595,1258.595,MBR,Clothing,Kids
60486065585,270036,16-08-2011,5,3,4,1364,572.88,6028.88,Flagship store,Electronics,Computers
81237253826,272757,16-08-2011,3,2,5,922,484.05,5094.05,TeleShop,Footwear,Kids
98111633560,270718,16-08-2011,10,3,5,360,189,1989,TeleShop,Electronics,Audio and video
85805755106,267134,16-08-2011,4,1,2,1226,257.46,2709.46,e-Shop,Clothing,Mens
68650938701,268516,16-08-2011,11,6,5,325,170.625,1795.625,Flagship store,Home and kitchen,Children
81429200716,269212,16-08-2011,7,5,3,726,228.69,2406.69,TeleShop,Books,Fiction
69742596220,268596,16-08-2011,4,4,1,1240,130.2,1370.2,MBR,Bags,Mens
27603075027,271321,15-08-2011,4,3,3,158,49.77,523.77,Flagship store,Electronics,Mens
53701354924,266854,15-08-2011,4,1,4,351,147.42,1551.42,MBR,Clothing,Mens
39225667382,270817,15-08-2011,4,2,1,468,49.14,517.14,e-Shop,Footwear,Mens
61537464076,268354,15-08-2011,12,6,-3,-764,240.66,-2532.66,e-Shop,Home and kitchen,Academic
51583342938,274988,15-08-2011,3,2,2,609,127.89,1345.89,Flagship store,Footwear,Kids
57417434485,273389,15-08-2011,2,6,2,858,180.18,1896.18,e-Shop,Home and kitchen,Furnishing
938046356,275098,15-08-2011,10,3,3,841,264.915,2787.915,e-Shop,Electronics,Audio and video
13597139254,274237,15-08-2011,11,6,3,1064,335.16,3527.16,Flagship store,Home and kitchen,Children
9166069289,271863,15-08-2011,11,6,4,1280,537.6,5657.6,MBR,Home and kitchen,Children
42238486372,269607,15-08-2011,10,6,2,372,78.12,822.12,e-Shop,Home and kitchen,Audio and video
29483684049,266904,15-08-2011,12,6,4,79,33.18,349.18,Flagship store,Home and kitchen,Academic
11028206800,272368,15-08-2011,1,4,3,946,297.99,3135.99,e-Shop,Bags,Women
6041488577,267724,15-08-2011,10,3,5,691,362.775,3817.775,MBR,Electronics,Audio and video
2967962112,272442,15-08-2011,12,5,5,996,522.9,5502.9,MBR,Books,Academic
40282154204,270012,15-08-2011,3,5,5,1489,781.725,8226.725,MBR,Books,Kids
87457243312,272130,15-08-2011,11,6,5,879,461.475,4856.475,e-Shop,Home and kitchen,Children
98853859394,272062,15-08-2011,9,3,2,965,202.65,2132.65,Flagship store,Electronics,Cameras
74700829279,267374,15-08-2011,1,2,3,903,284.445,2993.445,Flagship store,Footwear,Women
99165738958,272198,15-08-2011,4,3,5,670,351.75,3701.75,e-Shop,Electronics,Mens
65467518006,271653,15-08-2011,11,5,2,141,29.61,311.61,Flagship store,Books,Children
82711471345,270733,15-08-2011,4,3,-3,-87,27.405,-288.405,e-Shop,Electronics,Mens
77829910754,269010,15-08-2011,4,3,4,613,257.46,2709.46,MBR,Electronics,Mens
76193650725,267277,15-08-2011,6,5,2,1059,222.39,2340.39,Flagship store,Books,DIY
80189593997,273436,15-08-2011,3,1,1,682,71.61,753.61,Flagship store,Clothing,Kids
71566163139,267297,15-08-2011,4,3,3,1495,470.925,4955.925,e-Shop,Electronics,Mens
39065466447,271202,14-08-2011,4,1,1,558,58.59,616.59,e-Shop,Clothing,Mens
19175026130,273879,14-08-2011,12,6,4,334,140.28,1476.28,e-Shop,Home and kitchen,Academic
43097491422,272035,14-08-2011,1,1,3,1087,342.405,3603.405,MBR,Clothing,Women
898523922,272863,14-08-2011,7,5,1,82,8.61,90.61,e-Shop,Books,Fiction
25170119432,273123,14-08-2011,3,5,3,733,230.895,2429.895,MBR,Books,Kids
10666116712,269864,14-08-2011,8,3,5,162,85.05,895.05,MBR,Electronics,Personal Appliances
55800739378,273486,14-08-2011,2,6,1,633,66.465,699.465,e-Shop,Home and kitchen,Furnishing
33351562836,271478,14-08-2011,11,5,4,429,180.18,1896.18,MBR,Books,Children
30355118124,273543,14-08-2011,3,1,3,1444,454.86,4786.86,Flagship store,Clothing,Kids
62249841484,273141,14-08-2011,8,3,2,684,143.64,1511.64,MBR,Electronics,Personal Appliances
42495793977,272883,14-08-2011,12,5,-1,-899,94.395,-993.395,TeleShop,Books,Academic
76068641763,273128,14-08-2011,3,5,3,901,283.815,2986.815,MBR,Books,Kids
84453163703,274792,14-08-2011,4,1,2,208,43.68,459.68,TeleShop,Clothing,Mens
81886480837,267960,14-08-2011,3,2,-2,-1036,217.56,-2289.56,MBR,Footwear,Kids
94467488647,272478,14-08-2011,4,1,2,966,202.86,2134.86,Flagship store,Clothing,Mens
71879653945,271815,14-08-2011,10,3,1,201,21.105,222.105,Flagship store,Electronics,Audio and video
67169685668,273279,14-08-2011,6,5,2,693,145.53,1531.53,Flagship store,Books,DIY
87359164224,274706,14-08-2011,4,3,1,554,58.17,612.17,TeleShop,Electronics,Mens
66211163521,270420,14-08-2011,10,5,5,1115,585.375,6160.375,e-Shop,Books,Audio and video
69653359286,267875,14-08-2011,1,2,1,988,103.74,1091.74,e-Shop,Footwear,Women
69861996576,267167,14-08-2011,10,5,2,862,181.02,1905.02,MBR,Books,Audio and video
75419797747,269860,14-08-2011,11,6,5,790,414.75,4364.75,e-Shop,Home and kitchen,Children
5286299323,268879,13-08-2011,1,2,3,893,281.295,2960.295,Flagship store,Footwear,Women
15179154009,275114,13-08-2011,3,5,1,1067,112.035,1179.035,e-Shop,Books,Kids
59477147112,272775,13-08-2011,10,3,3,457,143.955,1514.955,TeleShop,Electronics,Audio and video
50934397607,267995,13-08-2011,3,1,1,990,103.95,1093.95,Flagship store,Clothing,Kids
8209484029,274459,13-08-2011,2,6,5,1198,628.95,6618.95,TeleShop,Home and kitchen,Furnishing
37292690651,275262,13-08-2011,9,3,2,792,166.32,1750.32,MBR,Electronics,Cameras
20434403186,274310,13-08-2011,7,5,3,207,65.205,686.205,Flagship store,Books,Fiction
21580558622,270935,13-08-2011,10,3,2,469,98.49,1036.49,e-Shop,Electronics,Audio and video
73541032724,270893,13-08-2011,10,6,4,738,309.96,3261.96,e-Shop,Home and kitchen,Audio and video
66469688985,270852,13-08-2011,1,2,2,1498,314.58,3310.58,TeleShop,Footwear,Women
87684731062,272720,13-08-2011,1,4,1,608,63.84,671.84,Flagship store,Bags,Women
75107532597,274649,13-08-2011,11,6,5,655,343.875,3618.875,e-Shop,Home and kitchen,Children
74929358087,268776,13-08-2011,1,4,1,730,76.65,806.65,e-Shop,Bags,Women
48182588579,272046,12/8/2011,4,4,2,1018,213.78,2249.78,MBR,Bags,Mens
23653627353,271843,12/8/2011,11,5,2,136,28.56,300.56,e-Shop,Books,Children
16277613414,268179,12/8/2011,3,2,1,702,73.71,775.71,e-Shop,Footwear,Kids
51534164667,268731,12/8/2011,6,5,4,128,53.76,565.76,TeleShop,Books,DIY
31641465961,275086,12/8/2011,10,3,1,963,101.115,1064.115,e-Shop,Electronics,Audio and video
34371952470,275178,12/8/2011,3,5,-3,-1218,383.67,-4037.67,e-Shop,Books,Kids
11006148938,269791,12/8/2011,2,6,2,130,27.3,287.3,TeleShop,Home and kitchen,Furnishing
48755296553,268679,12/8/2011,11,6,4,156,65.52,689.52,Flagship store,Home and kitchen,Children
28995903027,274727,12/8/2011,3,5,-1,-189,19.845,-208.845,MBR,Books,Kids
69072432315,270121,12/8/2011,5,3,3,603,189.945,1998.945,e-Shop,Electronics,Computers
91272992903,267231,12/8/2011,4,3,4,1260,529.2,5569.2,Flagship store,Electronics,Mens
82178967846,272308,12/8/2011,2,6,5,235,123.375,1298.375,e-Shop,Home and kitchen,Furnishing
69477518536,268461,12/8/2011,1,1,4,939,394.38,4150.38,Flagship store,Clothing,Women
97294002975,270363,12/8/2011,11,6,-1,-209,21.945,-230.945,e-Shop,Home and kitchen,Children
90669117124,267277,12/8/2011,7,5,2,575,120.75,1270.75,TeleShop,Books,Fiction
97551658706,273608,12/8/2011,3,5,-2,-1200,252,-2652,Flagship store,Books,Kids
50646118541,267014,11/8/2011,3,5,3,1373,432.495,4551.495,MBR,Books,Kids
7111596872,270535,11/8/2011,4,4,5,405,212.625,2237.625,MBR,Bags,Mens
4132508301,271757,11/8/2011,9,3,-5,-949,498.225,-5243.225,MBR,Electronics,Cameras
3575979166,267387,11/8/2011,1,4,1,435,45.675,480.675,e-Shop,Bags,Women
16141812565,274028,11/8/2011,9,3,-2,-505,106.05,-1116.05,e-Shop,Electronics,Cameras
22573990905,270593,11/8/2011,10,6,4,677,284.34,2992.34,Flagship store,Home and kitchen,Audio and video
29856590504,275096,11/8/2011,4,3,2,260,54.6,574.6,MBR,Electronics,Mens
20362384128,267819,11/8/2011,12,5,3,298,93.87,987.87,MBR,Books,Academic
60354696582,272402,11/8/2011,4,3,1,438,45.99,483.99,e-Shop,Electronics,Mens
14425158317,268356,11/8/2011,5,3,3,1457,458.955,4829.955,e-Shop,Electronics,Computers
40383855207,267846,11/8/2011,4,3,1,600,63,663,TeleShop,Electronics,Mens
43565326335,271426,11/8/2011,12,6,4,1121,470.82,4954.82,TeleShop,Home and kitchen,Academic
4865085213,269514,11/8/2011,8,3,2,214,44.94,472.94,Flagship store,Electronics,Personal Appliances
57625624772,270242,11/8/2011,3,1,5,378,198.45,2088.45,Flagship store,Clothing,Kids
11436756101,273304,11/8/2011,11,6,1,599,62.895,661.895,Flagship store,Home and kitchen,Children
96229552597,273798,11/8/2011,2,6,4,1471,617.82,6501.82,TeleShop,Home and kitchen,Furnishing
96042457122,270675,11/8/2011,4,4,5,1483,778.575,8193.575,Flagship store,Bags,Mens
92420054749,274909,11/8/2011,1,1,-2,-923,193.83,-2039.83,e-Shop,Clothing,Women
72094113710,269957,11/8/2011,8,3,4,472,198.24,2086.24,Flagship store,Electronics,Personal Appliances
69074527174,269377,11/8/2011,4,3,-2,-1068,224.28,-2360.28,Flagship store,Electronics,Mens
97294002975,270363,11/8/2011,11,6,1,209,21.945,230.945,e-Shop,Home and kitchen,Children
66311742039,269431,11/8/2011,5,3,2,618,129.78,1365.78,e-Shop,Electronics,Computers
59734476765,270125,10/8/2011,10,3,2,223,46.83,492.83,TeleShop,Electronics,Audio and video
58988399355,267439,10/8/2011,5,3,4,759,318.78,3354.78,TeleShop,Electronics,Computers
55980414696,269474,10/8/2011,5,3,5,181,95.025,1000.025,MBR,Electronics,Computers
34325488043,273754,10/8/2011,7,5,4,146,61.32,645.32,e-Shop,Books,Fiction
2389164765,268829,10/8/2011,1,2,1,679,71.295,750.295,e-Shop,Footwear,Women
18436365882,271238,10/8/2011,10,3,2,268,56.28,592.28,e-Shop,Electronics,Audio and video
10707109803,267575,10/8/2011,7,5,4,1450,609,6409,e-Shop,Books,Fiction
3291880469,274452,10/8/2011,11,5,2,548,115.08,1211.08,MBR,Books,Children
44640483642,273516,10/8/2011,10,3,2,1316,276.36,2908.36,e-Shop,Electronics,Audio and video
49374301919,273322,10/8/2011,12,5,3,639,201.285,2118.285,MBR,Books,Academic
16831903599,271632,10/8/2011,12,5,5,1326,696.15,7326.15,e-Shop,Books,Academic
47413166385,273731,10/8/2011,9,3,4,1206,506.52,5330.52,MBR,Electronics,Cameras
99402658874,272549,10/8/2011,10,6,2,967,203.07,2137.07,MBR,Home and kitchen,Audio and video
66012676342,269636,10/8/2011,5,3,3,884,278.46,2930.46,TeleShop,Electronics,Computers
81886480837,267960,10/8/2011,3,2,2,1036,217.56,2289.56,MBR,Footwear,Kids
83355612667,274175,10/8/2011,11,6,5,403,211.575,2226.575,e-Shop,Home and kitchen,Children
76227091573,269631,10/8/2011,7,5,1,1207,126.735,1333.735,TeleShop,Books,Fiction
80677867300,271620,10/8/2011,10,5,3,1164,366.66,3858.66,e-Shop,Books,Audio and video
93831526075,269019,10/8/2011,6,5,3,1248,393.12,4137.12,MBR,Books,DIY
87965015911,268605,10/8/2011,4,1,-5,-1357,712.425,-7497.425,Flagship store,Clothing,Mens
85834131205,274615,10/8/2011,6,5,3,1203,378.945,3987.945,TeleShop,Books,DIY
32350188093,268196,9/8/2011,5,3,3,1346,423.99,4461.99,e-Shop,Electronics,Computers
34786251522,268534,9/8/2011,4,2,5,893,468.825,4933.825,e-Shop,Footwear,Mens
20938465349,267655,9/8/2011,10,3,5,621,326.025,3431.025,MBR,Electronics,Audio and video
19571531248,267214,9/8/2011,11,6,1,993,104.265,1097.265,Flagship store,Home and kitchen,Children
44978720618,271660,9/8/2011,7,5,2,1243,261.03,2747.03,TeleShop,Books,Fiction
13301394952,270012,9/8/2011,12,5,3,350,110.25,1160.25,Flagship store,Books,Academic
60260311386,268614,9/8/2011,4,3,-2,-311,65.31,-687.31,e-Shop,Electronics,Mens
21655409468,272054,9/8/2011,9,3,5,940,493.5,5193.5,e-Shop,Electronics,Cameras
87125650,268666,9/8/2011,1,4,-5,-359,188.475,-1983.475,e-Shop,Bags,Women
16290940686,270404,9/8/2011,6,5,2,1495,313.95,3303.95,e-Shop,Books,DIY
3469763201,272784,9/8/2011,3,5,2,766,160.86,1692.86,MBR,Books,Kids
30768279574,269033,9/8/2011,6,5,3,545,171.675,1806.675,Flagship store,Books,DIY
4132508301,271757,9/8/2011,9,3,5,949,498.225,5243.225,MBR,Electronics,Cameras
24141308875,274114,9/8/2011,4,3,2,474,99.54,1047.54,TeleShop,Electronics,Mens
55117290497,268639,9/8/2011,3,2,4,1096,460.32,4844.32,Flagship store,Footwear,Kids
44416812726,272415,9/8/2011,10,6,2,709,148.89,1566.89,e-Shop,Home and kitchen,Audio and video
38082819900,275177,9/8/2011,10,6,4,1487,624.54,6572.54,MBR,Home and kitchen,Audio and video
49901085476,270202,9/8/2011,1,2,1,320,33.6,353.6,TeleShop,Footwear,Women
85475160771,270476,9/8/2011,5,3,5,1354,710.85,7480.85,Flagship store,Electronics,Computers
95673557174,268673,9/8/2011,4,3,3,1105,348.075,3663.075,e-Shop,Electronics,Mens
82472244261,272062,9/8/2011,4,1,5,1268,665.7,7005.7,e-Shop,Clothing,Mens
78733101428,273507,9/8/2011,11,5,1,194,20.37,214.37,MBR,Books,Children
72156860502,272585,9/8/2011,8,3,1,470,49.35,519.35,e-Shop,Electronics,Personal Appliances
39696876361,270854,8/8/2011,4,2,2,1387,291.27,3065.27,e-Shop,Footwear,Mens
17891039460,273803,8/8/2011,10,3,5,540,283.5,2983.5,e-Shop,Electronics,Audio and video
37023191236,268133,8/8/2011,10,3,3,244,76.86,808.86,TeleShop,Electronics,Audio and video
47820766095,268968,8/8/2011,11,6,1,534,56.07,590.07,MBR,Home and kitchen,Children
40231152288,275231,8/8/2011,1,1,5,1202,631.05,6641.05,MBR,Clothing,Women
24753870922,274542,8/8/2011,3,2,5,1157,607.425,6392.425,e-Shop,Footwear,Kids
20510180407,270367,8/8/2011,10,3,2,1168,245.28,2581.28,e-Shop,Electronics,Audio and video
62535419939,268001,8/8/2011,3,1,4,494,207.48,2183.48,e-Shop,Clothing,Kids
48702557818,273903,8/8/2011,12,5,1,615,64.575,679.575,Flagship store,Books,Academic
56818114952,268279,8/8/2011,3,1,2,486,102.06,1074.06,Flagship store,Clothing,Kids
19709429929,275026,8/8/2011,2,6,1,196,20.58,216.58,e-Shop,Home and kitchen,Furnishing
62103287988,268715,8/8/2011,3,1,1,710,74.55,784.55,MBR,Clothing,Kids
61505481725,267512,8/8/2011,12,6,1,218,22.89,240.89,Flagship store,Home and kitchen,Academic
56241761052,272676,8/8/2011,1,4,2,796,167.16,1759.16,TeleShop,Bags,Women
54010492447,270917,8/8/2011,7,5,5,628,329.7,3469.7,e-Shop,Books,Fiction
23788977248,269732,8/8/2011,1,2,3,661,208.215,2191.215,Flagship store,Footwear,Women
84450814199,272128,8/8/2011,12,5,4,200,84,884,TeleShop,Books,Academic
79888027522,272822,8/8/2011,5,3,5,1021,536.025,5641.025,MBR,Electronics,Computers
76157940344,267273,8/8/2011,3,2,-1,-495,51.975,-546.975,TeleShop,Footwear,Kids
78712360442,273504,8/8/2011,11,6,2,1061,222.81,2344.81,TeleShop,Home and kitchen,Children
13687331613,267597,7/8/2011,10,3,5,731,383.775,4038.775,Flagship store,Electronics,Audio and video
61537464076,268354,7/8/2011,12,6,3,764,240.66,2532.66,e-Shop,Home and kitchen,Academic
22315356000,274948,7/8/2011,12,6,-2,-186,39.06,-411.06,e-Shop,Home and kitchen,Academic
28995903027,274727,7/8/2011,3,5,1,189,19.845,208.845,MBR,Books,Kids
29140738279,271664,7/8/2011,4,2,5,1335,700.875,7375.875,TeleShop,Footwear,Mens
15753408260,270360,7/8/2011,10,5,4,200,84,884,e-Shop,Books,Audio and video
61385879211,273682,7/8/2011,12,6,5,700,367.5,3867.5,e-Shop,Home and kitchen,Academic
18627049388,273191,7/8/2011,3,1,2,713,149.73,1575.73,e-Shop,Clothing,Kids
16009561349,274158,7/8/2011,2,6,5,1200,630,6630,MBR,Home and kitchen,Furnishing
41549919765,273032,7/8/2011,3,2,1,723,75.915,798.915,e-Shop,Footwear,Kids
17226557489,275242,7/8/2011,4,2,1,138,14.49,152.49,e-Shop,Footwear,Mens
50098514726,268003,7/8/2011,4,3,1,922,96.81,1018.81,Flagship store,Electronics,Mens
38278185248,274408,7/8/2011,1,2,3,1357,427.455,4498.455,MBR,Footwear,Women
48037393494,271233,7/8/2011,8,3,2,1156,242.76,2554.76,MBR,Electronics,Personal Appliances
69058680980,271563,7/8/2011,10,3,5,1192,625.8,6585.8,Flagship store,Electronics,Audio and video
95527066631,269173,7/8/2011,1,1,-1,-1445,151.725,-1596.725,MBR,Clothing,Women
69693810050,267420,7/8/2011,1,4,-1,-1460,153.3,-1613.3,e-Shop,Bags,Women
80287325363,274335,7/8/2011,4,1,4,73,30.66,322.66,TeleShop,Clothing,Mens
96320944837,269449,7/8/2011,12,6,4,1004,421.68,4437.68,Flagship store,Home and kitchen,Academic
75156270828,272940,7/8/2011,10,3,3,1033,325.395,3424.395,e-Shop,Electronics,Audio and video
15794095352,270984,6/8/2011,3,1,1,1486,156.03,1642.03,MBR,Clothing,Kids
43812955925,272823,6/8/2011,10,3,-1,-723,75.915,-798.915,e-Shop,Electronics,Audio and video
31611839701,271664,6/8/2011,12,6,1,1165,122.325,1287.325,e-Shop,Home and kitchen,Academic
53015148085,266809,6/8/2011,4,2,3,1423,448.245,4717.245,MBR,Footwear,Mens
61933248356,269057,6/8/2011,2,6,2,1313,275.73,2901.73,MBR,Home and kitchen,Furnishing
9117612667,275188,6/8/2011,11,5,3,1050,330.75,3480.75,TeleShop,Books,Children
62877892338,269594,6/8/2011,3,1,5,397,208.425,2193.425,MBR,Clothing,Kids
46242890288,271742,6/8/2011,4,4,3,1108,349.02,3673.02,e-Shop,Bags,Mens
56383060777,268811,6/8/2011,4,4,1,942,98.91,1040.91,TeleShop,Bags,Mens
7667382529,274448,6/8/2011,10,5,5,444,233.1,2453.1,e-Shop,Books,Audio and video
60777336964,268515,6/8/2011,11,6,2,1091,229.11,2411.11,e-Shop,Home and kitchen,Children
80630180583,273971,6/8/2011,9,3,1,1034,108.57,1142.57,e-Shop,Electronics,Cameras
76157940344,267273,6/8/2011,3,2,1,495,51.975,546.975,TeleShop,Footwear,Kids
82711471345,270733,6/8/2011,4,3,3,87,27.405,288.405,e-Shop,Electronics,Mens
79651496110,275096,6/8/2011,7,5,-3,-1309,412.335,-4339.335,e-Shop,Books,Fiction
83486724869,272129,6/8/2011,11,5,4,1202,504.84,5312.84,MBR,Books,Children
83184086998,270783,6/8/2011,3,5,2,978,205.38,2161.38,MBR,Books,Kids
97643517533,270870,6/8/2011,2,6,5,602,316.05,3326.05,e-Shop,Home and kitchen,Furnishing
79337648124,270707,6/8/2011,3,1,1,1014,106.47,1120.47,e-Shop,Clothing,Kids
87125650,268666,5/8/2011,1,4,5,359,188.475,1983.475,e-Shop,Bags,Women
21904128500,268681,5/8/2011,4,3,2,787,165.27,1739.27,MBR,Electronics,Mens
58814954142,271834,5/8/2011,1,4,5,1444,758.1,7978.1,e-Shop,Bags,Women
63114610255,268488,5/8/2011,9,3,5,1475,774.375,8149.375,Flagship store,Electronics,Cameras
39904716348,274966,5/8/2011,11,5,3,716,225.54,2373.54,MBR,Books,Children
55380233674,272262,5/8/2011,5,3,1,1400,147,1547,e-Shop,Electronics,Computers
42495793977,272883,5/8/2011,12,5,1,899,94.395,993.395,TeleShop,Books,Academic
37952497667,271392,5/8/2011,3,5,2,72,15.12,159.12,Flagship store,Books,Kids
5778108662,273684,5/8/2011,4,2,4,983,412.86,4344.86,TeleShop,Footwear,Mens
4746540860,271816,5/8/2011,6,5,-5,-624,327.6,-3447.6,Flagship store,Books,DIY
5340409385,269837,5/8/2011,8,3,4,396,166.32,1750.32,Flagship store,Electronics,Personal Appliances
49459049592,268976,5/8/2011,4,3,4,1312,551.04,5799.04,e-Shop,Electronics,Mens
58491664048,271195,5/8/2011,4,4,5,168,88.2,928.2,e-Shop,Bags,Mens
8834851187,274474,5/8/2011,3,2,1,161,16.905,177.905,e-Shop,Footwear,Kids
63036920176,267768,5/8/2011,1,2,1,649,68.145,717.145,MBR,Footwear,Women
68724374184,270873,5/8/2011,7,5,1,1328,139.44,1467.44,Flagship store,Books,Fiction
94712826085,275264,5/8/2011,10,5,5,221,116.025,1221.025,TeleShop,Books,Audio and video
71551956712,274034,5/8/2011,8,3,1,99,10.395,109.395,Flagship store,Electronics,Personal Appliances
69275392637,269539,5/8/2011,1,2,4,824,346.08,3642.08,Flagship store,Footwear,Women
72381184045,273106,5/8/2011,8,3,1,1437,150.885,1587.885,e-Shop,Electronics,Personal Appliances
80394789005,270102,5/8/2011,10,6,1,687,72.135,759.135,TeleShop,Home and kitchen,Audio and video
89300730306,267323,5/8/2011,3,2,1,1325,139.125,1464.125,e-Shop,Footwear,Kids
83889543263,267926,5/8/2011,1,4,5,1018,534.45,5624.45,e-Shop,Bags,Women
99169097028,272328,5/8/2011,8,3,3,917,288.855,3039.855,Flagship store,Electronics,Personal Appliances
65959981603,268157,5/8/2011,5,3,2,311,65.31,687.31,TeleShop,Electronics,Computers
88981381171,271027,5/8/2011,12,6,2,921,193.41,2035.41,TeleShop,Home and kitchen,Academic
72250908933,267083,5/8/2011,11,5,4,1292,542.64,5710.64,e-Shop,Books,Children
52068443052,274215,4/8/2011,3,2,4,539,226.38,2382.38,TeleShop,Footwear,Kids
16782704871,272268,4/8/2011,3,5,5,957,502.425,5287.425,MBR,Books,Kids
39452427125,273421,4/8/2011,6,5,1,781,82.005,863.005,Flagship store,Books,DIY
20298922617,268636,4/8/2011,12,6,3,406,127.89,1345.89,Flagship store,Home and kitchen,Academic
26586803739,268497,4/8/2011,10,3,2,502,105.42,1109.42,TeleShop,Electronics,Audio and video
14768170095,268211,4/8/2011,11,5,3,1081,340.515,3583.515,TeleShop,Books,Children
34371952470,275178,4/8/2011,3,5,3,1218,383.67,4037.67,e-Shop,Books,Kids
2089410967,275225,4/8/2011,1,1,5,420,220.5,2320.5,MBR,Clothing,Women
33011567400,274756,4/8/2011,5,3,1,726,76.23,802.23,e-Shop,Electronics,Computers
16141812565,274028,4/8/2011,9,3,2,505,106.05,1116.05,e-Shop,Electronics,Cameras
50805183907,269329,4/8/2011,10,3,4,537,225.54,2373.54,e-Shop,Electronics,Audio and video
55631047121,267236,4/8/2011,4,3,2,867,182.07,1916.07,MBR,Electronics,Mens
9586411123,269919,4/8/2011,1,4,1,494,51.87,545.87,e-Shop,Bags,Women
43812955925,272823,4/8/2011,10,3,-1,-723,75.915,-798.915,e-Shop,Electronics,Audio and video
97241719881,273247,4/8/2011,3,5,2,798,167.58,1763.58,e-Shop,Books,Kids
78422834874,274999,4/8/2011,7,5,1,718,75.39,793.39,e-Shop,Books,Fiction
69896459324,272969,4/8/2011,8,3,2,421,88.41,930.41,e-Shop,Electronics,Personal Appliances
70923707096,272143,4/8/2011,1,4,-1,-565,59.325,-624.325,e-Shop,Bags,Women
98018334017,271094,4/8/2011,4,1,2,1357,284.97,2998.97,e-Shop,Clothing,Mens
66463992130,269650,4/8/2011,1,2,1,535,56.175,591.175,MBR,Footwear,Women
97551658706,273608,4/8/2011,3,5,2,1200,252,2652,Flagship store,Books,Kids
92420054749,274909,4/8/2011,1,1,2,923,193.83,2039.83,e-Shop,Clothing,Women
74678176786,267170,4/8/2011,12,5,3,358,112.77,1186.77,TeleShop,Books,Academic
42488077947,274069,3/8/2011,3,2,3,541,170.415,1793.415,MBR,Footwear,Kids
45097573300,275018,3/8/2011,10,5,1,221,23.205,244.205,MBR,Books,Audio and video
8778579920,269066,3/8/2011,10,6,4,1274,535.08,5631.08,e-Shop,Home and kitchen,Audio and video
22118759046,267285,3/8/2011,1,1,2,1362,286.02,3010.02,e-Shop,Clothing,Women
57798314871,274835,3/8/2011,4,4,-2,-424,89.04,-937.04,e-Shop,Bags,Mens
36604551579,269193,3/8/2011,10,5,3,641,201.915,2124.915,TeleShop,Books,Audio and video
24240873475,272508,3/8/2011,4,3,4,1425,598.5,6298.5,e-Shop,Electronics,Mens
27184453363,273234,3/8/2011,3,2,4,586,246.12,2590.12,Flagship store,Footwear,Kids
43948115600,271928,3/8/2011,10,6,5,762,400.05,4210.05,TeleShop,Home and kitchen,Audio and video
36774451326,271920,3/8/2011,10,6,5,596,312.9,3292.9,e-Shop,Home and kitchen,Audio and video
51531323917,271345,3/8/2011,3,1,2,903,189.63,1995.63,Flagship store,Clothing,Kids
34814489329,270477,3/8/2011,2,6,4,917,385.14,4053.14,e-Shop,Home and kitchen,Furnishing
41805902207,269125,3/8/2011,12,5,5,1491,782.775,8237.775,e-Shop,Books,Academic
21925086336,271446,3/8/2011,4,1,2,811,170.31,1792.31,Flagship store,Clothing,Mens
74787921688,267977,3/8/2011,9,3,2,262,55.02,579.02,e-Shop,Electronics,Cameras
79282051443,268951,3/8/2011,10,5,3,492,154.98,1630.98,e-Shop,Books,Audio and video
92120097915,269851,3/8/2011,9,3,-4,-603,253.26,-2665.26,TeleShop,Electronics,Cameras
82510092313,271896,3/8/2011,6,5,2,1291,271.11,2853.11,e-Shop,Books,DIY
71568815462,272518,3/8/2011,2,6,1,727,76.335,803.335,TeleShop,Home and kitchen,Furnishing
64097555467,270239,3/8/2011,10,3,2,963,202.23,2128.23,MBR,Electronics,Audio and video
68801046512,270419,3/8/2011,9,3,5,322,169.05,1779.05,Flagship store,Electronics,Cameras
74244457286,274921,3/8/2011,11,5,2,707,148.47,1562.47,e-Shop,Books,Children
65249767823,273930,3/8/2011,11,6,4,1449,608.58,6404.58,MBR,Home and kitchen,Children
69074527174,269377,3/8/2011,4,3,2,1068,224.28,2360.28,Flagship store,Electronics,Mens
28902675080,268167,2/8/2011,4,2,3,1096,345.24,3633.24,Flagship store,Footwear,Mens
23634621922,275211,2/8/2011,4,2,3,339,106.785,1123.785,e-Shop,Footwear,Mens
3268991,272172,2/8/2011,11,6,3,91,28.665,301.665,e-Shop,Home and kitchen,Children
37131690380,273250,2/8/2011,3,1,2,633,132.93,1398.93,MBR,Clothing,Kids
22279533020,268395,2/8/2011,3,2,5,527,276.675,2911.675,Flagship store,Footwear,Kids
17923961107,269085,2/8/2011,7,5,4,803,337.26,3549.26,e-Shop,Books,Fiction
56874201616,270387,2/8/2011,3,2,4,1323,555.66,5847.66,TeleShop,Footwear,Kids
21807563848,272993,2/8/2011,11,5,5,198,103.95,1093.95,Flagship store,Books,Children
54326648700,270945,2/8/2011,1,1,4,353,148.26,1560.26,Flagship store,Clothing,Women
20075249071,267783,2/8/2011,10,5,5,217,113.925,1198.925,TeleShop,Books,Audio and video
26506446471,268722,2/8/2011,10,3,4,325,136.5,1436.5,Flagship store,Electronics,Audio and video
58458251677,269855,2/8/2011,2,6,3,1093,344.295,3623.295,MBR,Home and kitchen,Furnishing
3366298213,268469,2/8/2011,5,3,3,568,178.92,1882.92,e-Shop,Electronics,Computers
98519328530,270663,2/8/2011,4,2,1,219,22.995,241.995,e-Shop,Footwear,Mens
94063487294,270502,2/8/2011,1,2,-2,-1397,293.37,-3087.37,TeleShop,Footwear,Women
75579128061,267116,2/8/2011,3,5,4,1465,615.3,6475.3,TeleShop,Books,Kids
83363246096,269352,2/8/2011,8,3,4,104,43.68,459.68,Flagship store,Electronics,Personal Appliances
81280388773,267486,2/8/2011,1,1,4,590,247.8,2607.8,MBR,Clothing,Women
77508832863,272933,2/8/2011,10,3,-4,-381,160.02,-1684.02,e-Shop,Electronics,Audio and video
70917225235,271767,2/8/2011,1,1,5,863,453.075,4768.075,e-Shop,Clothing,Women
3054230950,270258,1/8/2011,2,6,4,1112,467.04,4915.04,MBR,Home and kitchen,Furnishing
47349699355,273647,1/8/2011,4,2,5,1050,551.25,5801.25,MBR,Footwear,Mens
34640671033,271717,1/8/2011,10,3,-2,-629,132.09,-1390.09,e-Shop,Electronics,Audio and video
36285129970,273664,1/8/2011,4,2,5,327,171.675,1806.675,MBR,Footwear,Mens
8263363574,267607,1/8/2011,6,5,1,172,18.06,190.06,e-Shop,Books,DIY
21475698119,273290,1/8/2011,9,3,1,166,17.43,183.43,TeleShop,Electronics,Cameras
42537838715,267934,1/8/2011,5,3,1,1336,140.28,1476.28,e-Shop,Electronics,Computers
46442726980,271470,1/8/2011,11,5,3,478,150.57,1584.57,Flagship store,Books,Children
14330797500,270246,1/8/2011,10,5,-4,-1316,552.72,-5816.72,e-Shop,Books,Audio and video
2548729369,273135,1/8/2011,9,3,4,906,380.52,4004.52,MBR,Electronics,Cameras
54478476173,272541,1/8/2011,10,6,4,877,368.34,3876.34,TeleShop,Home and kitchen,Audio and video
3831809957,267631,1/8/2011,8,3,3,1305,411.075,4326.075,e-Shop,Electronics,Personal Appliances
27979833247,270908,1/8/2011,4,4,1,961,100.905,1061.905,Flagship store,Bags,Mens
94352028782,268636,1/8/2011,8,3,5,123,64.575,679.575,e-Shop,Electronics,Personal Appliances
67364722607,274716,1/8/2011,10,6,4,339,142.38,1498.38,MBR,Home and kitchen,Audio and video
89747396606,268327,1/8/2011,5,3,2,1281,269.01,2831.01,Flagship store,Electronics,Computers
99048583237,267401,1/8/2011,1,2,5,151,79.275,834.275,MBR,Footwear,Women
66589040898,273197,1/8/2011,10,6,4,90,37.8,397.8,TeleShop,Home and kitchen,Audio and video
69693810050,267420,1/8/2011,1,4,1,1460,153.3,1613.3,e-Shop,Bags,Women
87965015911,268605,1/8/2011,4,1,5,1357,712.425,7497.425,Flagship store,Clothing,Mens
74847610207,271608,1/8/2011,10,6,5,385,202.125,2127.125,e-Shop,Home and kitchen,Audio and video
44566096268,266830,31-07-2011,1,2,5,667,350.175,3685.175,e-Shop,Footwear,Women
5578525172,271847,31-07-2011,12,5,2,455,95.55,1005.55,Flagship store,Books,Academic
21502500264,273477,31-07-2011,1,1,3,98,30.87,324.87,e-Shop,Clothing,Women
5204335657,271274,31-07-2011,3,5,5,661,347.025,3652.025,TeleShop,Books,Kids
20938450665,268191,31-07-2011,10,6,5,163,85.575,900.575,e-Shop,Home and kitchen,Audio and video
29945619974,267113,31-07-2011,3,2,1,1223,128.415,1351.415,e-Shop,Footwear,Kids
10514234209,269320,31-07-2011,10,3,5,884,464.1,4884.1,e-Shop,Electronics,Audio and video
28212438005,273380,31-07-2011,8,3,5,1366,717.15,7547.15,e-Shop,Electronics,Personal Appliances
32643166494,273221,31-07-2011,3,1,5,1428,749.7,7889.7,MBR,Clothing,Kids
4240918235,271887,31-07-2011,3,5,2,518,108.78,1144.78,TeleShop,Books,Kids
18779926280,267674,31-07-2011,11,5,4,292,122.64,1290.64,e-Shop,Books,Children
66348397185,270421,31-07-2011,1,4,2,101,21.21,223.21,MBR,Bags,Women
67520096091,272186,31-07-2011,2,6,2,88,18.48,194.48,Flagship store,Home and kitchen,Furnishing
72936080939,273179,31-07-2011,4,4,4,1085,455.7,4795.7,MBR,Bags,Mens
86071685330,267715,31-07-2011,2,6,2,1310,275.1,2895.1,TeleShop,Home and kitchen,Furnishing
96364051648,272546,31-07-2011,1,2,3,1434,451.71,4753.71,TeleShop,Footwear,Women
93634911341,267711,31-07-2011,12,5,5,429,225.225,2370.225,MBR,Books,Academic
67012275530,268543,31-07-2011,7,5,1,941,98.805,1039.805,e-Shop,Books,Fiction
83963890410,268449,31-07-2011,12,5,3,1010,318.15,3348.15,MBR,Books,Academic
53533042372,273436,30-07-2011,5,3,3,331,104.265,1097.265,e-Shop,Electronics,Computers
13831306630,274594,30-07-2011,12,6,2,93,19.53,205.53,Flagship store,Home and kitchen,Academic
60260311386,268614,30-07-2011,4,3,2,311,65.31,687.31,e-Shop,Electronics,Mens
18066405644,268681,30-07-2011,2,6,2,824,173.04,1821.04,TeleShop,Home and kitchen,Furnishing
55140968174,274272,30-07-2011,1,1,2,328,68.88,724.88,MBR,Clothing,Women
9185929299,269692,30-07-2011,1,2,4,526,220.92,2324.92,TeleShop,Footwear,Women
43812955925,272823,30-07-2011,10,3,1,723,75.915,798.915,e-Shop,Electronics,Audio and video
39737756357,274875,30-07-2011,3,1,3,677,213.255,2244.255,TeleShop,Clothing,Kids
19456806351,274232,30-07-2011,4,2,4,789,331.38,3487.38,MBR,Footwear,Mens
37216618587,267991,30-07-2011,3,1,3,1428,449.82,4733.82,TeleShop,Clothing,Kids
66765685536,270663,30-07-2011,5,3,4,1120,470.4,4950.4,MBR,Electronics,Computers
95527066631,269173,30-07-2011,1,1,1,1445,151.725,1596.725,MBR,Clothing,Women
99827950261,269171,30-07-2011,8,3,2,349,73.29,771.29,MBR,Electronics,Personal Appliances
69202118393,269793,30-07-2011,11,6,4,394,165.48,1741.48,MBR,Home and kitchen,Children
90396908389,274640,30-07-2011,4,1,4,1019,427.98,4503.98,e-Shop,Clothing,Mens
79625412784,272742,30-07-2011,4,4,5,1106,580.65,6110.65,Flagship store,Bags,Mens
66271330382,272686,30-07-2011,3,5,2,1355,284.55,2994.55,Flagship store,Books,Kids
51922853375,268288,29-07-2011,2,6,1,711,74.655,785.655,Flagship store,Home and kitchen,Furnishing
32234553748,268287,29-07-2011,11,5,3,161,50.715,533.715,TeleShop,Books,Children
17515368813,271236,29-07-2011,6,5,5,772,405.3,4265.3,e-Shop,Books,DIY
43256127232,273989,29-07-2011,10,3,3,1289,406.035,4273.035,e-Shop,Electronics,Audio and video
4737317330,269345,29-07-2011,1,1,5,1141,599.025,6304.025,MBR,Clothing,Women
4201634479,272252,29-07-2011,11,6,2,896,188.16,1980.16,e-Shop,Home and kitchen,Children
75079660535,271011,29-07-2011,4,2,-1,-744,78.12,-822.12,MBR,Footwear,Mens
94063487294,270502,29-07-2011,1,2,2,1397,293.37,3087.37,TeleShop,Footwear,Women
72867545923,270742,29-07-2011,10,3,1,321,33.705,354.705,TeleShop,Electronics,Audio and video
95636816466,273205,29-07-2011,7,5,-4,-1126,472.92,-4976.92,Flagship store,Books,Fiction
94361605619,269471,29-07-2011,10,6,-1,-1046,109.83,-1155.83,MBR,Home and kitchen,Audio and video
97805873678,267611,29-07-2011,7,5,1,1178,123.69,1301.69,TeleShop,Books,Fiction
67068178287,268445,29-07-2011,7,5,1,1342,140.91,1482.91,e-Shop,Books,Fiction
76921391441,272882,29-07-2011,9,3,4,111,46.62,490.62,e-Shop,Electronics,Cameras
75540284027,268478,29-07-2011,11,6,5,477,250.425,2635.425,Flagship store,Home and kitchen,Children
22315356000,274948,28-07-2011,12,6,2,186,39.06,411.06,e-Shop,Home and kitchen,Academic
49704161240,267181,28-07-2011,10,3,3,708,223.02,2347.02,TeleShop,Electronics,Audio and video
60331371196,271488,28-07-2011,4,4,4,610,256.2,2696.2,Flagship store,Bags,Mens
48248990428,274884,28-07-2011,6,5,1,536,56.28,592.28,e-Shop,Books,DIY
27399968143,274993,28-07-2011,7,5,2,1116,234.36,2466.36,TeleShop,Books,Fiction
46595628420,274049,28-07-2011,2,6,1,181,19.005,200.005,e-Shop,Home and kitchen,Furnishing
28324491528,275163,28-07-2011,3,1,3,154,48.51,510.51,Flagship store,Clothing,Kids
57798314871,274835,28-07-2011,4,4,2,424,89.04,937.04,e-Shop,Bags,Mens
30521176655,270096,28-07-2011,4,2,3,517,162.855,1713.855,e-Shop,Footwear,Mens
56532512486,269568,28-07-2011,2,6,2,731,153.51,1615.51,MBR,Home and kitchen,Furnishing
62251151359,274826,28-07-2011,12,5,2,1027,215.67,2269.67,MBR,Books,Academic
62918735034,274315,28-07-2011,3,2,-4,-320,134.4,-1414.4,e-Shop,Footwear,Kids
66523195807,268886,28-07-2011,12,5,4,351,147.42,1551.42,TeleShop,Books,Academic
79651496110,275096,28-07-2011,7,5,3,1309,412.335,4339.335,e-Shop,Books,Fiction
63828650347,270758,28-07-2011,3,1,3,565,177.975,1872.975,TeleShop,Clothing,Kids
96287063965,267536,28-07-2011,5,3,1,375,39.375,414.375,e-Shop,Electronics,Computers
63177505029,272565,28-07-2011,2,6,1,116,12.18,128.18,TeleShop,Home and kitchen,Furnishing
96634610249,268774,28-07-2011,2,6,3,467,147.105,1548.105,TeleShop,Home and kitchen,Furnishing
79939306616,269174,28-07-2011,10,6,4,558,234.36,2466.36,e-Shop,Home and kitchen,Audio and video
83244732797,268418,28-07-2011,4,4,3,1240,390.6,4110.6,TeleShop,Bags,Mens
87054981578,268077,28-07-2011,10,3,2,403,84.63,890.63,MBR,Electronics,Audio and video
84229279587,271040,28-07-2011,10,5,3,1015,319.725,3364.725,Flagship store,Books,Audio and video
78009424136,270296,28-07-2011,7,5,4,1281,538.02,5662.02,Flagship store,Books,Fiction
9387578366,274587,27-07-2011,4,1,2,863,181.23,1907.23,MBR,Clothing,Mens
2384588318,274069,27-07-2011,5,3,5,1472,772.8,8132.8,e-Shop,Electronics,Computers
3273381262,269498,27-07-2011,1,2,3,291,91.665,964.665,MBR,Footwear,Women
52790853935,272874,27-07-2011,4,3,4,1447,607.74,6395.74,e-Shop,Electronics,Mens
27168992105,270914,27-07-2011,10,6,-3,-466,146.79,-1544.79,e-Shop,Home and kitchen,Audio and video
19669706197,272881,27-07-2011,3,1,4,1379,579.18,6095.18,e-Shop,Clothing,Kids
46743738590,270404,27-07-2011,3,2,1,251,26.355,277.355,TeleShop,Footwear,Kids
14726935652,272327,27-07-2011,11,5,1,1362,143.01,1505.01,MBR,Books,Children
37912272207,268353,27-07-2011,12,5,4,315,132.3,1392.3,TeleShop,Books,Academic
9361147330,273404,27-07-2011,10,3,1,503,52.815,555.815,MBR,Electronics,Audio and video
83824147538,271748,27-07-2011,4,1,2,504,105.84,1113.84,MBR,Clothing,Mens
82354417730,270420,27-07-2011,1,1,3,626,197.19,2075.19,MBR,Clothing,Women
77508832863,272933,27-07-2011,10,3,4,381,160.02,1684.02,e-Shop,Electronics,Audio and video
75079660535,271011,27-07-2011,4,2,1,744,78.12,822.12,MBR,Footwear,Mens
79898811835,274864,27-07-2011,10,3,4,1205,506.1,5326.1,MBR,Electronics,Audio and video
65038554003,273319,27-07-2011,4,3,3,906,285.39,3003.39,TeleShop,Electronics,Mens
96215434969,274351,27-07-2011,4,3,2,1120,235.2,2475.2,e-Shop,Electronics,Mens
79273361008,273334,27-07-2011,4,3,2,768,161.28,1697.28,e-Shop,Electronics,Mens
83504879429,273586,27-07-2011,2,6,5,1055,553.875,5828.875,TeleShop,Home and kitchen,Furnishing
88473500956,271297,27-07-2011,4,2,2,794,166.74,1754.74,Flagship store,Footwear,Mens
87085107991,269524,27-07-2011,4,3,-4,-464,194.88,-2050.88,MBR,Electronics,Mens
63595606252,273025,27-07-2011,7,5,5,1145,601.125,6326.125,Flagship store,Books,Fiction
81409670304,271031,27-07-2011,5,3,3,589,185.535,1952.535,MBR,Electronics,Computers
71535266459,273455,27-07-2011,12,5,1,295,30.975,325.975,TeleShop,Books,Academic
90503816133,268372,27-07-2011,10,3,3,677,213.255,2244.255,MBR,Electronics,Audio and video
33725743887,274054,26-07-2011,8,3,2,346,72.66,764.66,TeleShop,Electronics,Personal Appliances
6400798590,269705,26-07-2011,5,3,4,426,178.92,1882.92,MBR,Electronics,Computers
4746540860,271816,26-07-2011,6,5,5,624,327.6,3447.6,Flagship store,Books,DIY
47027628699,271207,26-07-2011,8,3,4,315,132.3,1392.3,Flagship store,Electronics,Personal Appliances
14330797500,270246,26-07-2011,10,5,4,1316,552.72,5816.72,e-Shop,Books,Audio and video
31681501115,274465,26-07-2011,12,6,3,1464,461.16,4853.16,MBR,Home and kitchen,Academic
8746932604,274863,26-07-2011,11,6,-2,-703,147.63,-1553.63,Flagship store,Home and kitchen,Children
19470387169,268909,26-07-2011,10,6,2,344,72.24,760.24,Flagship store,Home and kitchen,Audio and video
44812021592,268180,26-07-2011,1,1,4,1176,493.92,5197.92,e-Shop,Clothing,Women
36232521646,270839,26-07-2011,12,5,4,468,196.56,2068.56,e-Shop,Books,Academic
28039645471,270833,26-07-2011,11,5,3,1178,371.07,3905.07,e-Shop,Books,Children
24465770712,269541,26-07-2011,6,5,-2,-744,156.24,-1644.24,e-Shop,Books,DIY
56724436471,274119,26-07-2011,1,2,3,363,114.345,1203.345,TeleShop,Footwear,Women
39143675514,273221,26-07-2011,10,3,4,799,335.58,3531.58,TeleShop,Electronics,Audio and video
82675836985,267330,26-07-2011,1,4,4,751,315.42,3319.42,e-Shop,Bags,Women
77480994356,270489,26-07-2011,4,4,2,139,29.19,307.19,TeleShop,Bags,Mens
90866260574,268043,26-07-2011,10,5,5,437,229.425,2414.425,Flagship store,Books,Audio and video
68384621403,268136,26-07-2011,4,2,2,368,77.28,813.28,e-Shop,Footwear,Mens
79416914835,274482,26-07-2011,10,6,4,909,381.78,4017.78,e-Shop,Home and kitchen,Audio and video
89252562361,273891,26-07-2011,4,3,-3,-1266,398.79,-4196.79,Flagship store,Electronics,Mens
82782486111,274966,26-07-2011,1,1,4,697,292.74,3080.74,Flagship store,Clothing,Women
70923707096,272143,26-07-2011,1,4,1,565,59.325,624.325,e-Shop,Bags,Women
73053878726,269703,26-07-2011,7,5,-4,-1293,543.06,-5715.06,MBR,Books,Fiction
73523858012,268332,26-07-2011,4,1,1,1059,111.195,1170.195,TeleShop,Clothing,Mens
78247648137,269440,26-07-2011,11,6,-3,-1006,316.89,-3334.89,TeleShop,Home and kitchen,Children
95896657132,270449,26-07-2011,3,2,3,1021,321.615,3384.615,Flagship store,Footwear,Kids
99626276495,271778,26-07-2011,10,6,2,265,55.65,585.65,MBR,Home and kitchen,Audio and video
71458935705,268880,26-07-2011,4,3,4,803,337.26,3549.26,e-Shop,Electronics,Mens
69967203626,270178,26-07-2011,4,1,1,1388,145.74,1533.74,MBR,Clothing,Mens
36711872846,267125,25-07-2011,8,3,1,213,22.365,235.365,e-Shop,Electronics,Personal Appliances
4640714806,269831,25-07-2011,10,5,3,580,182.7,1922.7,Flagship store,Books,Audio and video
42044800200,269361,25-07-2011,10,3,4,113,47.46,499.46,TeleShop,Electronics,Audio and video
51298392321,272877,25-07-2011,10,5,3,372,117.18,1233.18,Flagship store,Books,Audio and video
13676973334,273574,25-07-2011,8,3,2,428,89.88,945.88,TeleShop,Electronics,Personal Appliances
10259608495,271959,25-07-2011,12,5,5,553,290.325,3055.325,e-Shop,Books,Academic
8006363248,272509,25-07-2011,9,3,3,108,34.02,358.02,e-Shop,Electronics,Cameras
1838539818,267904,25-07-2011,4,1,5,1014,532.35,5602.35,e-Shop,Clothing,Mens
54068723187,272120,25-07-2011,10,6,2,1124,236.04,2484.04,e-Shop,Home and kitchen,Audio and video
33918961287,272427,25-07-2011,12,5,3,221,69.615,732.615,e-Shop,Books,Academic
55506877140,271322,25-07-2011,4,4,1,326,34.23,360.23,MBR,Bags,Mens
51282634128,270178,25-07-2011,4,4,2,1466,307.86,3239.86,Flagship store,Bags,Mens
91703354155,274363,25-07-2011,4,3,1,1476,154.98,1630.98,e-Shop,Electronics,Mens
63911137081,267075,25-07-2011,12,5,3,791,249.165,2622.165,MBR,Books,Academic
95333892025,272666,25-07-2011,10,3,2,340,71.4,751.4,TeleShop,Electronics,Audio and video
92902254159,272995,25-07-2011,6,5,1,1478,155.19,1633.19,Flagship store,Books,DIY
64649532965,268550,25-07-2011,10,5,1,1316,138.18,1454.18,TeleShop,Books,Audio and video
88239300496,267056,25-07-2011,12,6,2,813,170.73,1796.73,MBR,Home and kitchen,Academic
66981211207,274250,25-07-2011,10,6,3,847,266.805,2807.805,e-Shop,Home and kitchen,Audio and video
97130205228,270947,25-07-2011,4,4,2,159,33.39,351.39,MBR,Bags,Mens
73536086794,272428,25-07-2011,3,2,3,1134,357.21,3759.21,TeleShop,Footwear,Kids
86850572558,268592,25-07-2011,7,5,1,1017,106.785,1123.785,MBR,Books,Fiction
5938583105,272974,24-07-2011,1,1,2,629,132.09,1390.09,e-Shop,Clothing,Women
8746932604,274863,24-07-2011,11,6,-2,-703,147.63,-1553.63,Flagship store,Home and kitchen,Children
268218855,272634,24-07-2011,4,4,-5,-1129,592.725,-6237.725,TeleShop,Bags,Mens
36233254839,271854,24-07-2011,12,5,3,862,271.53,2857.53,TeleShop,Books,Academic
31885889989,272383,24-07-2011,3,2,5,1181,620.025,6525.025,Flagship store,Footwear,Kids
62773342679,267774,24-07-2011,1,1,1,402,42.21,444.21,TeleShop,Clothing,Women
14927014439,271639,24-07-2011,5,3,1,311,32.655,343.655,MBR,Electronics,Computers
23610793691,274327,24-07-2011,5,3,5,858,450.45,4740.45,MBR,Electronics,Computers
34640671033,271717,24-07-2011,10,3,2,629,132.09,1390.09,e-Shop,Electronics,Audio and video
16803239459,270168,24-07-2011,3,2,-1,-1088,114.24,-1202.24,e-Shop,Footwear,Kids
10687118984,269708,24-07-2011,10,6,1,330,34.65,364.65,Flagship store,Home and kitchen,Audio and video
31970659367,274042,24-07-2011,1,2,1,765,80.325,845.325,e-Shop,Footwear,Women
57872808744,271045,24-07-2011,4,1,1,359,37.695,396.695,TeleShop,Clothing,Mens
89300003096,273588,24-07-2011,8,3,3,673,211.995,2230.995,Flagship store,Electronics,Personal Appliances
92120097915,269851,24-07-2011,9,3,4,603,253.26,2665.26,TeleShop,Electronics,Cameras
95783699091,270397,24-07-2011,5,3,2,717,150.57,1584.57,e-Shop,Electronics,Computers
93672757850,272487,24-07-2011,1,2,4,970,407.4,4287.4,e-Shop,Footwear,Women
67341276287,273478,24-07-2011,10,3,5,1256,659.4,6939.4,TeleShop,Electronics,Audio and video
82421367337,272673,24-07-2011,3,2,4,717,301.14,3169.14,e-Shop,Footwear,Kids
83737058542,270244,24-07-2011,6,5,3,682,214.83,2260.83,Flagship store,Books,DIY
97045014249,271577,24-07-2011,3,2,3,1010,318.15,3348.15,e-Shop,Footwear,Kids
49770520536,269547,23-07-2011,4,4,1,637,66.885,703.885,Flagship store,Bags,Mens
27168992105,270914,23-07-2011,10,6,3,466,146.79,1544.79,e-Shop,Home and kitchen,Audio and video
17887528508,274305,23-07-2011,10,5,1,1300,136.5,1436.5,TeleShop,Books,Audio and video
27800422972,269768,23-07-2011,6,5,2,490,102.9,1082.9,TeleShop,Books,DIY
21269588634,274854,23-07-2011,2,6,4,558,234.36,2466.36,e-Shop,Home and kitchen,Furnishing
42748068902,271749,23-07-2011,3,5,-1,-543,57.015,-600.015,e-Shop,Books,Kids
31138895597,271629,23-07-2011,1,4,-4,-198,83.16,-875.16,TeleShop,Bags,Women
24634308868,269670,23-07-2011,12,6,5,1403,736.575,7751.575,Flagship store,Home and kitchen,Academic
57097087448,268645,23-07-2011,4,2,-4,-1085,455.7,-4795.7,e-Shop,Footwear,Mens
6034488889,271758,23-07-2011,3,1,2,1350,283.5,2983.5,e-Shop,Clothing,Kids
57263431044,275117,23-07-2011,4,3,2,1110,233.1,2453.1,e-Shop,Electronics,Mens
21026865538,274902,23-07-2011,1,2,4,843,354.06,3726.06,MBR,Footwear,Women
52961398877,269191,23-07-2011,12,5,4,844,354.48,3730.48,e-Shop,Books,Academic
48558490929,270086,23-07-2011,1,4,2,1365,286.65,3016.65,e-Shop,Bags,Women
34780485896,274136,23-07-2011,1,2,2,551,115.71,1217.71,e-Shop,Footwear,Women
30039520377,274488,23-07-2011,12,5,1,331,34.755,365.755,e-Shop,Books,Academic
98680579923,269192,23-07-2011,7,5,2,106,22.26,234.26,Flagship store,Books,Fiction
64161298000,275111,23-07-2011,1,2,3,627,197.505,2078.505,e-Shop,Footwear,Women
94989905375,271013,23-07-2011,12,6,4,1022,429.24,4517.24,e-Shop,Home and kitchen,Academic
4610013451,271281,22-07-2011,11,5,3,105,33.075,348.075,MBR,Books,Children
22538177913,266911,22-07-2011,11,6,-2,-1236,259.56,-2731.56,e-Shop,Home and kitchen,Children
28425412197,272627,22-07-2011,6,5,3,184,57.96,609.96,MBR,Books,DIY
54882296474,269316,22-07-2011,2,6,4,188,78.96,830.96,e-Shop,Home and kitchen,Furnishing
37736873302,272976,22-07-2011,2,6,2,1084,227.64,2395.64,e-Shop,Home and kitchen,Furnishing
7590062512,267579,22-07-2011,2,6,4,409,171.78,1807.78,e-Shop,Home and kitchen,Furnishing
30021184521,270803,22-07-2011,5,3,1,669,70.245,739.245,e-Shop,Electronics,Computers
38374377860,267985,22-07-2011,1,2,4,1405,590.1,6210.1,MBR,Footwear,Women
15447005056,268141,22-07-2011,10,6,5,1112,583.8,6143.8,e-Shop,Home and kitchen,Audio and video
25434319908,269016,22-07-2011,9,3,2,933,195.93,2061.93,e-Shop,Electronics,Cameras
30797355871,267500,22-07-2011,3,2,2,294,61.74,649.74,e-Shop,Footwear,Kids
71784968526,274176,22-07-2011,1,1,4,189,79.38,835.38,e-Shop,Clothing,Women
99231330677,270842,22-07-2011,3,5,1,530,55.65,585.65,TeleShop,Books,Kids
89794957213,271512,22-07-2011,7,5,2,1030,216.3,2276.3,TeleShop,Books,Fiction
86762676269,268107,22-07-2011,7,5,3,1009,317.835,3344.835,e-Shop,Books,Fiction
32648537341,267649,21-07-2011,11,6,2,1102,231.42,2435.42,e-Shop,Home and kitchen,Children
31280923970,267048,21-07-2011,11,5,4,848,356.16,3748.16,e-Shop,Books,Children
13421034766,269362,21-07-2011,6,5,1,902,94.71,996.71,Flagship store,Books,DIY
2633327897,269083,21-07-2011,5,3,1,1418,148.89,1566.89,TeleShop,Electronics,Computers
31457902938,267467,21-07-2011,4,4,-2,-601,126.21,-1328.21,e-Shop,Bags,Mens
4740965680,271617,21-07-2011,5,3,2,941,197.61,2079.61,e-Shop,Electronics,Computers
18796808132,268160,21-07-2011,6,5,2,317,66.57,700.57,TeleShop,Books,DIY
25208670684,275131,21-07-2011,7,5,1,356,37.38,393.38,TeleShop,Books,Fiction
60331619920,267500,21-07-2011,3,5,4,687,288.54,3036.54,TeleShop,Books,Kids
4335488984,273404,21-07-2011,12,5,1,317,33.285,350.285,MBR,Books,Academic
21833603502,267430,21-07-2011,3,5,5,691,362.775,3817.775,MBR,Books,Kids
36569429867,270297,21-07-2011,7,5,3,378,119.07,1253.07,e-Shop,Books,Fiction
80830930362,268930,21-07-2011,11,5,2,1478,310.38,3266.38,Flagship store,Books,Children
65633833316,274059,21-07-2011,10,6,2,200,42,442,TeleShop,Home and kitchen,Audio and video
71796374616,267400,21-07-2011,12,6,5,356,186.9,1966.9,TeleShop,Home and kitchen,Academic
84279380232,270976,21-07-2011,3,2,4,552,231.84,2439.84,MBR,Footwear,Kids
87085107991,269524,21-07-2011,4,3,4,464,194.88,2050.88,MBR,Electronics,Mens
89278318131,269692,21-07-2011,1,4,5,1018,534.45,5624.45,Flagship store,Bags,Women
73053878726,269703,21-07-2011,7,5,4,1293,543.06,5715.06,MBR,Books,Fiction
92931842862,270852,21-07-2011,4,1,-5,-1110,582.75,-6132.75,MBR,Clothing,Mens
25301425907,273447,20-07-2011,3,2,2,668,140.28,1476.28,e-Shop,Footwear,Kids
24075080522,269046,20-07-2011,6,5,1,1129,118.545,1247.545,Flagship store,Books,DIY
58218305141,269916,20-07-2011,12,6,3,921,290.115,3053.115,e-Shop,Home and kitchen,Academic
34764580226,269784,20-07-2011,1,4,1,1057,110.985,1167.985,Flagship store,Bags,Women
57938443737,271981,20-07-2011,7,5,5,701,368.025,3873.025,Flagship store,Books,Fiction
26128279603,272006,20-07-2011,11,6,3,1190,374.85,3944.85,e-Shop,Home and kitchen,Children
8710094459,272193,20-07-2011,3,2,3,1266,398.79,4196.79,e-Shop,Footwear,Kids
9444595709,272817,20-07-2011,6,5,2,1425,299.25,3149.25,e-Shop,Books,DIY
8746932604,274863,20-07-2011,11,6,2,703,147.63,1553.63,Flagship store,Home and kitchen,Children
94246345771,273930,20-07-2011,8,3,5,1130,593.25,6243.25,TeleShop,Electronics,Personal Appliances
72212877189,267560,20-07-2011,4,4,1,1343,141.015,1484.015,Flagship store,Bags,Mens
77763351675,268908,20-07-2011,4,1,1,975,102.375,1077.375,e-Shop,Clothing,Mens
68817428621,271461,20-07-2011,3,2,2,1293,271.53,2857.53,e-Shop,Footwear,Kids
82066006253,269501,20-07-2011,3,1,5,1035,543.375,5718.375,e-Shop,Clothing,Kids
70916383161,266960,20-07-2011,4,4,4,245,102.9,1082.9,TeleShop,Bags,Mens
85689089519,272416,20-07-2011,4,2,1,1402,147.21,1549.21,e-Shop,Footwear,Mens
56489306111,272417,19-07-2011,2,6,3,421,132.615,1395.615,MBR,Home and kitchen,Furnishing
5304331281,273903,19-07-2011,8,3,3,212,66.78,702.78,Flagship store,Electronics,Personal Appliances
16282966224,270825,19-07-2011,10,5,3,476,149.94,1577.94,TeleShop,Books,Audio and video
11065779960,274055,19-07-2011,4,4,5,1499,786.975,8281.975,MBR,Bags,Mens
61615412982,273936,19-07-2011,4,1,1,167,17.535,184.535,Flagship store,Clothing,Mens
41082377886,274559,19-07-2011,3,2,-4,-104,43.68,-459.68,Flagship store,Footwear,Kids
42606496496,271518,19-07-2011,4,1,2,738,154.98,1630.98,Flagship store,Clothing,Mens
7345732336,268829,19-07-2011,5,3,-2,-1130,237.3,-2497.3,MBR,Electronics,Computers
8066372693,268504,19-07-2011,12,5,4,472,198.24,2086.24,e-Shop,Books,Academic
40983747836,273331,19-07-2011,4,2,5,822,431.55,4541.55,TeleShop,Footwear,Mens
20121984704,272508,19-07-2011,5,3,4,504,211.68,2227.68,TeleShop,Electronics,Computers
34817961339,271936,19-07-2011,4,1,-4,-818,343.56,-3615.56,e-Shop,Clothing,Mens
78186324288,270164,19-07-2011,11,5,3,441,138.915,1461.915,e-Shop,Books,Children
69388905787,270895,19-07-2011,1,1,1,984,103.32,1087.32,e-Shop,Clothing,Women
78247648137,269440,19-07-2011,11,6,3,1006,316.89,3334.89,TeleShop,Home and kitchen,Children
63237848279,274526,19-07-2011,1,1,4,307,128.94,1356.94,Flagship store,Clothing,Women
91180640516,270140,19-07-2011,4,1,1,99,10.395,109.395,TeleShop,Clothing,Mens
95636816466,273205,19-07-2011,7,5,4,1126,472.92,4976.92,Flagship store,Books,Fiction
68561603574,269327,19-07-2011,2,6,4,260,109.2,1149.2,TeleShop,Home and kitchen,Furnishing
73835087157,268364,19-07-2011,8,3,2,1009,211.89,2229.89,MBR,Electronics,Personal Appliances
94361605619,269471,19-07-2011,10,6,1,1046,109.83,1155.83,MBR,Home and kitchen,Audio and video
92931842862,270852,19-07-2011,4,1,5,1110,582.75,6132.75,MBR,Clothing,Mens
75968485188,270391,19-07-2011,2,6,4,1003,421.26,4433.26,MBR,Home and kitchen,Furnishing
47064056024,266827,18-07-2011,1,4,1,1466,153.93,1619.93,e-Shop,Bags,Women
42748068902,271749,18-07-2011,3,5,-1,-543,57.015,-600.015,e-Shop,Books,Kids
61678147923,269968,18-07-2011,3,1,4,894,375.48,3951.48,MBR,Clothing,Kids
23557461747,268445,18-07-2011,3,5,2,257,53.97,567.97,MBR,Books,Kids
59744839508,274647,18-07-2011,8,3,1,940,98.7,1038.7,MBR,Electronics,Personal Appliances
29140675311,273882,18-07-2011,4,2,3,712,224.28,2360.28,MBR,Footwear,Mens
26351551531,273795,18-07-2011,4,4,1,1181,124.005,1305.005,e-Shop,Bags,Mens
59553132472,272145,18-07-2011,5,3,5,1129,592.725,6237.725,TeleShop,Electronics,Computers
62417928167,267769,18-07-2011,1,1,1,827,86.835,913.835,e-Shop,Clothing,Women
57097087448,268645,18-07-2011,4,2,4,1085,455.7,4795.7,e-Shop,Footwear,Mens
36565324235,272042,18-07-2011,10,6,4,726,304.92,3208.92,Flagship store,Home and kitchen,Audio and video
39112282417,273767,18-07-2011,11,5,4,1069,448.98,4724.98,Flagship store,Books,Children
8184660834,269783,18-07-2011,11,6,5,639,335.475,3530.475,e-Shop,Home and kitchen,Children
1247546663,268612,18-07-2011,10,3,2,631,132.51,1394.51,MBR,Electronics,Audio and video
6153908769,269958,18-07-2011,3,5,2,819,171.99,1809.99,MBR,Books,Kids
62918735034,274315,18-07-2011,3,2,4,320,134.4,1414.4,e-Shop,Footwear,Kids
26276090001,272949,18-07-2011,10,5,2,912,191.52,2015.52,MBR,Books,Audio and video
43516256519,269453,18-07-2011,1,4,1,677,71.085,748.085,MBR,Bags,Women
93140632189,270641,18-07-2011,4,3,3,900,283.5,2983.5,e-Shop,Electronics,Mens
80153982409,272796,18-07-2011,2,6,2,115,24.15,254.15,e-Shop,Home and kitchen,Furnishing
17943944078,270396,17-07-2011,12,5,5,897,470.925,4955.925,MBR,Books,Academic
57763637198,274628,17-07-2011,1,2,4,146,61.32,645.32,e-Shop,Footwear,Women
19590351954,275036,17-07-2011,8,3,1,90,9.45,99.45,TeleShop,Electronics,Personal Appliances
53018845293,270633,17-07-2011,2,6,5,300,157.5,1657.5,e-Shop,Home and kitchen,Furnishing
19345339733,275017,17-07-2011,4,4,4,1208,507.36,5339.36,e-Shop,Bags,Mens
38912806646,274822,17-07-2011,2,6,3,217,68.355,719.355,Flagship store,Home and kitchen,Furnishing
31138895597,271629,17-07-2011,1,4,4,198,83.16,875.16,TeleShop,Bags,Women
57495864524,271447,17-07-2011,11,5,2,1055,221.55,2331.55,MBR,Books,Children
59871866214,270864,17-07-2011,3,2,1,1303,136.815,1439.815,MBR,Footwear,Kids
14381535428,274023,17-07-2011,11,5,1,928,97.44,1025.44,Flagship store,Books,Children
37934214034,269257,17-07-2011,10,5,5,610,320.25,3370.25,MBR,Books,Audio and video
15860178181,273381,17-07-2011,4,3,4,832,349.44,3677.44,Flagship store,Electronics,Mens
24465770712,269541,17-07-2011,6,5,2,744,156.24,1644.24,e-Shop,Books,DIY
51954535628,274572,17-07-2011,11,5,1,886,93.03,979.03,e-Shop,Books,Children
27504751931,272500,17-07-2011,3,5,3,1466,461.79,4859.79,e-Shop,Books,Kids
95820036846,274450,17-07-2011,3,1,3,886,279.09,2937.09,e-Shop,Clothing,Kids
63335615723,273795,17-07-2011,3,5,1,628,65.94,693.94,e-Shop,Books,Kids
93712197376,268819,17-07-2011,2,6,4,336,141.12,1485.12,e-Shop,Home and kitchen,Furnishing
82042234285,273551,17-07-2011,1,4,5,630,330.75,3480.75,TeleShop,Bags,Women
92394870373,270072,17-07-2011,1,1,-4,-91,38.22,-402.22,e-Shop,Clothing,Women
74526980587,270961,17-07-2011,3,2,2,722,151.62,1595.62,TeleShop,Footwear,Kids
75347651420,270535,17-07-2011,11,6,2,1063,223.23,2349.23,MBR,Home and kitchen,Children
70775012099,268255,17-07-2011,4,4,5,597,313.425,3298.425,TeleShop,Bags,Mens
64955981033,269401,17-07-2011,3,1,4,104,43.68,459.68,MBR,Clothing,Kids
94369150270,272129,17-07-2011,1,1,-5,-1109,582.225,-6127.225,Flagship store,Clothing,Women
79819115431,269356,17-07-2011,5,3,5,696,365.4,3845.4,e-Shop,Electronics,Computers
29164668273,274350,16-07-2011,10,3,1,466,48.93,514.93,e-Shop,Electronics,Audio and video
47992541849,269697,16-07-2011,12,5,-1,-886,93.03,-979.03,e-Shop,Books,Academic
31710639484,267228,16-07-2011,10,5,2,453,95.13,1001.13,TeleShop,Books,Audio and video
3067210208,274582,16-07-2011,1,4,2,1161,243.81,2565.81,Flagship store,Bags,Women
57637171435,273637,16-07-2011,4,4,2,142,29.82,313.82,Flagship store,Bags,Mens
30666176550,271714,16-07-2011,7,5,1,446,46.83,492.83,e-Shop,Books,Fiction
56459778735,274808,16-07-2011,8,3,4,91,38.22,402.22,Flagship store,Electronics,Personal Appliances
9726609971,271398,16-07-2011,10,5,2,498,104.58,1100.58,TeleShop,Books,Audio and video
53723713266,272740,16-07-2011,1,1,-1,-1245,130.725,-1375.725,MBR,Clothing,Women
26364529024,268538,16-07-2011,10,3,5,1336,701.4,7381.4,MBR,Electronics,Audio and video
7056452458,267322,16-07-2011,10,6,3,1287,405.405,4266.405,e-Shop,Home and kitchen,Audio and video
268218855,272634,16-07-2011,4,4,5,1129,592.725,6237.725,TeleShop,Bags,Mens
9793111817,268566,16-07-2011,11,5,1,794,83.37,877.37,Flagship store,Books,Children
13290839675,269818,16-07-2011,1,2,5,202,106.05,1116.05,e-Shop,Footwear,Women
40074177420,272375,16-07-2011,3,5,5,1040,546,5746,Flagship store,Books,Kids
4337548606,271198,16-07-2011,1,1,2,1162,244.02,2568.02,e-Shop,Clothing,Women
18504330709,272495,16-07-2011,2,6,-3,-1197,377.055,-3968.055,e-Shop,Home and kitchen,Furnishing
16368720951,271604,16-07-2011,8,3,1,480,50.4,530.4,e-Shop,Electronics,Personal Appliances
83078842616,269498,16-07-2011,4,3,3,418,131.67,1385.67,e-Shop,Electronics,Mens
94025765618,272858,16-07-2011,11,5,1,314,32.97,346.97,MBR,Books,Children
68487525580,271784,16-07-2011,11,6,1,259,27.195,286.195,e-Shop,Home and kitchen,Children
76172311390,267255,16-07-2011,3,2,5,770,404.25,4254.25,TeleShop,Footwear,Kids
65255895846,273829,16-07-2011,9,3,5,198,103.95,1093.95,e-Shop,Electronics,Cameras
91017355007,267256,16-07-2011,10,6,5,1121,588.525,6193.525,e-Shop,Home and kitchen,Audio and video
79357750063,267034,16-07-2011,12,6,4,565,237.3,2497.3,e-Shop,Home and kitchen,Academic
89252562361,273891,16-07-2011,4,3,3,1266,398.79,4196.79,Flagship store,Electronics,Mens
77550979317,270935,16-07-2011,6,5,5,668,350.7,3690.7,TeleShop,Books,DIY
53723713266,272740,15-07-2011,1,1,1,1245,130.725,1375.725,MBR,Clothing,Women
49500323408,274738,15-07-2011,2,6,4,570,239.4,2519.4,MBR,Home and kitchen,Furnishing
7802058896,274122,15-07-2011,6,5,2,521,109.41,1151.41,e-Shop,Books,DIY
34817961339,271936,15-07-2011,4,1,4,818,343.56,3615.56,e-Shop,Clothing,Mens
41082377886,274559,15-07-2011,3,2,4,104,43.68,459.68,Flagship store,Footwear,Kids
22730190959,273602,15-07-2011,10,3,5,763,400.575,4215.575,TeleShop,Electronics,Audio and video
42748068902,271749,15-07-2011,3,5,1,543,57.015,600.015,e-Shop,Books,Kids
16803239459,270168,15-07-2011,3,2,1,1088,114.24,1202.24,e-Shop,Footwear,Kids
13458006104,267782,15-07-2011,12,6,2,1450,304.5,3204.5,Flagship store,Home and kitchen,Academic
14841285754,270958,15-07-2011,10,5,2,391,82.11,864.11,Flagship store,Books,Audio and video
7345732336,268829,15-07-2011,5,3,2,1130,237.3,2497.3,MBR,Electronics,Computers
35152160615,267366,15-07-2011,3,5,3,188,59.22,623.22,MBR,Books,Kids
43869858116,273498,15-07-2011,3,2,-5,-1262,662.55,-6972.55,e-Shop,Footwear,Kids
39795680971,267891,15-07-2011,2,6,1,834,87.57,921.57,Flagship store,Home and kitchen,Furnishing
31380443330,274505,15-07-2011,1,4,5,1312,688.8,7248.8,e-Shop,Bags,Women
3387244829,269114,15-07-2011,4,4,1,388,40.74,428.74,e-Shop,Bags,Mens
51042565938,269717,15-07-2011,4,4,1,1470,154.35,1624.35,MBR,Bags,Mens
6571230482,270020,15-07-2011,9,3,-1,-1315,138.075,-1453.075,TeleShop,Electronics,Cameras
99397950827,267498,15-07-2011,12,6,4,285,119.7,1259.7,MBR,Home and kitchen,Academic
93551319684,273950,15-07-2011,12,6,2,720,151.2,1591.2,TeleShop,Home and kitchen,Academic
79896608041,271205,15-07-2011,8,3,3,1310,412.65,4342.65,TeleShop,Electronics,Personal Appliances
93997188989,271689,15-07-2011,1,4,-1,-250,26.25,-276.25,Flagship store,Bags,Women
72771575713,271051,15-07-2011,4,1,1,1267,133.035,1400.035,e-Shop,Clothing,Mens
17356040202,269812,14-07-2011,3,5,5,752,394.8,4154.8,e-Shop,Books,Kids
39578452941,275202,14-07-2011,12,6,2,210,44.1,464.1,e-Shop,Home and kitchen,Academic
61548262177,270216,14-07-2011,3,1,3,835,263.025,2768.025,TeleShop,Clothing,Kids
24482750334,268515,14-07-2011,1,4,5,834,437.85,4607.85,Flagship store,Bags,Women
14311576876,271427,14-07-2011,3,2,1,669,70.245,739.245,e-Shop,Footwear,Kids
28553175901,271019,14-07-2011,3,2,1,747,78.435,825.435,e-Shop,Footwear,Kids
57591058747,275054,14-07-2011,11,6,4,106,44.52,468.52,e-Shop,Home and kitchen,Children
57851532297,268434,14-07-2011,4,1,4,450,189,1989,TeleShop,Clothing,Mens
46959667483,273171,14-07-2011,10,5,1,535,56.175,591.175,MBR,Books,Audio and video
33924693394,268800,14-07-2011,3,5,1,355,37.275,392.275,e-Shop,Books,Kids
25188673247,269520,14-07-2011,6,5,1,924,97.02,1021.02,Flagship store,Books,DIY
73975220486,269830,14-07-2011,1,2,1,227,23.835,250.835,TeleShop,Footwear,Women
80442013679,268261,14-07-2011,8,3,2,88,18.48,194.48,TeleShop,Electronics,Personal Appliances
78531093747,274630,14-07-2011,9,3,5,653,342.825,3607.825,Flagship store,Electronics,Cameras
64738581924,274210,14-07-2011,1,2,5,1155,606.375,6381.375,e-Shop,Footwear,Women
23676917609,272371,13-07-2011,10,3,2,329,69.09,727.09,TeleShop,Electronics,Audio and video
48309126308,272839,13-07-2011,1,2,4,394,165.48,1741.48,e-Shop,Footwear,Women
55662654867,267948,13-07-2011,4,4,1,931,97.755,1028.755,Flagship store,Bags,Mens
43962341567,269181,13-07-2011,4,4,-3,-987,310.905,-3271.905,MBR,Bags,Mens
57094906216,272365,13-07-2011,2,6,5,117,61.425,646.425,e-Shop,Home and kitchen,Furnishing
60189792625,272371,13-07-2011,11,5,5,455,238.875,2513.875,e-Shop,Books,Children
38892993786,269547,13-07-2011,8,3,5,480,252,2652,e-Shop,Electronics,Personal Appliances
30124150418,269747,13-07-2011,1,1,2,1080,226.8,2386.8,Flagship store,Clothing,Women
25920093085,272842,13-07-2011,10,3,2,163,34.23,360.23,TeleShop,Electronics,Audio and video
43008478923,273959,13-07-2011,10,6,5,689,361.725,3806.725,e-Shop,Home and kitchen,Audio and video
31457902938,267467,13-07-2011,4,4,2,601,126.21,1328.21,e-Shop,Bags,Mens
50949440858,269286,13-07-2011,7,5,1,1098,115.29,1213.29,e-Shop,Books,Fiction
22434150539,268412,13-07-2011,3,5,5,1356,711.9,7491.9,e-Shop,Books,Kids
29101383298,268317,13-07-2011,12,6,5,708,371.7,3911.7,MBR,Home and kitchen,Academic
1498724945,267538,13-07-2011,1,2,-1,-1210,127.05,-1337.05,TeleShop,Footwear,Women
44128995957,268068,13-07-2011,3,2,4,111,46.62,490.62,MBR,Footwear,Kids
48069924821,269453,13-07-2011,4,4,2,1100,231,2431,Flagship store,Bags,Mens
28452867214,270576,13-07-2011,10,5,5,1356,711.9,7491.9,TeleShop,Books,Audio and video
39228219583,269499,13-07-2011,1,4,2,531,111.51,1173.51,e-Shop,Bags,Women
36433916041,273290,13-07-2011,10,5,4,156,65.52,689.52,TeleShop,Books,Audio and video
4298120400,268486,13-07-2011,5,3,-5,-526,276.15,-2906.15,MBR,Electronics,Computers
47992541849,269697,13-07-2011,12,5,-1,-886,93.03,-979.03,e-Shop,Books,Academic
2785600708,274110,13-07-2011,4,4,1,1292,135.66,1427.66,TeleShop,Bags,Mens
87234715785,272640,13-07-2011,6,5,1,1370,143.85,1513.85,Flagship store,Books,DIY
64445928757,274913,13-07-2011,12,6,-2,-1014,212.94,-2240.94,e-Shop,Home and kitchen,Academic
91842875527,269100,13-07-2011,4,1,5,691,362.775,3817.775,MBR,Clothing,Mens
90031939670,270303,13-07-2011,8,3,4,281,118.02,1242.02,TeleShop,Electronics,Personal Appliances
90994198091,272568,13-07-2011,11,6,2,1350,283.5,2983.5,TeleShop,Home and kitchen,Children
96861498075,267859,13-07-2011,10,6,2,1378,289.38,3045.38,e-Shop,Home and kitchen,Audio and video
82919520858,272915,13-07-2011,12,5,1,1096,115.08,1211.08,TeleShop,Books,Academic
93997188989,271689,13-07-2011,1,4,1,250,26.25,276.25,Flagship store,Bags,Women
88578153315,266818,13-07-2011,5,3,1,1171,122.955,1293.955,MBR,Electronics,Computers
72750029449,275010,13-07-2011,12,5,4,118,49.56,521.56,e-Shop,Books,Academic
65300490754,269791,13-07-2011,1,2,2,1406,295.26,3107.26,MBR,Footwear,Women
95072896426,271092,13-07-2011,12,6,-3,-1481,466.515,-4909.515,e-Shop,Home and kitchen,Academic
43869858116,273498,12/7/2011,3,2,-5,-1262,662.55,-6972.55,e-Shop,Footwear,Kids
45739067607,273226,12/7/2011,8,3,4,521,218.82,2302.82,e-Shop,Electronics,Personal Appliances
51208668945,271172,12/7/2011,4,2,-3,-104,32.76,-344.76,TeleShop,Footwear,Mens
54628156377,275016,12/7/2011,8,3,2,1348,283.08,2979.08,MBR,Electronics,Personal Appliances
18504330709,272495,12/7/2011,2,6,3,1197,377.055,3968.055,e-Shop,Home and kitchen,Furnishing
60385916676,272262,12/7/2011,5,3,5,521,273.525,2878.525,Flagship store,Electronics,Computers
29431702648,273600,12/7/2011,8,3,-2,-661,138.81,-1460.81,TeleShop,Electronics,Personal Appliances
401206255,268767,12/7/2011,4,2,5,182,95.55,1005.55,Flagship store,Footwear,Mens
16688203936,268408,12/7/2011,10,6,5,777,407.925,4292.925,Flagship store,Home and kitchen,Audio and video
35944918346,272081,12/7/2011,3,1,4,978,410.76,4322.76,TeleShop,Clothing,Kids
15461711444,266843,12/7/2011,11,6,5,670,351.75,3701.75,Flagship store,Home and kitchen,Children
52722224878,269758,12/7/2011,10,5,-2,-882,185.22,-1949.22,MBR,Books,Audio and video
16482280355,272483,12/7/2011,7,5,2,1334,280.14,2948.14,e-Shop,Books,Fiction
17622072524,269205,12/7/2011,7,5,4,1037,435.54,4583.54,Flagship store,Books,Fiction
26267450821,269304,12/7/2011,8,3,4,1141,479.22,5043.22,e-Shop,Electronics,Personal Appliances
22538177913,266911,12/7/2011,11,6,2,1236,259.56,2731.56,e-Shop,Home and kitchen,Children
44361145191,273756,12/7/2011,10,5,2,1306,274.26,2886.26,e-Shop,Books,Audio and video
35988080369,270647,12/7/2011,9,3,1,246,25.83,271.83,Flagship store,Electronics,Cameras
94540882671,274937,12/7/2011,12,5,3,536,168.84,1776.84,TeleShop,Books,Academic
65140091078,272353,12/7/2011,4,3,1,82,8.61,90.61,TeleShop,Electronics,Mens
95072896426,271092,12/7/2011,12,6,3,1481,466.515,4909.515,e-Shop,Home and kitchen,Academic
77311041399,268346,12/7/2011,1,4,1,739,77.595,816.595,TeleShop,Bags,Women
66469549063,268334,12/7/2011,11,6,4,376,157.92,1661.92,Flagship store,Home and kitchen,Children
97951637243,275221,12/7/2011,6,5,2,761,159.81,1681.81,MBR,Books,DIY
88625489707,273785,12/7/2011,4,1,1,1269,133.245,1402.245,TeleShop,Clothing,Mens
80633249807,267940,12/7/2011,3,5,4,1103,463.26,4875.26,TeleShop,Books,Kids
50265391244,269181,11/7/2011,1,2,3,559,176.085,1853.085,e-Shop,Footwear,Women
28400663785,267797,11/7/2011,9,3,4,1132,475.44,5003.44,e-Shop,Electronics,Cameras
41749598757,273140,11/7/2011,1,4,4,309,129.78,1365.78,Flagship store,Bags,Women
39962527356,275170,11/7/2011,2,6,4,512,215.04,2263.04,MBR,Home and kitchen,Furnishing
7064983763,267067,11/7/2011,3,1,5,1235,648.375,6823.375,e-Shop,Clothing,Kids
12760885575,274107,11/7/2011,1,2,4,1296,544.32,5728.32,e-Shop,Footwear,Women
34786711345,272902,11/7/2011,8,3,3,1388,437.22,4601.22,e-Shop,Electronics,Personal Appliances
3007687199,271116,11/7/2011,11,5,-4,-552,231.84,-2439.84,MBR,Books,Children
40708735414,270455,11/7/2011,7,5,3,345,108.675,1143.675,MBR,Books,Fiction
58453028692,269447,11/7/2011,11,6,2,256,53.76,565.76,e-Shop,Home and kitchen,Children
5154792559,274231,11/7/2011,12,6,5,305,160.125,1685.125,TeleShop,Home and kitchen,Academic
96999743779,269633,11/7/2011,1,4,3,325,102.375,1077.375,Flagship store,Bags,Women
74878422847,275051,11/7/2011,3,1,4,310,130.2,1370.2,TeleShop,Clothing,Kids
87378529943,271445,11/7/2011,1,2,2,845,177.45,1867.45,e-Shop,Footwear,Women
71156848038,267797,11/7/2011,3,1,3,877,276.255,2907.255,e-Shop,Clothing,Kids
94099616725,269161,11/7/2011,12,5,5,401,210.525,2215.525,TeleShop,Books,Academic
86265844527,273732,11/7/2011,3,1,5,1293,678.825,7143.825,TeleShop,Clothing,Kids
66019752585,274451,11/7/2011,3,1,4,214,89.88,945.88,MBR,Clothing,Kids
80796835946,269441,11/7/2011,1,1,-2,-414,86.94,-914.94,MBR,Clothing,Women
97465720844,270130,11/7/2011,2,6,3,938,295.47,3109.47,e-Shop,Home and kitchen,Furnishing
12676854188,270298,10/7/2011,8,3,5,905,475.125,5000.125,e-Shop,Electronics,Personal Appliances
26957463863,267598,10/7/2011,4,1,2,997,209.37,2203.37,TeleShop,Clothing,Mens
27277900932,266809,10/7/2011,3,1,5,1013,531.825,5596.825,TeleShop,Clothing,Kids
13179967104,274861,10/7/2011,10,6,-3,-633,199.395,-2098.395,e-Shop,Home and kitchen,Audio and video
45394826246,273453,10/7/2011,3,2,4,833,349.86,3681.86,e-Shop,Footwear,Kids
47698280946,267222,10/7/2011,12,6,1,120,12.6,132.6,e-Shop,Home and kitchen,Academic
807757679,270505,10/7/2011,10,5,2,105,22.05,232.05,MBR,Books,Audio and video
3003852142,271091,10/7/2011,4,1,1,557,58.485,615.485,e-Shop,Clothing,Mens
3007687199,271116,10/7/2011,11,5,4,552,231.84,2439.84,MBR,Books,Children
11063002382,268780,10/7/2011,3,2,-2,-1227,257.67,-2711.67,e-Shop,Footwear,Kids
9546641666,273886,10/7/2011,5,3,3,515,162.225,1707.225,e-Shop,Electronics,Computers
46264881044,272546,10/7/2011,4,3,3,594,187.11,1969.11,MBR,Electronics,Mens
99707557590,270594,10/7/2011,7,5,4,297,124.74,1312.74,e-Shop,Books,Fiction
65016227837,273446,10/7/2011,1,4,2,371,77.91,819.91,TeleShop,Bags,Women
97338411840,272768,10/7/2011,2,6,1,245,25.725,270.725,MBR,Home and kitchen,Furnishing
96657012557,272380,10/7/2011,12,6,-3,-432,136.08,-1432.08,e-Shop,Home and kitchen,Academic
94745579478,274975,10/7/2011,1,4,2,387,81.27,855.27,TeleShop,Bags,Women
82978335567,267629,10/7/2011,1,1,5,948,497.7,5237.7,TeleShop,Clothing,Women
66412686285,273140,10/7/2011,1,2,4,997,418.74,4406.74,MBR,Footwear,Women
48140795930,273017,9/7/2011,9,3,5,883,463.575,4878.575,Flagship store,Electronics,Cameras
34737113200,272796,9/7/2011,11,6,3,993,312.795,3291.795,TeleShop,Home and kitchen,Children
34464364865,267090,9/7/2011,1,1,5,1083,568.575,5983.575,Flagship store,Clothing,Women
34425626782,269145,9/7/2011,12,6,3,1354,426.51,4488.51,e-Shop,Home and kitchen,Academic
30509703887,270976,9/7/2011,2,6,5,935,490.875,5165.875,Flagship store,Home and kitchen,Furnishing
57936611147,273705,9/7/2011,11,6,1,1181,124.005,1305.005,TeleShop,Home and kitchen,Children
7585347948,266922,9/7/2011,2,6,1,1464,153.72,1617.72,e-Shop,Home and kitchen,Furnishing
47970117972,267216,9/7/2011,10,6,4,511,214.62,2258.62,e-Shop,Home and kitchen,Audio and video
38995197229,274148,9/7/2011,5,3,5,1373,720.825,7585.825,e-Shop,Electronics,Computers
62209596511,275062,9/7/2011,4,2,3,733,230.895,2429.895,e-Shop,Footwear,Mens
31921749918,272551,9/7/2011,1,1,4,787,330.54,3478.54,e-Shop,Clothing,Women
56755120433,273016,9/7/2011,6,5,3,1201,378.315,3981.315,Flagship store,Books,DIY
43869858116,273498,9/7/2011,3,2,5,1262,662.55,6972.55,e-Shop,Footwear,Kids
97063839362,273644,9/7/2011,10,6,5,512,268.8,2828.8,TeleShop,Home and kitchen,Audio and video
64269926799,268129,9/7/2011,4,2,2,444,93.24,981.24,e-Shop,Footwear,Mens
51276224652,270031,8/7/2011,11,6,3,572,180.18,1896.18,e-Shop,Home and kitchen,Children
37335606629,271410,8/7/2011,11,5,1,497,52.185,549.185,e-Shop,Books,Children
37422468703,274348,8/7/2011,10,3,4,121,50.82,534.82,e-Shop,Electronics,Audio and video
52061171953,273862,8/7/2011,7,5,5,190,99.75,1049.75,MBR,Books,Fiction
40881632789,267655,8/7/2011,12,6,2,1321,277.41,2919.41,TeleShop,Home and kitchen,Academic
28723902394,273631,8/7/2011,2,6,5,332,174.3,1834.3,TeleShop,Home and kitchen,Furnishing
52365402695,270758,8/7/2011,12,5,5,79,41.475,436.475,e-Shop,Books,Academic
56325142665,267169,8/7/2011,12,6,2,1464,307.44,3235.44,e-Shop,Home and kitchen,Academic
31803310957,268994,8/7/2011,2,6,5,271,142.275,1497.275,e-Shop,Home and kitchen,Furnishing
5419035611,267269,8/7/2011,3,2,-2,-647,135.87,-1429.87,e-Shop,Footwear,Kids
8786550801,270661,8/7/2011,8,3,5,1325,695.625,7320.625,Flagship store,Electronics,Personal Appliances
30433217453,267379,8/7/2011,4,2,5,889,466.725,4911.725,TeleShop,Footwear,Mens
13764093385,269094,8/7/2011,5,3,1,152,15.96,167.96,Flagship store,Electronics,Computers
92394870373,270072,8/7/2011,1,1,4,91,38.22,402.22,e-Shop,Clothing,Women
74293529471,270921,8/7/2011,2,6,5,1354,710.85,7480.85,Flagship store,Home and kitchen,Furnishing
92204084589,269307,8/7/2011,5,3,-2,-814,170.94,-1798.94,MBR,Electronics,Computers
90776914428,269747,8/7/2011,12,5,4,647,271.74,2859.74,e-Shop,Books,Academic
94369150270,272129,8/7/2011,1,1,5,1109,582.225,6127.225,Flagship store,Clothing,Women
86838252620,267656,8/7/2011,11,6,1,348,36.54,384.54,e-Shop,Home and kitchen,Children
93403548133,274092,8/7/2011,12,5,1,520,54.6,574.6,e-Shop,Books,Academic
86637706712,270326,8/7/2011,1,2,2,1352,283.92,2987.92,e-Shop,Footwear,Women
64516958314,275030,8/7/2011,6,5,2,1229,258.09,2716.09,Flagship store,Books,DIY
4260997050,271379,7/7/2011,3,2,3,923,290.745,3059.745,e-Shop,Footwear,Kids
20175278396,266843,7/7/2011,3,2,1,175,18.375,193.375,Flagship store,Footwear,Kids
14164736219,269440,7/7/2011,3,5,1,731,76.755,807.755,TeleShop,Books,Kids
10388864358,267668,7/7/2011,10,6,5,817,428.925,4513.925,TeleShop,Home and kitchen,Audio and video
54740033105,271399,7/7/2011,5,3,3,1163,366.345,3855.345,e-Shop,Electronics,Computers
47992541849,269697,7/7/2011,12,5,1,886,93.03,979.03,e-Shop,Books,Academic
50077607425,270462,7/7/2011,4,4,1,1055,110.775,1165.775,e-Shop,Bags,Mens
46127953553,273774,7/7/2011,1,1,1,575,60.375,635.375,MBR,Clothing,Women
23778103439,274900,7/7/2011,4,1,1,733,76.965,809.965,e-Shop,Clothing,Mens
54028620517,274022,7/7/2011,8,3,4,537,225.54,2373.54,e-Shop,Electronics,Personal Appliances
4298120400,268486,7/7/2011,5,3,5,526,276.15,2906.15,MBR,Electronics,Computers
47179423165,270872,7/7/2011,12,5,4,1153,484.26,5096.26,TeleShop,Books,Academic
17564185522,267327,7/7/2011,5,3,1,530,55.65,585.65,e-Shop,Electronics,Computers
43795510854,267940,7/7/2011,1,2,-1,-861,90.405,-951.405,MBR,Footwear,Women
80511692281,272656,7/7/2011,5,3,1,1457,152.985,1609.985,TeleShop,Electronics,Computers
74467020942,267700,7/7/2011,4,1,3,420,132.3,1392.3,TeleShop,Clothing,Mens
84011932277,270631,7/7/2011,4,3,3,1120,352.8,3712.8,e-Shop,Electronics,Mens
70906930707,267693,7/7/2011,7,5,-3,-1096,345.24,-3633.24,e-Shop,Books,Fiction
94134051896,269626,7/7/2011,3,1,3,1078,339.57,3573.57,MBR,Clothing,Kids
83432480710,268108,7/7/2011,1,2,2,1142,239.82,2523.82,MBR,Footwear,Women
73321300480,273562,7/7/2011,7,5,-2,-136,28.56,-300.56,TeleShop,Books,Fiction
28384340390,275007,6/7/2011,4,1,3,1000,315,3315,MBR,Clothing,Mens
4613493913,267524,6/7/2011,8,3,5,991,520.275,5475.275,TeleShop,Electronics,Personal Appliances
2998192882,267914,6/7/2011,3,2,1,1473,154.665,1627.665,e-Shop,Footwear,Kids
57925843329,274114,6/7/2011,3,1,5,574,301.35,3171.35,TeleShop,Clothing,Kids
52722224878,269758,6/7/2011,10,5,2,882,185.22,1949.22,MBR,Books,Audio and video
5191164007,272417,6/7/2011,4,2,4,773,324.66,3416.66,e-Shop,Footwear,Mens
27358187765,270831,6/7/2011,1,1,4,130,54.6,574.6,Flagship store,Clothing,Women
1498724945,267538,6/7/2011,1,2,1,1210,127.05,1337.05,TeleShop,Footwear,Women
52524248747,273504,6/7/2011,3,5,5,881,462.525,4867.525,MBR,Books,Kids
11505230183,269124,6/7/2011,8,3,5,1067,560.175,5895.175,MBR,Electronics,Personal Appliances
14815772933,267724,6/7/2011,10,3,5,1153,605.325,6370.325,MBR,Electronics,Audio and video
97656619113,272498,6/7/2011,4,3,4,1311,550.62,5794.62,e-Shop,Electronics,Mens
98298540230,270245,6/7/2011,4,3,3,462,145.53,1531.53,Flagship store,Electronics,Mens
92957087258,267952,6/7/2011,8,3,5,1383,726.075,7641.075,Flagship store,Electronics,Personal Appliances
98527253572,272921,6/7/2011,4,2,5,1243,652.575,6867.575,Flagship store,Footwear,Mens
67696354067,272475,6/7/2011,1,2,-2,-931,195.51,-2057.51,MBR,Footwear,Women
76478705181,267552,6/7/2011,8,3,4,1145,480.9,5060.9,MBR,Electronics,Personal Appliances
82396921844,267842,6/7/2011,12,6,4,102,42.84,450.84,Flagship store,Home and kitchen,Academic
79430394976,267379,6/7/2011,11,5,3,1388,437.22,4601.22,e-Shop,Books,Children
38035050023,272639,5/7/2011,1,1,4,1195,501.9,5281.9,Flagship store,Clothing,Women
34025353296,271112,5/7/2011,3,5,4,1019,427.98,4503.98,Flagship store,Books,Kids
17146465225,269595,5/7/2011,4,1,-4,-945,396.9,-4176.9,Flagship store,Clothing,Mens
17673718758,269845,5/7/2011,1,1,5,301,158.025,1663.025,e-Shop,Clothing,Women
19828684259,271726,5/7/2011,8,3,3,651,205.065,2158.065,TeleShop,Electronics,Personal Appliances
51208668945,271172,5/7/2011,4,2,3,104,32.76,344.76,TeleShop,Footwear,Mens
13955591625,273572,5/7/2011,9,3,1,570,59.85,629.85,e-Shop,Electronics,Cameras
44079160172,274842,5/7/2011,4,3,1,909,95.445,1004.445,MBR,Electronics,Mens
14711650894,271424,5/7/2011,1,4,3,1116,351.54,3699.54,Flagship store,Bags,Women
6571230482,270020,5/7/2011,9,3,1,1315,138.075,1453.075,TeleShop,Electronics,Cameras
51767798119,274129,5/7/2011,1,2,4,374,157.08,1653.08,e-Shop,Footwear,Women
62277166018,270777,5/7/2011,10,3,5,721,378.525,3983.525,e-Shop,Electronics,Audio and video
53140625602,274481,5/7/2011,11,6,1,1097,115.185,1212.185,e-Shop,Home and kitchen,Children
29431702648,273600,5/7/2011,8,3,2,661,138.81,1460.81,TeleShop,Electronics,Personal Appliances
59848831585,272636,5/7/2011,4,2,5,1002,526.05,5536.05,e-Shop,Footwear,Mens
86444086291,270439,5/7/2011,1,4,5,1109,582.225,6127.225,Flagship store,Bags,Women
73549617163,271334,5/7/2011,4,4,5,263,138.075,1453.075,e-Shop,Bags,Mens
64445928757,274913,5/7/2011,12,6,2,1014,212.94,2240.94,e-Shop,Home and kitchen,Academic
83510840307,271596,5/7/2011,5,3,3,1104,347.76,3659.76,TeleShop,Electronics,Computers
70117714961,274227,5/7/2011,10,5,5,650,341.25,3591.25,e-Shop,Books,Audio and video
80200628598,271312,5/7/2011,12,5,5,162,85.05,895.05,e-Shop,Books,Academic
73321300480,273562,5/7/2011,7,5,2,136,28.56,300.56,TeleShop,Books,Fiction
82721324472,271770,5/7/2011,12,5,1,544,57.12,601.12,e-Shop,Books,Academic
65137124353,271192,5/7/2011,3,5,3,888,279.72,2943.72,TeleShop,Books,Kids
2515936216,275130,4/7/2011,4,4,3,483,152.145,1601.145,MBR,Bags,Mens
4512142147,270042,4/7/2011,4,2,2,929,195.09,2053.09,Flagship store,Footwear,Mens
16380756440,271674,4/7/2011,8,3,3,353,111.195,1170.195,e-Shop,Electronics,Personal Appliances
44678193037,268263,4/7/2011,10,3,3,923,290.745,3059.745,e-Shop,Electronics,Audio and video
62239147922,272627,4/7/2011,3,1,-4,-613,257.46,-2709.46,TeleShop,Clothing,Kids
16935640395,269134,4/7/2011,6,5,2,965,202.65,2132.65,e-Shop,Books,DIY
30631991156,272584,4/7/2011,3,5,5,932,489.3,5149.3,e-Shop,Books,Kids
50684145478,274377,4/7/2011,5,3,-1,-1490,156.45,-1646.45,e-Shop,Electronics,Computers
55461577737,273763,4/7/2011,11,6,4,279,117.18,1233.18,TeleShop,Home and kitchen,Children
12183159622,268972,4/7/2011,11,5,4,136,57.12,601.12,MBR,Books,Children
23925869256,269194,4/7/2011,10,3,1,1453,152.565,1605.565,e-Shop,Electronics,Audio and video
47502087289,268727,4/7/2011,4,4,1,947,99.435,1046.435,e-Shop,Bags,Mens
43962341567,269181,4/7/2011,4,4,3,987,310.905,3271.905,MBR,Bags,Mens
58069117916,269068,4/7/2011,10,6,4,575,241.5,2541.5,e-Shop,Home and kitchen,Audio and video
11514987471,273535,4/7/2011,7,5,1,1309,137.445,1446.445,TeleShop,Books,Fiction
17146465225,269595,4/7/2011,4,1,4,945,396.9,4176.9,Flagship store,Clothing,Mens
46956183733,273526,4/7/2011,6,5,4,327,137.34,1445.34,MBR,Books,DIY
54681825509,270919,4/7/2011,9,3,1,888,93.24,981.24,MBR,Electronics,Cameras
11063002382,268780,4/7/2011,3,2,2,1227,257.67,2711.67,e-Shop,Footwear,Kids
89964445851,269565,4/7/2011,3,5,2,1215,255.15,2685.15,e-Shop,Books,Kids
98043409419,273976,4/7/2011,1,2,1,1174,123.27,1297.27,TeleShop,Footwear,Women
94344680993,270096,4/7/2011,5,3,-4,-1422,597.24,-6285.24,e-Shop,Electronics,Computers
98285718873,267529,4/7/2011,3,5,5,987,518.175,5453.175,TeleShop,Books,Kids
88013042807,273095,4/7/2011,6,5,2,1108,232.68,2448.68,e-Shop,Books,DIY
85874725750,275111,4/7/2011,11,5,-3,-727,229.005,-2410.005,e-Shop,Books,Children
93000058592,267604,4/7/2011,12,6,1,872,91.56,963.56,e-Shop,Home and kitchen,Academic
79842997357,271170,4/7/2011,3,2,3,1053,331.695,3490.695,e-Shop,Footwear,Kids
33687877140,272858,3/7/2011,4,3,1,1016,106.68,1122.68,TeleShop,Electronics,Mens
43292728137,267939,3/7/2011,4,4,-2,-739,155.19,-1633.19,e-Shop,Bags,Mens
10720099148,268144,3/7/2011,10,3,-2,-115,24.15,-254.15,e-Shop,Electronics,Audio and video
43292728137,267939,3/7/2011,4,4,-2,-739,155.19,-1633.19,e-Shop,Bags,Mens
54481130119,272403,3/7/2011,7,5,-2,-584,122.64,-1290.64,TeleShop,Books,Fiction
58438011832,273769,3/7/2011,1,1,-2,-961,201.81,-2123.81,TeleShop,Clothing,Women
17366187755,269015,3/7/2011,4,2,2,740,155.4,1635.4,e-Shop,Footwear,Mens
39569923387,269270,3/7/2011,4,3,4,1209,507.78,5343.78,Flagship store,Electronics,Mens
38239839808,272172,3/7/2011,11,6,-3,-868,273.42,-2877.42,Flagship store,Home and kitchen,Children
19903383292,272773,3/7/2011,8,3,5,589,309.225,3254.225,Flagship store,Electronics,Personal Appliances
9455540605,269831,3/7/2011,3,1,1,1484,155.82,1639.82,MBR,Clothing,Kids
19540623861,273908,3/7/2011,1,1,3,803,252.945,2661.945,e-Shop,Clothing,Women
61512883058,271479,3/7/2011,1,4,4,1262,530.04,5578.04,e-Shop,Bags,Women
9276772981,271929,3/7/2011,10,5,5,403,211.575,2226.575,e-Shop,Books,Audio and video
15725629122,274310,3/7/2011,4,3,1,1380,144.9,1524.9,e-Shop,Electronics,Mens
1005624896,270724,3/7/2011,8,3,3,1014,319.41,3361.41,TeleShop,Electronics,Personal Appliances
18913803552,272613,3/7/2011,12,6,3,1211,381.465,4014.465,e-Shop,Home and kitchen,Academic
89124610891,274457,3/7/2011,3,5,5,905,475.125,5000.125,TeleShop,Books,Kids
92839007619,270775,3/7/2011,4,4,3,944,297.36,3129.36,e-Shop,Bags,Mens
90826121055,275131,3/7/2011,3,5,-1,-522,54.81,-576.81,MBR,Books,Kids
91010540185,274219,3/7/2011,1,2,2,441,92.61,974.61,MBR,Footwear,Women
75836865340,274902,3/7/2011,4,3,2,265,55.65,585.65,TeleShop,Electronics,Mens
79157292820,267915,3/7/2011,1,1,4,500,210,2210,MBR,Clothing,Women
69193141020,274960,3/7/2011,5,3,1,845,88.725,933.725,TeleShop,Electronics,Computers
55602294483,274527,2/7/2011,5,3,3,599,188.685,1985.685,TeleShop,Electronics,Computers
28851187817,268778,2/7/2011,2,6,4,696,292.32,3076.32,MBR,Home and kitchen,Furnishing
18499911391,269495,2/7/2011,5,3,3,948,298.62,3142.62,MBR,Electronics,Computers
48467598659,267277,2/7/2011,12,5,2,1031,216.51,2278.51,TeleShop,Books,Academic
60096373563,271279,2/7/2011,4,2,2,818,171.78,1807.78,e-Shop,Footwear,Mens
13179967104,274861,2/7/2011,10,6,3,633,199.395,2098.395,e-Shop,Home and kitchen,Audio and video
59822631750,274027,2/7/2011,11,5,3,1059,333.585,3510.585,Flagship store,Books,Children
43221851655,268323,2/7/2011,12,6,3,877,276.255,2907.255,MBR,Home and kitchen,Academic
49508573016,273647,2/7/2011,12,5,4,417,175.14,1843.14,e-Shop,Books,Academic
44292829259,273586,2/7/2011,9,3,2,671,140.91,1482.91,e-Shop,Electronics,Cameras
21620598613,272271,2/7/2011,10,6,2,312,65.52,689.52,MBR,Home and kitchen,Audio and video
54556343214,274747,2/7/2011,1,2,1,409,42.945,451.945,Flagship store,Footwear,Women
31907049150,267805,2/7/2011,10,6,3,1420,447.3,4707.3,TeleShop,Home and kitchen,Audio and video
72697735071,267943,2/7/2011,8,3,-5,-1454,763.35,-8033.35,TeleShop,Electronics,Personal Appliances
92204084589,269307,2/7/2011,5,3,2,814,170.94,1798.94,MBR,Electronics,Computers
99752266385,273798,2/7/2011,5,3,-5,-1214,637.35,-6707.35,Flagship store,Electronics,Computers
94344680993,270096,2/7/2011,5,3,4,1422,597.24,6285.24,e-Shop,Electronics,Computers
90273415780,272663,2/7/2011,9,3,4,1142,479.64,5047.64,TeleShop,Electronics,Cameras
68816118773,273945,2/7/2011,10,5,5,1376,722.4,7602.4,e-Shop,Books,Audio and video
8319557357,269402,1/7/2011,11,6,2,390,81.9,861.9,MBR,Home and kitchen,Children
5419035611,267269,1/7/2011,3,2,2,647,135.87,1429.87,e-Shop,Footwear,Kids
50917604992,273912,1/7/2011,4,3,5,836,438.9,4618.9,TeleShop,Electronics,Mens
20032892790,269669,1/7/2011,6,5,2,992,208.32,2192.32,TeleShop,Books,DIY
22237771977,270074,1/7/2011,11,5,-4,-1112,467.04,-4915.04,MBR,Books,Children
18051317159,271261,1/7/2011,10,3,2,1374,288.54,3036.54,e-Shop,Electronics,Audio and video
13782552971,270203,1/7/2011,8,3,4,1200,504,5304,TeleShop,Electronics,Personal Appliances
45849434160,272938,1/7/2011,3,1,1,150,15.75,165.75,TeleShop,Clothing,Kids
60938712450,273193,1/7/2011,4,2,1,1001,105.105,1106.105,MBR,Footwear,Mens
26978244756,275052,1/7/2011,11,5,4,378,158.76,1670.76,Flagship store,Books,Children
42233954610,273851,1/7/2011,3,2,5,620,325.5,3425.5,TeleShop,Footwear,Kids
53856228919,272846,1/7/2011,6,5,4,1276,535.92,5639.92,Flagship store,Books,DIY
80796835946,269441,1/7/2011,1,1,2,414,86.94,914.94,MBR,Clothing,Women
66102349304,267648,1/7/2011,11,5,3,1357,427.455,4498.455,Flagship store,Books,Children
90788901748,272741,1/7/2011,12,5,4,1232,517.44,5445.44,TeleShop,Books,Academic
99018400653,272672,1/7/2011,3,2,3,139,43.785,460.785,TeleShop,Footwear,Kids
96657012557,272380,1/7/2011,12,6,3,432,136.08,1432.08,e-Shop,Home and kitchen,Academic
91406853326,270257,1/7/2011,8,3,4,1373,576.66,6068.66,e-Shop,Electronics,Personal Appliances
99521196840,266867,1/7/2011,11,5,1,770,80.85,850.85,e-Shop,Books,Children
51489145211,274542,30-06-2011,7,5,2,222,46.62,490.62,e-Shop,Books,Fiction
59207230064,273649,30-06-2011,3,2,2,661,138.81,1460.81,e-Shop,Footwear,Kids
44591792394,274350,30-06-2011,6,5,2,1203,252.63,2658.63,MBR,Books,DIY
60163055568,268243,30-06-2011,3,2,5,419,219.975,2314.975,e-Shop,Footwear,Kids
37156765324,274509,30-06-2011,4,4,4,432,181.44,1909.44,TeleShop,Bags,Mens
16778590550,268460,30-06-2011,3,1,1,802,84.21,886.21,e-Shop,Clothing,Kids
9914653639,270023,30-06-2011,10,3,-2,-488,102.48,-1078.48,Flagship store,Electronics,Audio and video
619377130,270419,30-06-2011,1,2,1,653,68.565,721.565,e-Shop,Footwear,Women
5729983743,272508,30-06-2011,2,6,2,340,71.4,751.4,e-Shop,Home and kitchen,Furnishing
17886529821,269657,30-06-2011,12,6,2,769,161.49,1699.49,TeleShop,Home and kitchen,Academic
46803825031,274791,30-06-2011,1,4,5,1326,696.15,7326.15,MBR,Bags,Women
57916241655,272540,30-06-2011,1,4,4,293,123.06,1295.06,e-Shop,Bags,Women
2909835879,270491,30-06-2011,11,6,2,213,44.73,470.73,e-Shop,Home and kitchen,Children
59692455676,268709,30-06-2011,10,3,4,1024,430.08,4526.08,TeleShop,Electronics,Audio and video
43292728137,267939,30-06-2011,4,4,2,739,155.19,1633.19,e-Shop,Bags,Mens
36968439754,269685,30-06-2011,12,5,2,296,62.16,654.16,e-Shop,Books,Academic
53784234797,268543,30-06-2011,10,5,1,202,21.21,223.21,MBR,Books,Audio and video
76436093371,274269,30-06-2011,1,4,2,939,197.19,2075.19,TeleShop,Bags,Women
87636179769,270100,30-06-2011,4,3,4,453,190.26,2002.26,TeleShop,Electronics,Mens
93325767850,267763,30-06-2011,4,4,2,774,162.54,1710.54,TeleShop,Bags,Mens
81709830836,267768,30-06-2011,4,3,5,409,214.725,2259.725,e-Shop,Electronics,Mens
93625023531,267489,30-06-2011,1,4,-5,-966,507.15,-5337.15,MBR,Bags,Women
65263438974,271656,30-06-2011,10,5,4,79,33.18,349.18,Flagship store,Books,Audio and video
54481130119,272403,29-06-2011,7,5,2,584,122.64,1290.64,TeleShop,Books,Fiction
13493636562,275048,29-06-2011,10,5,2,138,28.98,304.98,e-Shop,Books,Audio and video
43795510854,267940,29-06-2011,1,2,1,861,90.405,951.405,MBR,Footwear,Women
55560850635,269925,29-06-2011,12,6,4,166,69.72,733.72,TeleShop,Home and kitchen,Academic
47425618814,270095,29-06-2011,4,3,2,697,146.37,1540.37,e-Shop,Electronics,Mens
2260001782,268419,29-06-2011,1,4,5,1283,673.575,7088.575,Flagship store,Bags,Women
98271941861,267939,29-06-2011,10,5,-4,-1238,519.96,-5471.96,Flagship store,Books,Audio and video
96929538238,272617,29-06-2011,7,5,1,115,12.075,127.075,TeleShop,Books,Fiction
70906930707,267693,29-06-2011,7,5,3,1096,345.24,3633.24,e-Shop,Books,Fiction
79880859261,272521,29-06-2011,11,6,1,1105,116.025,1221.025,e-Shop,Home and kitchen,Children
65597415262,269618,29-06-2011,6,5,4,578,242.76,2554.76,e-Shop,Books,DIY
98271941861,267939,29-06-2011,10,5,-4,-1238,519.96,-5471.96,Flagship store,Books,Audio and video
69798124203,274209,29-06-2011,3,1,4,395,165.9,1745.9,Flagship store,Clothing,Kids
74269001881,268663,29-06-2011,8,3,-2,-1492,313.32,-3297.32,e-Shop,Electronics,Personal Appliances
87103638186,270622,29-06-2011,3,5,5,1085,569.625,5994.625,TeleShop,Books,Kids
85874725750,275111,29-06-2011,11,5,3,727,229.005,2410.005,e-Shop,Books,Children
92107510195,271391,29-06-2011,1,4,1,918,96.39,1014.39,e-Shop,Bags,Women
70924685784,273237,29-06-2011,6,5,1,872,91.56,963.56,e-Shop,Books,DIY
58407947268,269736,28-06-2011,10,5,4,279,117.18,1233.18,e-Shop,Books,Audio and video
3030387132,269733,28-06-2011,4,3,1,1124,118.02,1242.02,Flagship store,Electronics,Mens
14111335238,268289,28-06-2011,5,3,1,1432,150.36,1582.36,Flagship store,Electronics,Computers
28176791748,273053,28-06-2011,1,1,-4,-1305,548.1,-5768.1,e-Shop,Clothing,Women
15839585915,274795,28-06-2011,12,5,1,829,87.045,916.045,e-Shop,Books,Academic
62239147922,272627,28-06-2011,3,1,4,613,257.46,2709.46,TeleShop,Clothing,Kids
544094954,271731,28-06-2011,4,3,2,1091,229.11,2411.11,MBR,Electronics,Mens
51141103524,271459,28-06-2011,5,3,5,792,415.8,4375.8,Flagship store,Electronics,Computers
32255834725,273051,28-06-2011,10,5,1,1321,138.705,1459.705,TeleShop,Books,Audio and video
56523869719,268033,28-06-2011,10,3,1,146,15.33,161.33,e-Shop,Electronics,Audio and video
50090628894,273461,28-06-2011,11,5,4,802,336.84,3544.84,Flagship store,Books,Children
27470065698,274523,28-06-2011,11,6,4,1441,605.22,6369.22,Flagship store,Home and kitchen,Children
35875406310,266916,28-06-2011,10,6,2,1310,275.1,2895.1,TeleShop,Home and kitchen,Audio and video
42785175340,267540,28-06-2011,11,6,4,1031,433.02,4557.02,TeleShop,Home and kitchen,Children
56189538707,268196,28-06-2011,4,3,5,496,260.4,2740.4,e-Shop,Electronics,Mens
32318593608,273034,28-06-2011,12,6,4,1036,435.12,4579.12,Flagship store,Home and kitchen,Academic
73101752239,269087,28-06-2011,4,2,1,124,13.02,137.02,Flagship store,Footwear,Mens
72085406516,274345,28-06-2011,10,5,3,975,307.125,3232.125,e-Shop,Books,Audio and video
67025517527,271195,28-06-2011,8,3,1,477,50.085,527.085,TeleShop,Electronics,Personal Appliances
87285930124,274267,28-06-2011,8,3,-4,-1095,459.9,-4839.9,TeleShop,Electronics,Personal Appliances
81990687045,271359,28-06-2011,12,6,3,1211,381.465,4014.465,MBR,Home and kitchen,Academic
71403571487,274357,28-06-2011,12,5,5,379,198.975,2093.975,Flagship store,Books,Academic
13509448071,274456,27-06-2011,3,2,3,670,211.05,2221.05,e-Shop,Footwear,Kids
14548813296,273917,27-06-2011,10,3,2,440,92.4,972.4,e-Shop,Electronics,Audio and video
44262018914,268956,27-06-2011,1,1,1,951,99.855,1050.855,MBR,Clothing,Women
38239839808,272172,27-06-2011,11,6,3,868,273.42,2877.42,Flagship store,Home and kitchen,Children
28241482606,275151,27-06-2011,10,6,2,1068,224.28,2360.28,Flagship store,Home and kitchen,Audio and video
47129114308,272026,27-06-2011,5,3,3,524,165.06,1737.06,e-Shop,Electronics,Computers
17675768002,273922,27-06-2011,3,2,4,1362,572.04,6020.04,Flagship store,Footwear,Kids
54681103501,274942,27-06-2011,7,5,4,1168,490.56,5162.56,MBR,Books,Fiction
5412527591,273596,27-06-2011,6,5,3,1051,331.065,3484.065,e-Shop,Books,DIY
60180674317,268767,27-06-2011,3,1,-5,-1458,765.45,-8055.45,Flagship store,Clothing,Kids
5816932194,269721,27-06-2011,4,3,5,337,176.925,1861.925,TeleShop,Electronics,Mens
37451370941,271851,27-06-2011,1,4,5,302,158.55,1668.55,TeleShop,Bags,Women
50684145478,274377,27-06-2011,5,3,1,1490,156.45,1646.45,e-Shop,Electronics,Computers
12239628634,269883,27-06-2011,11,5,3,884,278.46,2930.46,Flagship store,Books,Children
75650837277,272689,27-06-2011,3,2,2,899,188.79,1986.79,e-Shop,Footwear,Kids
91077259486,269933,27-06-2011,4,1,2,1393,292.53,3078.53,e-Shop,Clothing,Mens
87310138198,272815,27-06-2011,11,5,1,404,42.42,446.42,MBR,Books,Children
96880111448,270294,27-06-2011,4,4,2,1333,279.93,2945.93,e-Shop,Bags,Mens
8820674956,267149,26-06-2011,6,5,5,801,420.525,4425.525,Flagship store,Books,DIY
36166289044,268533,26-06-2011,11,6,4,907,380.94,4008.94,e-Shop,Home and kitchen,Children
45815122033,270313,26-06-2011,3,2,5,884,464.1,4884.1,Flagship store,Footwear,Kids
1283850231,270688,26-06-2011,10,5,1,1347,141.435,1488.435,Flagship store,Books,Audio and video
22490616637,269266,26-06-2011,8,3,5,814,427.35,4497.35,Flagship store,Electronics,Personal Appliances
10097970933,268287,26-06-2011,10,6,2,261,54.81,576.81,TeleShop,Home and kitchen,Audio and video
36231475826,273708,26-06-2011,10,6,5,425,223.125,2348.125,TeleShop,Home and kitchen,Audio and video
45233623906,273913,26-06-2011,4,1,2,146,30.66,322.66,e-Shop,Clothing,Mens
33657894229,275048,26-06-2011,1,1,2,272,57.12,601.12,e-Shop,Clothing,Women
73806644852,274046,26-06-2011,3,2,3,1092,343.98,3619.98,TeleShop,Footwear,Kids
95205682007,274134,26-06-2011,10,3,2,825,173.25,1823.25,e-Shop,Electronics,Audio and video
99752266385,273798,26-06-2011,5,3,5,1214,637.35,6707.35,Flagship store,Electronics,Computers
93625023531,267489,26-06-2011,1,4,-5,-966,507.15,-5337.15,MBR,Bags,Women
68969176930,270473,26-06-2011,4,2,3,1106,348.39,3666.39,TeleShop,Footwear,Mens
67696354067,272475,26-06-2011,1,2,2,931,195.51,2057.51,MBR,Footwear,Women
71506294775,275138,26-06-2011,4,3,1,1414,148.47,1562.47,MBR,Electronics,Mens
77211961603,270960,26-06-2011,11,6,5,329,172.725,1817.725,Flagship store,Home and kitchen,Children
67254800242,267991,26-06-2011,7,5,3,391,123.165,1296.165,TeleShop,Books,Fiction
72256163824,270178,26-06-2011,7,5,4,288,120.96,1272.96,Flagship store,Books,Fiction
72697735071,267943,26-06-2011,8,3,5,1454,763.35,8033.35,TeleShop,Electronics,Personal Appliances
12057701686,274234,25-06-2011,9,3,2,1111,233.31,2455.31,e-Shop,Electronics,Cameras
1983689139,274431,25-06-2011,7,5,5,1023,537.075,5652.075,Flagship store,Books,Fiction
50867261145,268656,25-06-2011,8,3,1,1451,152.355,1603.355,e-Shop,Electronics,Personal Appliances
56281485474,267980,25-06-2011,1,2,3,1487,468.405,4929.405,e-Shop,Footwear,Women
58131461154,268706,25-06-2011,6,5,4,904,379.68,3995.68,e-Shop,Books,DIY
37361819640,268710,25-06-2011,1,2,-2,-780,163.8,-1723.8,MBR,Footwear,Women
55280335841,267892,25-06-2011,11,5,3,1304,410.76,4322.76,TeleShop,Books,Children
14029752538,270160,25-06-2011,1,2,4,1047,439.74,4627.74,MBR,Footwear,Women
55341608392,270914,25-06-2011,1,1,3,936,294.84,3102.84,Flagship store,Clothing,Women
28176791748,273053,25-06-2011,1,1,4,1305,548.1,5768.1,e-Shop,Clothing,Women
25603164710,269481,25-06-2011,2,6,5,849,445.725,4690.725,MBR,Home and kitchen,Furnishing
73964758437,274500,25-06-2011,4,1,4,1476,619.92,6523.92,MBR,Clothing,Mens
74269001881,268663,25-06-2011,8,3,-2,-1492,313.32,-3297.32,e-Shop,Electronics,Personal Appliances
88861844020,272857,25-06-2011,10,3,3,437,137.655,1448.655,e-Shop,Electronics,Audio and video
65473648661,268908,25-06-2011,4,2,1,1270,133.35,1403.35,e-Shop,Footwear,Mens
78090784909,268476,25-06-2011,11,6,1,1153,121.065,1274.065,e-Shop,Home and kitchen,Children
78498498242,272256,25-06-2011,11,6,4,654,274.68,2890.68,MBR,Home and kitchen,Children
90826121055,275131,25-06-2011,3,5,1,522,54.81,576.81,MBR,Books,Kids
26489157248,267043,24-06-2011,5,3,3,966,304.29,3202.29,e-Shop,Electronics,Computers
60756331249,271464,24-06-2011,3,5,1,1235,129.675,1364.675,TeleShop,Books,Kids
41450086531,275034,24-06-2011,3,5,-4,-1399,587.58,-6183.58,e-Shop,Books,Kids
35938185324,272676,24-06-2011,8,3,1,83,8.715,91.715,e-Shop,Electronics,Personal Appliances
34091621134,269734,24-06-2011,10,6,1,1479,155.295,1634.295,Flagship store,Home and kitchen,Audio and video
18108033971,267422,24-06-2011,3,1,1,428,44.94,472.94,e-Shop,Clothing,Kids
58438011832,273769,24-06-2011,1,1,2,961,201.81,2123.81,TeleShop,Clothing,Women
41700129738,273674,24-06-2011,11,6,5,474,248.85,2618.85,TeleShop,Home and kitchen,Children
31982877794,274449,24-06-2011,6,5,2,254,53.34,561.34,e-Shop,Books,DIY
15182273178,273391,24-06-2011,10,3,5,146,76.65,806.65,e-Shop,Electronics,Audio and video
12515148254,272262,24-06-2011,10,3,3,104,32.76,344.76,Flagship store,Electronics,Audio and video
37532625917,273744,24-06-2011,12,5,2,1190,249.9,2629.9,MBR,Books,Academic
51197645157,267042,24-06-2011,9,3,1,305,32.025,337.025,e-Shop,Electronics,Cameras
57929454026,268771,24-06-2011,9,3,5,84,44.1,464.1,MBR,Electronics,Cameras
57857043547,268786,24-06-2011,1,1,1,729,76.545,805.545,Flagship store,Clothing,Women
23266156338,273052,24-06-2011,11,6,-2,-636,133.56,-1405.56,e-Shop,Home and kitchen,Children
10720099148,268144,24-06-2011,10,3,2,115,24.15,254.15,e-Shop,Electronics,Audio and video
58363845644,275017,24-06-2011,3,2,4,1297,544.74,5732.74,e-Shop,Footwear,Kids
80799565039,274176,24-06-2011,11,5,2,1323,277.83,2923.83,Flagship store,Books,Children
91319246245,272339,24-06-2011,1,4,2,1410,296.1,3116.1,TeleShop,Bags,Women
90792215814,268107,24-06-2011,4,1,3,1388,437.22,4601.22,MBR,Clothing,Mens
75807203980,267380,24-06-2011,12,6,3,342,107.73,1133.73,Flagship store,Home and kitchen,Academic
94252471276,268371,24-06-2011,7,5,1,558,58.59,616.59,Flagship store,Books,Fiction
89105324223,269980,24-06-2011,12,6,3,345,108.675,1143.675,e-Shop,Home and kitchen,Academic
91490971053,267016,24-06-2011,4,2,3,320,100.8,1060.8,MBR,Footwear,Mens
86901766829,271504,24-06-2011,11,5,1,392,41.16,433.16,e-Shop,Books,Children
12251559644,272799,23-06-2011,11,6,1,1462,153.51,1615.51,e-Shop,Home and kitchen,Children
41536290569,269217,23-06-2011,1,1,4,1156,485.52,5109.52,MBR,Clothing,Women
43591138949,269277,23-06-2011,8,3,1,714,74.97,788.97,TeleShop,Electronics,Personal Appliances
18760695312,274322,23-06-2011,9,3,5,1338,702.45,7392.45,TeleShop,Electronics,Cameras
28375582993,268522,23-06-2011,11,5,4,1041,437.22,4601.22,MBR,Books,Children
25328381340,272665,23-06-2011,5,3,1,864,90.72,954.72,e-Shop,Electronics,Computers
4634357100,271816,23-06-2011,3,1,1,252,26.46,278.46,MBR,Clothing,Kids
30531115086,273352,23-06-2011,3,2,4,671,281.82,2965.82,e-Shop,Footwear,Kids
5318172780,271190,23-06-2011,3,5,5,354,185.85,1955.85,e-Shop,Books,Kids
14139771623,273254,23-06-2011,10,5,4,910,382.2,4022.2,e-Shop,Books,Audio and video
59747239663,268077,23-06-2011,8,3,2,972,204.12,2148.12,e-Shop,Electronics,Personal Appliances
93723235249,267053,23-06-2011,3,5,4,967,406.14,4274.14,TeleShop,Books,Kids
91547165732,273456,23-06-2011,6,5,1,516,54.18,570.18,Flagship store,Books,DIY
99603280112,267425,23-06-2011,11,5,2,1396,293.16,3085.16,e-Shop,Books,Children
70839610577,268346,23-06-2011,3,1,-3,-809,254.835,-2681.835,e-Shop,Clothing,Kids
96206836774,269516,23-06-2011,4,2,1,760,79.8,839.8,Flagship store,Footwear,Mens
86124031316,271687,23-06-2011,1,4,3,761,239.715,2522.715,TeleShop,Bags,Women
74269001881,268663,23-06-2011,8,3,2,1492,313.32,3297.32,e-Shop,Electronics,Personal Appliances
1710509811,273040,22-06-2011,11,5,3,794,250.11,2632.11,MBR,Books,Children
53804334519,271665,22-06-2011,8,3,4,1309,549.78,5785.78,e-Shop,Electronics,Personal Appliances
25955625656,275104,22-06-2011,3,1,3,929,292.635,3079.635,e-Shop,Clothing,Kids
49474954521,267856,22-06-2011,3,1,-2,-1460,306.6,-3226.6,MBR,Clothing,Kids
33006117905,266941,22-06-2011,12,6,5,731,383.775,4038.775,e-Shop,Home and kitchen,Academic
22237771977,270074,22-06-2011,11,5,4,1112,467.04,4915.04,MBR,Books,Children
8597363414,271682,22-06-2011,6,5,2,1366,286.86,3018.86,e-Shop,Books,DIY
23591095296,267261,22-06-2011,9,3,2,765,160.65,1690.65,TeleShop,Electronics,Cameras
13731811357,270279,22-06-2011,1,4,4,126,52.92,556.92,TeleShop,Bags,Women
30010342954,268735,22-06-2011,7,5,-4,-1256,527.52,-5551.52,Flagship store,Books,Fiction
91120068573,271077,22-06-2011,1,1,4,445,186.9,1966.9,TeleShop,Clothing,Women
92393554623,268670,22-06-2011,4,2,3,340,107.1,1127.1,TeleShop,Footwear,Mens
71117697410,271669,22-06-2011,10,5,2,750,157.5,1657.5,Flagship store,Books,Audio and video
87961080005,269482,22-06-2011,3,2,1,400,42,442,TeleShop,Footwear,Kids
89038192276,272603,22-06-2011,8,3,4,624,262.08,2758.08,TeleShop,Electronics,Personal Appliances
64878808000,271887,22-06-2011,12,6,-2,-1064,223.44,-2351.44,e-Shop,Home and kitchen,Academic
95926449683,274605,22-06-2011,4,1,5,1388,728.7,7668.7,e-Shop,Clothing,Mens
93625023531,267489,22-06-2011,1,4,5,966,507.15,5337.15,MBR,Bags,Women
85827108509,273768,22-06-2011,10,3,3,436,137.34,1445.34,e-Shop,Electronics,Audio and video
5520134849,270463,21-06-2011,12,5,2,1141,239.61,2521.61,MBR,Books,Academic
54501664847,273123,21-06-2011,4,2,3,925,291.375,3066.375,TeleShop,Footwear,Mens
10878833864,270950,21-06-2011,2,6,3,1225,385.875,4060.875,e-Shop,Home and kitchen,Furnishing
12729420124,272195,21-06-2011,12,6,4,1499,629.58,6625.58,MBR,Home and kitchen,Academic
10488991821,270401,21-06-2011,11,6,5,791,415.275,4370.275,e-Shop,Home and kitchen,Children
55480436160,275008,21-06-2011,6,5,3,1259,396.585,4173.585,TeleShop,Books,DIY
39862170559,274761,21-06-2011,1,2,1,1206,126.63,1332.63,Flagship store,Footwear,Women
21885868815,269914,21-06-2011,6,5,1,856,89.88,945.88,MBR,Books,DIY
52016512335,270294,21-06-2011,8,3,1,1458,153.09,1611.09,TeleShop,Electronics,Personal Appliances
3041357146,271633,21-06-2011,12,5,-3,-1224,385.56,-4057.56,e-Shop,Books,Academic
28275885278,272697,21-06-2011,4,3,4,288,120.96,1272.96,TeleShop,Electronics,Mens
95505426263,269771,21-06-2011,4,4,5,731,383.775,4038.775,Flagship store,Bags,Mens
71799236933,275127,21-06-2011,3,2,5,228,119.7,1259.7,e-Shop,Footwear,Kids
96892547017,274854,21-06-2011,3,2,5,1500,787.5,8287.5,e-Shop,Footwear,Kids
98271941861,267939,21-06-2011,10,5,4,1238,519.96,5471.96,Flagship store,Books,Audio and video
69461286810,271647,21-06-2011,10,3,3,990,311.85,3281.85,Flagship store,Electronics,Audio and video
89814630668,267654,21-06-2011,4,1,2,862,181.02,1905.02,MBR,Clothing,Mens
94118692009,269568,21-06-2011,4,3,3,865,272.475,2867.475,e-Shop,Electronics,Mens
23266156338,273052,20-06-2011,11,6,2,636,133.56,1405.56,e-Shop,Home and kitchen,Children
37361819640,268710,20-06-2011,1,2,2,780,163.8,1723.8,MBR,Footwear,Women
62356968084,266888,20-06-2011,1,2,3,1193,375.795,3954.795,e-Shop,Footwear,Women
62196017724,271104,20-06-2011,4,2,4,1482,622.44,6550.44,e-Shop,Footwear,Mens
18467398942,269586,20-06-2011,3,1,1,1204,126.42,1330.42,MBR,Clothing,Kids
17923889909,274960,20-06-2011,3,1,1,264,27.72,291.72,e-Shop,Clothing,Kids
53138071404,270889,20-06-2011,4,4,3,412,129.78,1365.78,e-Shop,Bags,Mens
41696062241,271981,20-06-2011,1,4,2,356,74.76,786.76,TeleShop,Bags,Women
9914653639,270023,20-06-2011,10,3,2,488,102.48,1078.48,Flagship store,Electronics,Audio and video
49242020201,269650,20-06-2011,11,5,2,93,19.53,205.53,e-Shop,Books,Children
37776695908,272047,20-06-2011,3,1,3,116,36.54,384.54,e-Shop,Clothing,Kids
87285930124,274267,20-06-2011,8,3,4,1095,459.9,4839.9,TeleShop,Electronics,Personal Appliances
98700838708,272877,20-06-2011,1,1,3,700,220.5,2320.5,MBR,Clothing,Women
74704107678,267815,20-06-2011,1,4,4,852,357.84,3765.84,MBR,Bags,Women
74309284812,268597,20-06-2011,11,5,3,228,71.82,755.82,Flagship store,Books,Children
70111419504,271102,20-06-2011,6,5,4,672,282.24,2970.24,e-Shop,Books,DIY
50476576636,268060,19-06-2011,10,6,5,957,502.425,5287.425,e-Shop,Home and kitchen,Audio and video
60180674317,268767,19-06-2011,3,1,5,1458,765.45,8055.45,Flagship store,Clothing,Kids
53533717388,272219,19-06-2011,9,3,5,486,255.15,2685.15,TeleShop,Electronics,Cameras
35623878753,269016,19-06-2011,3,5,3,533,167.895,1766.895,e-Shop,Books,Kids
41450086531,275034,19-06-2011,3,5,4,1399,587.58,6183.58,e-Shop,Books,Kids
62673319182,268857,19-06-2011,8,3,3,1184,372.96,3924.96,e-Shop,Electronics,Personal Appliances
22145352025,268715,19-06-2011,6,5,5,914,479.85,5049.85,TeleShop,Books,DIY
15833242994,273498,19-06-2011,11,6,-1,-797,83.685,-880.685,e-Shop,Home and kitchen,Children
20350371496,268207,19-06-2011,10,3,-2,-1100,231,-2431,e-Shop,Electronics,Audio and video
12236194348,272075,19-06-2011,10,3,3,354,111.51,1173.51,e-Shop,Electronics,Audio and video
40329236413,273645,19-06-2011,2,6,1,461,48.405,509.405,e-Shop,Home and kitchen,Furnishing
34024350674,273372,19-06-2011,3,5,5,957,502.425,5287.425,e-Shop,Books,Kids
37897895889,271763,19-06-2011,11,6,4,140,58.8,618.8,MBR,Home and kitchen,Children
52861275960,266885,19-06-2011,3,2,2,486,102.06,1074.06,MBR,Footwear,Kids
50940346648,268617,19-06-2011,1,2,2,1315,276.15,2906.15,e-Shop,Footwear,Women
27342097894,269463,19-06-2011,8,3,4,337,141.54,1489.54,MBR,Electronics,Personal Appliances
22291552310,268596,19-06-2011,3,1,3,1466,461.79,4859.79,TeleShop,Clothing,Kids
51016421668,272111,19-06-2011,1,1,2,1364,286.44,3014.44,e-Shop,Clothing,Women
66738686249,272195,19-06-2011,4,4,-5,-767,402.675,-4237.675,Flagship store,Bags,Mens
99621450099,273058,19-06-2011,12,6,5,158,82.95,872.95,e-Shop,Home and kitchen,Academic
81477948281,274474,19-06-2011,9,3,1,251,26.355,277.355,e-Shop,Electronics,Cameras
77617368559,274621,19-06-2011,4,1,5,756,396.9,4176.9,TeleShop,Clothing,Mens
82936814267,274310,19-06-2011,3,1,3,1385,436.275,4591.275,e-Shop,Clothing,Kids
72711634148,274787,19-06-2011,4,2,1,881,92.505,973.505,MBR,Footwear,Mens
24035388209,272557,18-06-2011,2,6,4,335,140.7,1480.7,MBR,Home and kitchen,Furnishing
3041357146,271633,18-06-2011,12,5,3,1224,385.56,4057.56,e-Shop,Books,Academic
62281536761,270573,18-06-2011,4,2,2,167,35.07,369.07,TeleShop,Footwear,Mens
62311976794,266857,18-06-2011,4,4,-2,-1433,300.93,-3166.93,Flagship store,Bags,Mens
22405505290,271901,18-06-2011,5,3,2,1222,256.62,2700.62,MBR,Electronics,Computers
36623293157,272736,18-06-2011,1,1,4,768,322.56,3394.56,MBR,Clothing,Women
49052235297,267889,18-06-2011,10,3,1,851,89.355,940.355,TeleShop,Electronics,Audio and video
37411991704,272029,18-06-2011,12,5,1,731,76.755,807.755,TeleShop,Books,Academic
30083430624,273481,18-06-2011,12,6,3,229,72.135,759.135,MBR,Home and kitchen,Academic
9518995018,273065,18-06-2011,10,3,2,1279,268.59,2826.59,e-Shop,Electronics,Audio and video
18329796546,268557,18-06-2011,1,4,1,1367,143.535,1510.535,MBR,Bags,Women
18263190765,269799,18-06-2011,12,5,5,418,219.45,2309.45,TeleShop,Books,Academic
53375252161,267073,18-06-2011,11,6,4,1109,465.78,4901.78,e-Shop,Home and kitchen,Children
53367800577,273342,18-06-2011,8,3,3,890,280.35,2950.35,e-Shop,Electronics,Personal Appliances
35843117536,275076,18-06-2011,10,5,1,1217,127.785,1344.785,Flagship store,Books,Audio and video
52324711992,267794,18-06-2011,1,1,5,1352,709.8,7469.8,e-Shop,Clothing,Women
33630838980,272035,18-06-2011,12,6,2,209,43.89,461.89,TeleShop,Home and kitchen,Academic
68448760048,274014,18-06-2011,10,6,1,1410,148.05,1558.05,TeleShop,Home and kitchen,Audio and video
77744776142,269320,18-06-2011,4,4,5,269,141.225,1486.225,TeleShop,Bags,Mens
69787623413,267457,18-06-2011,11,5,5,1138,597.45,6287.45,Flagship store,Books,Children
71930388488,271046,18-06-2011,10,3,2,1041,218.61,2300.61,e-Shop,Electronics,Audio and video
83254203007,272744,18-06-2011,2,6,2,278,58.38,614.38,e-Shop,Home and kitchen,Furnishing
17562417547,267042,17-06-2011,1,4,-4,-200,84,-884,e-Shop,Bags,Women
51196438059,272118,17-06-2011,10,3,5,187,98.175,1033.175,TeleShop,Electronics,Audio and video
50089103442,272723,17-06-2011,1,1,3,816,257.04,2705.04,e-Shop,Clothing,Women
45135799251,273185,17-06-2011,11,5,2,1249,262.29,2760.29,e-Shop,Books,Children
30010342954,268735,17-06-2011,7,5,4,1256,527.52,5551.52,Flagship store,Books,Fiction
60308083838,267156,17-06-2011,3,2,4,1295,543.9,5723.9,Flagship store,Footwear,Kids
49474954521,267856,17-06-2011,3,1,2,1460,306.6,3226.6,MBR,Clothing,Kids
60176378480,272821,17-06-2011,12,6,4,490,205.8,2165.8,MBR,Home and kitchen,Academic
7848320526,267588,17-06-2011,4,2,2,637,133.77,1407.77,Flagship store,Footwear,Mens
10833696353,270636,17-06-2011,12,5,5,455,238.875,2513.875,e-Shop,Books,Academic
26549119986,272441,17-06-2011,12,5,5,442,232.05,2442.05,e-Shop,Books,Academic
56608329204,272816,17-06-2011,4,4,1,1095,114.975,1209.975,e-Shop,Bags,Mens
26762616816,273058,17-06-2011,11,5,3,1154,363.51,3825.51,Flagship store,Books,Children
70446161926,270131,17-06-2011,10,5,3,1087,342.405,3603.405,MBR,Books,Audio and video
95435639473,269350,17-06-2011,2,6,2,1244,261.24,2749.24,e-Shop,Home and kitchen,Furnishing
91456194081,271952,17-06-2011,4,3,5,246,129.15,1359.15,TeleShop,Electronics,Mens
88163970868,272689,17-06-2011,5,3,4,1407,590.94,6218.94,TeleShop,Electronics,Computers
80915637965,271308,17-06-2011,4,2,1,985,103.425,1088.425,MBR,Footwear,Mens
64902396171,275227,17-06-2011,8,3,3,810,255.15,2685.15,e-Shop,Electronics,Personal Appliances
4619761369,271937,16-06-2011,4,1,3,463,145.845,1534.845,MBR,Clothing,Mens
44092089689,273661,16-06-2011,10,6,1,967,101.535,1068.535,MBR,Home and kitchen,Audio and video
3052276663,274055,16-06-2011,10,5,4,565,237.3,2497.3,Flagship store,Books,Audio and video
10959301310,274335,16-06-2011,4,1,1,503,52.815,555.815,e-Shop,Clothing,Mens
40217322467,274457,16-06-2011,12,5,2,1298,272.58,2868.58,e-Shop,Books,Academic
25317646356,267611,16-06-2011,10,6,2,71,14.91,156.91,TeleShop,Home and kitchen,Audio and video
21851810195,273497,16-06-2011,12,5,1,141,14.805,155.805,Flagship store,Books,Academic
36418868670,269587,16-06-2011,4,1,2,1062,223.02,2347.02,Flagship store,Clothing,Mens
39800191082,269604,16-06-2011,1,2,4,943,396.06,4168.06,e-Shop,Footwear,Women
46372096342,267772,16-06-2011,12,6,4,280,117.6,1237.6,Flagship store,Home and kitchen,Academic
18993533652,268186,16-06-2011,12,6,4,616,258.72,2722.72,Flagship store,Home and kitchen,Academic
17562417547,267042,16-06-2011,1,4,-4,-200,84,-884,e-Shop,Bags,Women
82447758227,270218,16-06-2011,10,5,3,1189,374.535,3941.535,e-Shop,Books,Audio and video
68632598212,272610,16-06-2011,4,3,5,673,353.325,3718.325,MBR,Electronics,Mens
64878808000,271887,16-06-2011,12,6,2,1064,223.44,2351.44,e-Shop,Home and kitchen,Academic
97111109054,268664,16-06-2011,7,5,2,812,170.52,1794.52,e-Shop,Books,Fiction
87863882825,269266,16-06-2011,4,1,-1,-265,27.825,-292.825,MBR,Clothing,Mens
84432999751,273489,16-06-2011,11,6,2,970,203.7,2143.7,MBR,Home and kitchen,Children
28511509039,271975,15-06-2011,4,3,3,1378,434.07,4568.07,e-Shop,Electronics,Mens
20487149302,274894,15-06-2011,4,2,4,922,387.24,4075.24,e-Shop,Footwear,Mens
39734560185,272440,15-06-2011,2,6,5,140,73.5,773.5,e-Shop,Home and kitchen,Furnishing
60222247799,268481,15-06-2011,6,5,-2,-1446,303.66,-3195.66,TeleShop,Books,DIY
36447084554,273546,15-06-2011,8,3,5,1023,537.075,5652.075,e-Shop,Electronics,Personal Appliances
61871893225,272287,15-06-2011,1,2,1,1233,129.465,1362.465,e-Shop,Footwear,Women
36814744625,271347,15-06-2011,5,3,4,1079,453.18,4769.18,Flagship store,Electronics,Computers
31564042748,272683,15-06-2011,1,2,4,340,142.8,1502.8,Flagship store,Footwear,Women
46254819387,272268,15-06-2011,10,5,2,760,159.6,1679.6,MBR,Books,Audio and video
70839610577,268346,15-06-2011,3,1,3,809,254.835,2681.835,e-Shop,Clothing,Kids
84221678705,274747,15-06-2011,12,5,5,961,504.525,5309.525,TeleShop,Books,Academic
71800840317,268100,15-06-2011,3,2,4,255,107.1,1127.1,MBR,Footwear,Kids
93239243410,270443,15-06-2011,4,4,-4,-756,317.52,-3341.52,TeleShop,Bags,Mens
71456875524,270535,15-06-2011,11,6,4,1286,540.12,5684.12,e-Shop,Home and kitchen,Children
76906459516,267940,15-06-2011,4,4,2,1263,265.23,2791.23,Flagship store,Bags,Mens
77392142719,268590,15-06-2011,4,1,3,804,253.26,2665.26,Flagship store,Clothing,Mens
92813723138,273744,15-06-2011,4,3,4,1214,509.88,5365.88,TeleShop,Electronics,Mens
65950712868,272056,15-06-2011,3,2,4,634,266.28,2802.28,MBR,Footwear,Kids
84028807748,267317,15-06-2011,4,3,1,353,37.065,390.065,e-Shop,Electronics,Mens
32117276054,268589,14-06-2011,5,3,1,275,28.875,303.875,MBR,Electronics,Computers
3374494772,269440,14-06-2011,10,5,4,1148,482.16,5074.16,e-Shop,Books,Audio and video
9457795416,271581,14-06-2011,7,5,5,1099,576.975,6071.975,Flagship store,Books,Fiction
25652371497,268133,14-06-2011,10,6,5,501,263.025,2768.025,MBR,Home and kitchen,Audio and video
42586251871,272026,14-06-2011,4,1,3,968,304.92,3208.92,e-Shop,Clothing,Mens
23364760364,269973,14-06-2011,10,5,1,138,14.49,152.49,Flagship store,Books,Audio and video
41242895488,274055,14-06-2011,4,1,2,112,23.52,247.52,e-Shop,Clothing,Mens
14470418474,271849,14-06-2011,10,6,5,1415,742.875,7817.875,MBR,Home and kitchen,Audio and video
66370621380,273410,14-06-2011,12,5,2,309,64.89,682.89,e-Shop,Books,Academic
67931461556,272857,14-06-2011,4,2,-1,-596,62.58,-658.58,e-Shop,Footwear,Mens
98916102641,269134,14-06-2011,5,3,1,866,90.93,956.93,Flagship store,Electronics,Computers
87863882825,269266,14-06-2011,4,1,1,265,27.825,292.825,MBR,Clothing,Mens
66738686249,272195,14-06-2011,4,4,5,767,402.675,4237.675,Flagship store,Bags,Mens
85382738196,270650,14-06-2011,3,2,5,442,232.05,2442.05,TeleShop,Footwear,Kids
86169544592,273034,14-06-2011,10,3,4,326,136.92,1440.92,TeleShop,Electronics,Audio and video
39996658115,271619,13-06-2011,7,5,4,530,222.6,2342.6,e-Shop,Books,Fiction
38432487071,270837,13-06-2011,10,6,2,1009,211.89,2229.89,Flagship store,Home and kitchen,Audio and video
328153385,270347,13-06-2011,3,5,3,699,220.185,2317.185,MBR,Books,Kids
52803270914,274991,13-06-2011,10,5,5,532,279.3,2939.3,Flagship store,Books,Audio and video
55062977958,268968,13-06-2011,10,6,3,346,108.99,1146.99,e-Shop,Home and kitchen,Audio and video
34135338478,275092,13-06-2011,11,6,4,532,223.44,2351.44,e-Shop,Home and kitchen,Children
44330402793,270447,13-06-2011,11,6,5,697,365.925,3850.925,e-Shop,Home and kitchen,Children
23451700196,269007,13-06-2011,1,4,1,418,43.89,461.89,Flagship store,Bags,Women
7509666956,273842,13-06-2011,3,2,4,881,370.02,3894.02,MBR,Footwear,Kids
28243146808,272060,13-06-2011,10,5,-1,-922,96.81,-1018.81,e-Shop,Books,Audio and video
59977700396,275022,13-06-2011,9,3,4,101,42.42,446.42,TeleShop,Electronics,Cameras
14838900550,273515,13-06-2011,3,2,-2,-151,31.71,-333.71,Flagship store,Footwear,Kids
16278056728,271092,13-06-2011,11,6,3,848,267.12,2811.12,Flagship store,Home and kitchen,Children
61732902382,270044,13-06-2011,4,1,4,690,289.8,3049.8,TeleShop,Clothing,Mens
9850439886,268732,13-06-2011,12,6,4,124,52.08,548.08,TeleShop,Home and kitchen,Academic
60222247799,268481,13-06-2011,6,5,2,1446,303.66,3195.66,TeleShop,Books,DIY
41304568697,266836,13-06-2011,4,2,4,1204,505.68,5321.68,Flagship store,Footwear,Mens
45403621269,268848,13-06-2011,11,5,4,959,402.78,4238.78,TeleShop,Books,Children
21369418184,274374,13-06-2011,4,4,5,149,78.225,823.225,Flagship store,Bags,Mens
9710718933,268889,13-06-2011,1,4,4,1395,585.9,6165.9,Flagship store,Bags,Women
144313831,269672,13-06-2011,2,6,1,397,41.685,438.685,e-Shop,Home and kitchen,Furnishing
26974897506,267247,13-06-2011,10,3,3,1486,468.09,4926.09,e-Shop,Electronics,Audio and video
74926966749,270710,13-06-2011,1,4,3,614,193.41,2035.41,MBR,Bags,Women
75648018119,270492,13-06-2011,10,5,2,621,130.41,1372.41,Flagship store,Books,Audio and video
98126324823,267402,13-06-2011,1,1,2,220,46.2,486.2,TeleShop,Clothing,Women
87766280407,268387,13-06-2011,11,5,1,1245,130.725,1375.725,e-Shop,Books,Children
96245831607,267589,13-06-2011,4,4,1,1475,154.875,1629.875,e-Shop,Bags,Mens
83110037961,269139,13-06-2011,3,2,1,1332,139.86,1471.86,MBR,Footwear,Kids
91128832329,272493,13-06-2011,3,2,5,1050,551.25,5801.25,Flagship store,Footwear,Kids
63211611518,271212,13-06-2011,10,6,5,1394,731.85,7701.85,TeleShop,Home and kitchen,Audio and video
20350371496,268207,12/6/2011,10,3,2,1100,231,2431,e-Shop,Electronics,Audio and video
34795637998,267490,12/6/2011,9,3,4,759,318.78,3354.78,Flagship store,Electronics,Cameras
46627499689,270234,12/6/2011,3,1,4,204,85.68,901.68,TeleShop,Clothing,Kids
36227656139,269864,12/6/2011,3,5,3,1376,433.44,4561.44,MBR,Books,Kids
21683693851,270947,12/6/2011,3,5,4,747,313.74,3301.74,MBR,Books,Kids
18735440550,270212,12/6/2011,3,1,5,192,100.8,1060.8,TeleShop,Clothing,Kids
1306849718,274306,12/6/2011,12,5,5,1272,667.8,7027.8,e-Shop,Books,Academic
18411974181,271789,12/6/2011,5,3,1,1439,151.095,1590.095,TeleShop,Electronics,Computers
62311976794,266857,12/6/2011,4,4,2,1433,300.93,3166.93,Flagship store,Bags,Mens
32968594765,272271,12/6/2011,3,1,4,147,61.74,649.74,e-Shop,Clothing,Kids
5109314776,269651,12/6/2011,11,6,5,782,410.55,4320.55,TeleShop,Home and kitchen,Children
4236411732,266788,12/6/2011,7,5,1,1238,129.99,1367.99,Flagship store,Books,Fiction
58646471434,267913,12/6/2011,9,3,1,118,12.39,130.39,e-Shop,Electronics,Cameras
38357295684,273850,12/6/2011,9,3,3,1144,360.36,3792.36,e-Shop,Electronics,Cameras
18205723155,268523,12/6/2011,11,6,3,1492,469.98,4945.98,e-Shop,Home and kitchen,Children
65957038003,272995,12/6/2011,8,3,2,495,103.95,1093.95,e-Shop,Electronics,Personal Appliances
99366439855,272739,12/6/2011,3,1,4,927,389.34,4097.34,MBR,Clothing,Kids
85234132216,270445,12/6/2011,3,5,1,491,51.555,542.555,Flagship store,Books,Kids
96703274277,267058,12/6/2011,11,5,4,460,193.2,2033.2,MBR,Books,Children
78076546729,271658,12/6/2011,4,3,3,701,220.815,2323.815,Flagship store,Electronics,Mens
65066509062,266853,12/6/2011,11,6,2,717,150.57,1584.57,MBR,Home and kitchen,Children
83251211890,271990,12/6/2011,4,1,2,1158,243.18,2559.18,Flagship store,Clothing,Mens
27810158408,273929,11/6/2011,6,5,1,149,15.645,164.645,MBR,Books,DIY
11038230617,272143,11/6/2011,3,2,5,697,365.925,3850.925,MBR,Footwear,Kids
56760214474,267920,11/6/2011,12,5,2,126,26.46,278.46,TeleShop,Books,Academic
42947945915,270449,11/6/2011,11,5,3,1067,336.105,3537.105,TeleShop,Books,Children
39180903618,268202,11/6/2011,5,3,5,642,337.05,3547.05,e-Shop,Electronics,Computers
24796368146,274854,11/6/2011,9,3,5,286,150.15,1580.15,e-Shop,Electronics,Cameras
35917012047,270430,11/6/2011,12,5,1,1177,123.585,1300.585,TeleShop,Books,Academic
15833242994,273498,11/6/2011,11,6,1,797,83.685,880.685,e-Shop,Home and kitchen,Children
22373632721,270944,11/6/2011,10,3,3,651,205.065,2158.065,TeleShop,Electronics,Audio and video
40526198848,268493,11/6/2011,10,6,3,1392,438.48,4614.48,e-Shop,Home and kitchen,Audio and video
25355649529,270888,11/6/2011,3,5,-1,-1120,117.6,-1237.6,e-Shop,Books,Kids
2694060432,274420,11/6/2011,1,4,3,1127,355.005,3736.005,Flagship store,Bags,Women
80014189734,267032,11/6/2011,3,5,3,319,100.485,1057.485,Flagship store,Books,Kids
72518766082,267915,11/6/2011,5,3,-1,-234,24.57,-258.57,TeleShop,Electronics,Computers
66758194162,275138,11/6/2011,7,5,4,1344,564.48,5940.48,e-Shop,Books,Fiction
82832514396,267129,11/6/2011,2,6,1,389,40.845,429.845,Flagship store,Home and kitchen,Furnishing
17941702454,267707,10/6/2011,6,5,-3,-188,59.22,-623.22,e-Shop,Books,DIY
18018475788,273695,10/6/2011,4,1,3,356,112.14,1180.14,Flagship store,Clothing,Mens
29416924176,268068,10/6/2011,4,1,3,782,246.33,2592.33,e-Shop,Clothing,Mens
58541543649,274517,10/6/2011,12,5,5,1067,560.175,5895.175,Flagship store,Books,Academic
44668776620,268579,10/6/2011,11,6,2,1434,301.14,3169.14,Flagship store,Home and kitchen,Children
37796013826,268288,10/6/2011,2,6,2,1053,221.13,2327.13,MBR,Home and kitchen,Furnishing
15745712720,275011,10/6/2011,4,2,5,239,125.475,1320.475,MBR,Footwear,Mens
14838900550,273515,10/6/2011,3,2,2,151,31.71,333.71,Flagship store,Footwear,Kids
56843858947,274550,10/6/2011,11,5,1,1288,135.24,1423.24,Flagship store,Books,Children
33850562229,266794,10/6/2011,1,4,2,1334,280.14,2948.14,e-Shop,Bags,Women
5023470508,272559,10/6/2011,11,6,4,1075,451.5,4751.5,MBR,Home and kitchen,Children
31211276739,270310,10/6/2011,12,6,-2,-244,51.24,-539.24,MBR,Home and kitchen,Academic
1407823655,268914,10/6/2011,10,5,1,1252,131.46,1383.46,MBR,Books,Audio and video
76472051346,267707,10/6/2011,11,5,3,360,113.4,1193.4,Flagship store,Books,Children
67858334674,266816,10/6/2011,11,6,3,748,235.62,2479.62,e-Shop,Home and kitchen,Children
77130817150,271285,10/6/2011,3,5,-4,-984,413.28,-4349.28,e-Shop,Books,Kids
91646690385,272648,10/6/2011,11,5,5,364,191.1,2011.1,e-Shop,Books,Children
95313240722,273166,10/6/2011,12,5,2,483,101.43,1067.43,e-Shop,Books,Academic
87617858066,272463,10/6/2011,4,3,3,804,253.26,2665.26,MBR,Electronics,Mens
93047575305,267643,10/6/2011,9,3,5,1417,743.925,7828.925,TeleShop,Electronics,Cameras
40456614388,273166,9/6/2011,7,5,-5,-248,130.2,-1370.2,e-Shop,Books,Fiction
31933953956,273509,9/6/2011,3,2,1,893,93.765,986.765,e-Shop,Footwear,Kids
51346629819,270895,9/6/2011,12,5,-2,-74,15.54,-163.54,TeleShop,Books,Academic
50498177360,269520,9/6/2011,6,5,2,415,87.15,917.15,Flagship store,Books,DIY
41743890641,274061,9/6/2011,6,5,4,675,283.5,2983.5,e-Shop,Books,DIY
6471395773,271905,9/6/2011,3,5,4,808,339.36,3571.36,e-Shop,Books,Kids
48331045596,273803,9/6/2011,4,4,2,1165,244.65,2574.65,e-Shop,Bags,Mens
17340310006,271823,9/6/2011,11,5,4,1250,525,5525,Flagship store,Books,Children
60480857386,271585,9/6/2011,6,5,5,303,159.075,1674.075,TeleShop,Books,DIY
40692937162,274884,9/6/2011,6,5,4,1317,553.14,5821.14,MBR,Books,DIY
11513468210,270321,9/6/2011,2,6,2,1180,247.8,2607.8,Flagship store,Home and kitchen,Furnishing
72465265890,274483,9/6/2011,4,3,3,995,313.425,3298.425,e-Shop,Electronics,Mens
87456253133,270252,9/6/2011,10,5,1,1282,134.61,1416.61,e-Shop,Books,Audio and video
77799901929,272841,9/6/2011,10,3,2,1038,217.98,2293.98,e-Shop,Electronics,Audio and video
91353122064,275143,9/6/2011,4,1,2,1010,212.1,2232.1,e-Shop,Clothing,Mens
81797142494,274503,9/6/2011,4,1,4,452,189.84,1997.84,e-Shop,Clothing,Mens
80305044535,267449,9/6/2011,1,4,4,1052,441.84,4649.84,e-Shop,Bags,Women
50527189631,273805,8/6/2011,1,1,3,665,209.475,2204.475,e-Shop,Clothing,Women
25355649529,270888,8/6/2011,3,5,1,1120,117.6,1237.6,e-Shop,Books,Kids
59254030851,272524,8/6/2011,10,3,3,914,287.91,3029.91,TeleShop,Electronics,Audio and video
43118810381,270992,8/6/2011,1,4,3,210,66.15,696.15,Flagship store,Bags,Women
17562417547,267042,8/6/2011,1,4,4,200,84,884,e-Shop,Bags,Women
31203795515,274093,8/6/2011,3,1,-1,-641,67.305,-708.305,e-Shop,Clothing,Kids
31211276739,270310,8/6/2011,12,6,2,244,51.24,539.24,MBR,Home and kitchen,Academic
40407921739,273599,8/6/2011,12,6,2,810,170.1,1790.1,e-Shop,Home and kitchen,Academic
60031302097,269636,8/6/2011,12,6,4,859,360.78,3796.78,Flagship store,Home and kitchen,Academic
97632039775,274260,8/6/2011,11,6,5,692,363.3,3823.3,MBR,Home and kitchen,Children
70588738170,272365,8/6/2011,10,5,4,1053,442.26,4654.26,Flagship store,Books,Audio and video
94919780527,269015,8/6/2011,1,2,5,162,85.05,895.05,TeleShop,Footwear,Women
68928634026,267324,8/6/2011,9,3,1,489,51.345,540.345,e-Shop,Electronics,Cameras
93239243410,270443,8/6/2011,4,4,4,756,317.52,3341.52,TeleShop,Bags,Mens
78974196025,268569,8/6/2011,2,6,3,366,115.29,1213.29,TeleShop,Home and kitchen,Furnishing
81263744670,272017,8/6/2011,3,2,4,939,394.38,4150.38,e-Shop,Footwear,Kids
1836154685,272801,7/6/2011,8,3,2,240,50.4,530.4,MBR,Electronics,Personal Appliances
61446883993,269650,7/6/2011,4,4,3,515,162.225,1707.225,e-Shop,Bags,Mens
59753179794,272536,7/6/2011,3,5,2,88,18.48,194.48,Flagship store,Books,Kids
37848160943,274808,7/6/2011,12,6,4,1420,596.4,6276.4,TeleShop,Home and kitchen,Academic
20300722635,268461,7/6/2011,8,3,2,425,89.25,939.25,Flagship store,Electronics,Personal Appliances
42286390662,274527,7/6/2011,3,1,1,1092,114.66,1206.66,TeleShop,Clothing,Kids
23369236733,270029,7/6/2011,6,5,5,1028,539.7,5679.7,e-Shop,Books,DIY
6306434456,274948,7/6/2011,12,5,3,730,229.95,2419.95,MBR,Books,Academic
62084465673,268998,7/6/2011,12,5,3,1451,457.065,4810.065,Flagship store,Books,Academic
12411445588,268367,7/6/2011,11,6,2,1052,220.92,2324.92,TeleShop,Home and kitchen,Children
32652438349,268277,7/6/2011,3,5,-5,-1222,641.55,-6751.55,TeleShop,Books,Kids
54905977725,267682,7/6/2011,4,4,2,461,96.81,1018.81,MBR,Bags,Mens
93458174338,269292,7/6/2011,12,5,2,959,201.39,2119.39,Flagship store,Books,Academic
66099661702,274406,7/6/2011,1,4,3,1072,337.68,3553.68,e-Shop,Bags,Women
83693584496,267163,7/6/2011,10,5,3,1014,319.41,3361.41,e-Shop,Books,Audio and video
92458528967,272357,7/6/2011,4,3,3,1359,428.085,4505.085,Flagship store,Electronics,Mens
92008855748,272280,7/6/2011,9,3,2,251,52.71,554.71,TeleShop,Electronics,Cameras
76028895212,272680,7/6/2011,4,1,-4,-397,166.74,-1754.74,Flagship store,Clothing,Mens
80641349511,267252,7/6/2011,1,2,5,447,234.675,2469.675,TeleShop,Footwear,Women
26916812986,268313,6/6/2011,10,6,5,1447,759.675,7994.675,e-Shop,Home and kitchen,Audio and video
28635990863,274116,6/6/2011,4,4,2,1385,290.85,3060.85,Flagship store,Bags,Mens
35447184777,268745,6/6/2011,12,5,5,108,56.7,596.7,TeleShop,Books,Academic
7426789305,271596,6/6/2011,11,6,2,1082,227.22,2391.22,MBR,Home and kitchen,Children
63067408067,268875,6/6/2011,4,4,2,1327,278.67,2932.67,Flagship store,Bags,Mens
9122935468,269551,6/6/2011,6,5,4,764,320.88,3376.88,e-Shop,Books,DIY
4108822890,271601,6/6/2011,10,3,1,528,55.44,583.44,MBR,Electronics,Audio and video
41335475825,272518,6/6/2011,2,6,5,435,228.375,2403.375,e-Shop,Home and kitchen,Furnishing
25152680603,269063,6/6/2011,5,3,4,627,263.34,2771.34,MBR,Electronics,Computers
55176476647,271253,6/6/2011,3,1,2,418,87.78,923.78,TeleShop,Clothing,Kids
44622485726,272194,6/6/2011,10,6,1,265,27.825,292.825,e-Shop,Home and kitchen,Audio and video
92865677098,273586,6/6/2011,3,5,2,409,85.89,903.89,TeleShop,Books,Kids
69997894431,268047,6/6/2011,3,1,2,353,74.13,780.13,e-Shop,Clothing,Kids
83456610147,269485,6/6/2011,8,3,2,1115,234.15,2464.15,TeleShop,Electronics,Personal Appliances
97459504004,274314,6/6/2011,3,5,4,296,124.32,1308.32,e-Shop,Books,Kids
96291204845,272672,6/6/2011,4,4,2,867,182.07,1916.07,TeleShop,Bags,Mens
82152460376,270708,6/6/2011,3,1,4,1415,594.3,6254.3,e-Shop,Clothing,Kids
67931461556,272857,6/6/2011,4,2,1,596,62.58,658.58,e-Shop,Footwear,Mens
72518766082,267915,6/6/2011,5,3,1,234,24.57,258.57,TeleShop,Electronics,Computers
4462806556,267316,5/6/2011,3,1,3,1093,344.295,3623.295,MBR,Clothing,Kids
59271202522,272726,5/6/2011,10,5,2,185,38.85,408.85,e-Shop,Books,Audio and video
35120893748,272188,5/6/2011,3,1,3,796,250.74,2638.74,TeleShop,Clothing,Kids
58845704691,272653,5/6/2011,11,6,1,305,32.025,337.025,MBR,Home and kitchen,Children
60062288141,268255,5/6/2011,11,5,5,1345,706.125,7431.125,e-Shop,Books,Children
15874958373,268740,5/6/2011,11,6,2,117,24.57,258.57,MBR,Home and kitchen,Children
55884977729,274663,5/6/2011,4,2,1,253,26.565,279.565,e-Shop,Footwear,Mens
11385783562,272735,5/6/2011,9,3,5,1496,785.4,8265.4,MBR,Electronics,Cameras
28243146808,272060,5/6/2011,10,5,1,922,96.81,1018.81,e-Shop,Books,Audio and video
13241543394,270041,5/6/2011,5,3,5,356,186.9,1966.9,MBR,Electronics,Computers
40880585020,269201,5/6/2011,3,5,2,706,148.26,1560.26,TeleShop,Books,Kids
32370205767,271040,5/6/2011,4,2,5,1370,719.25,7569.25,e-Shop,Footwear,Mens
52683738699,271733,5/6/2011,10,3,1,868,91.14,959.14,TeleShop,Electronics,Audio and video
89343936498,271252,5/6/2011,11,6,3,1376,433.44,4561.44,Flagship store,Home and kitchen,Children
84080888543,273014,5/6/2011,1,2,4,85,35.7,375.7,e-Shop,Footwear,Women
91809403785,267359,5/6/2011,1,4,1,1433,150.465,1583.465,TeleShop,Bags,Women
99182597993,270469,5/6/2011,4,3,1,382,40.11,422.11,TeleShop,Electronics,Mens
51346629819,270895,4/6/2011,12,5,2,74,15.54,163.54,TeleShop,Books,Academic
13142289102,271822,4/6/2011,10,3,-5,-825,433.125,-4558.125,TeleShop,Electronics,Audio and video
48739179495,274782,4/6/2011,9,3,1,127,13.335,140.335,e-Shop,Electronics,Cameras
16915576082,272314,4/6/2011,9,3,3,236,74.34,782.34,e-Shop,Electronics,Cameras
34385999995,269546,4/6/2011,7,5,2,453,95.13,1001.13,Flagship store,Books,Fiction
47329945459,267425,4/6/2011,5,3,3,1161,365.715,3848.715,Flagship store,Electronics,Computers
28766960593,271558,4/6/2011,6,5,3,655,206.325,2171.325,TeleShop,Books,DIY
84239328473,267028,4/6/2011,6,5,5,1240,651,6851,MBR,Books,DIY
96280774702,269233,4/6/2011,3,2,-4,-1459,612.78,-6448.78,Flagship store,Footwear,Kids
84116834575,271239,4/6/2011,12,6,1,821,86.205,907.205,MBR,Home and kitchen,Academic
98365206197,268934,4/6/2011,8,3,4,697,292.74,3080.74,MBR,Electronics,Personal Appliances
37903203832,274972,3/6/2011,11,5,4,406,170.52,1794.52,MBR,Books,Children
43095630030,272682,3/6/2011,8,3,3,433,136.395,1435.395,e-Shop,Electronics,Personal Appliances
20829915679,267768,3/6/2011,8,3,3,1028,323.82,3407.82,e-Shop,Electronics,Personal Appliances
21429743804,269528,3/6/2011,1,4,5,985,517.125,5442.125,TeleShop,Bags,Women
35945678971,273265,3/6/2011,12,6,1,942,98.91,1040.91,e-Shop,Home and kitchen,Academic
19048050518,274591,3/6/2011,11,6,5,1354,710.85,7480.85,TeleShop,Home and kitchen,Children
46549370667,269266,3/6/2011,10,6,4,136,57.12,601.12,e-Shop,Home and kitchen,Audio and video
10682151944,270738,3/6/2011,4,2,2,1314,275.94,2903.94,TeleShop,Footwear,Mens
80195267228,268492,3/6/2011,4,4,2,781,164.01,1726.01,e-Shop,Bags,Mens
85159289036,272168,3/6/2011,1,1,5,131,68.775,723.775,Flagship store,Clothing,Women
92481057802,270457,3/6/2011,12,5,4,805,338.1,3558.1,Flagship store,Books,Academic
73449880608,268149,3/6/2011,3,1,2,656,137.76,1449.76,e-Shop,Clothing,Kids
67020782734,270419,3/6/2011,11,5,5,495,259.875,2734.875,e-Shop,Books,Children
92291569524,266952,3/6/2011,12,6,1,1112,116.76,1228.76,Flagship store,Home and kitchen,Academic
97850138503,273752,3/6/2011,4,1,2,947,198.87,2092.87,e-Shop,Clothing,Mens
71308225311,266822,3/6/2011,4,3,4,1023,429.66,4521.66,e-Shop,Electronics,Mens
68198073415,271688,3/6/2011,4,1,1,367,38.535,405.535,Flagship store,Clothing,Mens
64465350576,274199,3/6/2011,12,5,5,1314,689.85,7259.85,e-Shop,Books,Academic
18631165169,270303,2/6/2011,4,1,1,647,67.935,714.935,MBR,Clothing,Mens
49687685431,270091,2/6/2011,12,6,1,481,50.505,531.505,e-Shop,Home and kitchen,Academic
36020671547,268697,2/6/2011,11,6,5,1410,740.25,7790.25,TeleShop,Home and kitchen,Children
51072964613,272404,2/6/2011,3,5,5,645,338.625,3563.625,e-Shop,Books,Kids
25866100166,270252,2/6/2011,10,6,-5,-273,143.325,-1508.325,MBR,Home and kitchen,Audio and video
42834316986,271297,2/6/2011,10,3,-5,-721,378.525,-3983.525,e-Shop,Electronics,Audio and video
23180380934,274653,2/6/2011,2,6,3,508,160.02,1684.02,TeleShop,Home and kitchen,Furnishing
115261786,271509,2/6/2011,7,5,4,1172,492.24,5180.24,e-Shop,Books,Fiction
9243611571,270905,2/6/2011,10,3,4,463,194.46,2046.46,e-Shop,Electronics,Audio and video
41811058465,270594,2/6/2011,4,2,5,440,231,2431,TeleShop,Footwear,Mens
17703593917,272148,2/6/2011,3,2,3,738,232.47,2446.47,Flagship store,Footwear,Kids
60389507775,273481,2/6/2011,3,1,3,295,92.925,977.925,e-Shop,Clothing,Kids
46578629807,267279,2/6/2011,12,6,3,114,35.91,377.91,e-Shop,Home and kitchen,Academic
13637233516,267907,2/6/2011,12,5,1,1074,112.77,1186.77,TeleShop,Books,Academic
3822533468,271262,2/6/2011,4,4,4,1441,605.22,6369.22,MBR,Bags,Mens
85366770556,273900,2/6/2011,8,3,1,151,15.855,166.855,Flagship store,Electronics,Personal Appliances
67779063215,268551,2/6/2011,11,6,4,353,148.26,1560.26,e-Shop,Home and kitchen,Children
65235049987,269471,2/6/2011,12,6,1,465,48.825,513.825,e-Shop,Home and kitchen,Academic
95770657494,267704,2/6/2011,5,3,3,76,23.94,251.94,MBR,Electronics,Computers
68771978510,270602,2/6/2011,8,3,-3,-957,301.455,-3172.455,MBR,Electronics,Personal Appliances
92646321365,267575,2/6/2011,11,5,2,1456,305.76,3217.76,Flagship store,Books,Children
77130817150,271285,2/6/2011,3,5,4,984,413.28,4349.28,e-Shop,Books,Kids
5080961703,269948,1/6/2011,3,5,2,295,61.95,651.95,TeleShop,Books,Kids
31363411784,268001,1/6/2011,1,1,5,575,301.875,3176.875,TeleShop,Clothing,Women
30885426860,268332,1/6/2011,12,6,1,653,68.565,721.565,TeleShop,Home and kitchen,Academic
39800982139,266952,1/6/2011,4,2,3,1318,415.17,4369.17,e-Shop,Footwear,Mens
14330017091,270171,1/6/2011,3,2,5,456,239.4,2519.4,e-Shop,Footwear,Kids
7944408766,268282,1/6/2011,2,6,1,1442,151.41,1593.41,MBR,Home and kitchen,Furnishing
50802946406,273131,1/6/2011,1,2,1,1385,145.425,1530.425,e-Shop,Footwear,Women
15033880978,268334,1/6/2011,12,5,3,601,189.315,1992.315,e-Shop,Books,Academic
43088045920,271927,1/6/2011,10,6,2,1334,280.14,2948.14,Flagship store,Home and kitchen,Audio and video
53811228598,267066,1/6/2011,8,3,1,387,40.635,427.635,e-Shop,Electronics,Personal Appliances
11825633618,268629,1/6/2011,10,5,5,740,388.5,4088.5,e-Shop,Books,Audio and video
70277687740,272230,1/6/2011,2,6,5,114,59.85,629.85,MBR,Home and kitchen,Furnishing
68771978510,270602,1/6/2011,8,3,3,957,301.455,3172.455,MBR,Electronics,Personal Appliances
85910231864,270678,1/6/2011,4,2,5,1337,701.925,7386.925,e-Shop,Footwear,Mens
91436828664,268440,1/6/2011,5,3,1,1194,125.37,1319.37,e-Shop,Electronics,Computers
86872334794,267309,1/6/2011,10,6,2,434,91.14,959.14,Flagship store,Home and kitchen,Audio and video
92685279607,268710,1/6/2011,11,6,-1,-765,80.325,-845.325,Flagship store,Home and kitchen,Children
81744965216,272775,1/6/2011,4,3,5,786,412.65,4342.65,e-Shop,Electronics,Mens
29362064152,270894,31-05-2011,7,5,5,555,291.375,3066.375,MBR,Books,Fiction
44009647551,268973,31-05-2011,8,3,1,181,19.005,200.005,MBR,Electronics,Personal Appliances
42134777680,272411,31-05-2011,10,5,4,530,222.6,2342.6,Flagship store,Books,Audio and video
56624954519,271232,31-05-2011,4,2,2,1137,238.77,2512.77,Flagship store,Footwear,Mens
42834316986,271297,31-05-2011,10,3,5,721,378.525,3983.525,e-Shop,Electronics,Audio and video
3795900710,269570,31-05-2011,2,6,1,601,63.105,664.105,MBR,Home and kitchen,Furnishing
55891245673,269141,31-05-2011,11,5,4,442,185.64,1953.64,e-Shop,Books,Children
17941702454,267707,31-05-2011,6,5,3,188,59.22,623.22,e-Shop,Books,DIY
32652438349,268277,31-05-2011,3,5,5,1222,641.55,6751.55,TeleShop,Books,Kids
7166520492,275081,31-05-2011,3,2,-4,-1240,520.8,-5480.8,TeleShop,Footwear,Kids
65286094861,267068,31-05-2011,5,3,1,1027,107.835,1134.835,TeleShop,Electronics,Computers
71008386331,274438,31-05-2011,4,4,4,148,62.16,654.16,MBR,Bags,Mens
85737220510,273822,31-05-2011,10,3,5,380,199.5,2099.5,e-Shop,Electronics,Audio and video
65131861083,273507,31-05-2011,1,4,2,379,79.59,837.59,e-Shop,Bags,Women
93782548693,268716,31-05-2011,6,5,3,738,232.47,2446.47,Flagship store,Books,DIY
76504651442,272508,31-05-2011,1,4,2,306,64.26,676.26,MBR,Bags,Women
39689324071,270031,30-05-2011,3,2,3,567,178.605,1879.605,e-Shop,Footwear,Kids
34224495171,272317,30-05-2011,1,4,-3,-1248,393.12,-4137.12,e-Shop,Bags,Women
31203795515,274093,30-05-2011,3,1,1,641,67.305,708.305,e-Shop,Clothing,Kids
59326321578,268216,30-05-2011,7,5,2,379,79.59,837.59,TeleShop,Books,Fiction
42054226963,267164,30-05-2011,6,5,4,939,394.38,4150.38,MBR,Books,DIY
35220334568,270396,30-05-2011,2,6,1,601,63.105,664.105,TeleShop,Home and kitchen,Furnishing
35800013179,271810,30-05-2011,1,1,2,629,132.09,1390.09,TeleShop,Clothing,Women
41950460673,267173,30-05-2011,10,5,2,513,107.73,1133.73,TeleShop,Books,Audio and video
40456614388,273166,30-05-2011,7,5,5,248,130.2,1370.2,e-Shop,Books,Fiction
26405618396,266855,30-05-2011,5,3,1,682,71.61,753.61,TeleShop,Electronics,Computers
5945967674,272071,30-05-2011,12,6,5,216,113.4,1193.4,Flagship store,Home and kitchen,Academic
5447116258,269526,30-05-2011,10,5,4,156,65.52,689.52,e-Shop,Books,Audio and video
943176003,274524,30-05-2011,3,5,5,298,156.45,1646.45,MBR,Books,Kids
3097670983,274247,30-05-2011,1,4,1,1042,109.41,1151.41,TeleShop,Bags,Women
56295737252,274489,30-05-2011,9,3,-4,-758,318.36,-3350.36,e-Shop,Electronics,Cameras
42328605702,268838,30-05-2011,1,4,3,1110,349.65,3679.65,MBR,Bags,Women
87393976677,271618,30-05-2011,1,4,2,912,191.52,2015.52,TeleShop,Bags,Women
77765522739,270081,30-05-2011,1,4,3,1478,465.57,4899.57,e-Shop,Bags,Women
75163718042,274186,30-05-2011,3,2,4,878,368.76,3880.76,MBR,Footwear,Kids
76028895212,272680,30-05-2011,4,1,4,397,166.74,1754.74,Flagship store,Clothing,Mens
89622521036,268147,30-05-2011,3,2,-3,-465,146.475,-1541.475,TeleShop,Footwear,Kids
71547235149,269394,30-05-2011,8,3,1,1353,142.065,1495.065,Flagship store,Electronics,Personal Appliances
75882406431,273510,30-05-2011,7,5,1,525,55.125,580.125,MBR,Books,Fiction
37172455892,269216,29-05-2011,1,1,4,1188,498.96,5250.96,e-Shop,Clothing,Women
52329817066,273251,29-05-2011,12,5,3,640,201.6,2121.6,MBR,Books,Academic
18309952362,275162,29-05-2011,1,1,1,1042,109.41,1151.41,MBR,Clothing,Women
33729725719,269139,29-05-2011,4,3,5,619,324.975,3419.975,TeleShop,Electronics,Mens
22211976978,269594,29-05-2011,4,3,4,260,109.2,1149.2,Flagship store,Electronics,Mens
29295812002,274144,29-05-2011,1,2,4,726,304.92,3208.92,MBR,Footwear,Women
13142289102,271822,29-05-2011,10,3,-5,-825,433.125,-4558.125,TeleShop,Electronics,Audio and video
50601610709,266883,29-05-2011,3,5,1,472,49.56,521.56,Flagship store,Books,Kids
91539933155,267557,29-05-2011,1,4,3,183,57.645,606.645,e-Shop,Bags,Women
86779563042,271032,29-05-2011,6,5,2,552,115.92,1219.92,TeleShop,Books,DIY
76252334812,268147,29-05-2011,10,6,1,178,18.69,196.69,MBR,Home and kitchen,Audio and video
80750536942,267226,29-05-2011,10,3,3,1157,364.455,3835.455,e-Shop,Electronics,Audio and video
71177135402,269375,29-05-2011,3,1,3,333,104.895,1103.895,TeleShop,Clothing,Kids
18397180119,272809,28-05-2011,4,2,5,1020,535.5,5635.5,Flagship store,Footwear,Mens
15427331427,270145,28-05-2011,4,4,1,1424,149.52,1573.52,Flagship store,Bags,Mens
26485797329,269221,28-05-2011,2,6,5,1005,527.625,5552.625,MBR,Home and kitchen,Furnishing
30429808831,267356,28-05-2011,4,1,5,290,152.25,1602.25,e-Shop,Clothing,Mens
15079829701,272556,28-05-2011,11,6,5,393,206.325,2171.325,MBR,Home and kitchen,Children
63121615260,266935,28-05-2011,10,6,4,181,76.02,800.02,e-Shop,Home and kitchen,Audio and video
27339886364,267002,28-05-2011,4,2,4,287,120.54,1268.54,TeleShop,Footwear,Mens
34373379620,274246,28-05-2011,12,5,5,991,520.275,5475.275,TeleShop,Books,Academic
50752512570,272593,28-05-2011,1,4,1,458,48.09,506.09,MBR,Bags,Women
46015919653,267920,28-05-2011,1,1,-2,-1470,308.7,-3248.7,e-Shop,Clothing,Women
42624471605,275031,28-05-2011,11,5,1,1346,141.33,1487.33,e-Shop,Books,Children
12374909934,275117,28-05-2011,3,5,5,81,42.525,447.525,e-Shop,Books,Kids
33034382290,271092,28-05-2011,10,5,4,1400,588,6188,TeleShop,Books,Audio and video
34224495171,272317,28-05-2011,1,4,3,1248,393.12,4137.12,e-Shop,Bags,Women
23510558932,270563,28-05-2011,1,1,4,1050,441,4641,e-Shop,Clothing,Women
92356842351,267653,28-05-2011,10,5,-2,-1428,299.88,-3155.88,MBR,Books,Audio and video
78504919301,271154,28-05-2011,10,6,-4,-746,313.32,-3297.32,TeleShop,Home and kitchen,Audio and video
89272472642,272105,28-05-2011,7,5,5,305,160.125,1685.125,e-Shop,Books,Fiction
92815705204,274881,28-05-2011,9,3,3,370,116.55,1226.55,e-Shop,Electronics,Cameras
90022277289,275245,28-05-2011,7,5,-4,-223,93.66,-985.66,Flagship store,Books,Fiction
87877613366,275183,28-05-2011,4,4,4,753,316.26,3328.26,e-Shop,Bags,Mens
96291953199,272438,28-05-2011,1,2,1,803,84.315,887.315,e-Shop,Footwear,Women
61167623314,274035,27-05-2011,4,4,-5,-1401,735.525,-7740.525,MBR,Bags,Mens
58424425260,271747,27-05-2011,3,1,1,813,85.365,898.365,e-Shop,Clothing,Kids
25656141034,269297,27-05-2011,4,3,3,77,24.255,255.255,e-Shop,Electronics,Mens
17486817250,272756,27-05-2011,3,2,4,634,266.28,2802.28,MBR,Footwear,Kids
50125157043,273733,27-05-2011,4,4,2,127,26.67,280.67,MBR,Bags,Mens
37488717169,269591,27-05-2011,12,6,5,212,111.3,1171.3,Flagship store,Home and kitchen,Academic
53196241749,269291,27-05-2011,10,5,-4,-1446,607.32,-6391.32,e-Shop,Books,Audio and video
63100674967,271747,27-05-2011,3,1,1,853,89.565,942.565,MBR,Clothing,Kids
49397939875,268126,27-05-2011,2,6,1,1413,148.365,1561.365,MBR,Home and kitchen,Furnishing
3993111004,269087,27-05-2011,4,3,2,1151,241.71,2543.71,e-Shop,Electronics,Mens
3165997172,274689,27-05-2011,12,5,1,94,9.87,103.87,e-Shop,Books,Academic
89622521036,268147,27-05-2011,3,2,3,465,146.475,1541.475,TeleShop,Footwear,Kids
79532836099,269315,27-05-2011,11,6,2,1399,293.79,3091.79,Flagship store,Home and kitchen,Children
13142289102,271822,26-05-2011,10,3,5,825,433.125,4558.125,TeleShop,Electronics,Audio and video
35499763240,270812,26-05-2011,3,5,4,544,228.48,2404.48,e-Shop,Books,Kids
24293679422,269831,26-05-2011,1,4,2,1173,246.33,2592.33,Flagship store,Bags,Women
9855867664,273596,26-05-2011,10,6,4,968,406.56,4278.56,e-Shop,Home and kitchen,Audio and video
29491054822,268502,26-05-2011,10,3,2,379,79.59,837.59,e-Shop,Electronics,Audio and video
21089246759,274369,26-05-2011,4,3,1,709,74.445,783.445,Flagship store,Electronics,Mens
5720247088,273033,26-05-2011,5,3,-3,-943,297.045,-3126.045,MBR,Electronics,Computers
972923412,274295,26-05-2011,1,4,5,95,49.875,524.875,MBR,Bags,Women
40864076176,269120,26-05-2011,9,3,1,802,84.21,886.21,e-Shop,Electronics,Cameras
47540823261,271103,26-05-2011,10,6,-5,-1199,629.475,-6624.475,MBR,Home and kitchen,Audio and video
56295737252,274489,26-05-2011,9,3,4,758,318.36,3350.36,e-Shop,Electronics,Cameras
56767116274,275252,26-05-2011,4,1,4,829,348.18,3664.18,TeleShop,Clothing,Mens
74034467223,274512,26-05-2011,1,2,5,73,38.325,403.325,e-Shop,Footwear,Women
76619908436,269413,26-05-2011,4,3,4,362,152.04,1600.04,e-Shop,Electronics,Mens
97403084617,269635,26-05-2011,8,3,-5,-977,512.925,-5397.925,Flagship store,Electronics,Personal Appliances
70690377494,273734,26-05-2011,3,2,-2,-388,81.48,-857.48,TeleShop,Footwear,Kids
67811621595,274904,26-05-2011,9,3,1,175,18.375,193.375,MBR,Electronics,Cameras
78504919301,271154,26-05-2011,10,6,4,746,313.32,3297.32,TeleShop,Home and kitchen,Audio and video
89115050967,267126,26-05-2011,1,2,5,1181,620.025,6525.025,e-Shop,Footwear,Women
91168831452,269983,26-05-2011,9,3,5,197,103.425,1088.425,Flagship store,Electronics,Cameras
96280774702,269233,26-05-2011,3,2,4,1459,612.78,6448.78,Flagship store,Footwear,Kids
94023610745,270225,26-05-2011,7,5,1,1410,148.05,1558.05,TeleShop,Books,Fiction
31744308484,273125,25-05-2011,8,3,1,1121,117.705,1238.705,TeleShop,Electronics,Personal Appliances
35075583562,269963,25-05-2011,8,3,4,404,169.68,1785.68,e-Shop,Electronics,Personal Appliances
63063470656,274541,25-05-2011,7,5,1,111,11.655,122.655,e-Shop,Books,Fiction
31143367601,270338,25-05-2011,2,6,4,543,228.06,2400.06,Flagship store,Home and kitchen,Furnishing
56519220134,269212,25-05-2011,1,2,3,840,264.6,2784.6,MBR,Footwear,Women
22688204318,273250,25-05-2011,11,6,-4,-1436,603.12,-6347.12,MBR,Home and kitchen,Children
57921017268,269508,25-05-2011,11,5,3,513,161.595,1700.595,e-Shop,Books,Children
48180398208,267231,25-05-2011,12,6,-2,-187,39.27,-413.27,e-Shop,Home and kitchen,Academic
25866100166,270252,25-05-2011,10,6,5,273,143.325,1508.325,MBR,Home and kitchen,Audio and video
33061908919,269736,25-05-2011,9,3,4,273,114.66,1206.66,TeleShop,Electronics,Cameras
6869666768,268348,25-05-2011,5,3,3,1028,323.82,3407.82,TeleShop,Electronics,Computers
89804318613,268859,25-05-2011,8,3,2,181,38.01,400.01,Flagship store,Electronics,Personal Appliances
91953010819,268177,25-05-2011,10,6,4,607,254.94,2682.94,Flagship store,Home and kitchen,Audio and video
76261665649,271004,25-05-2011,3,1,1,762,80.01,842.01,TeleShop,Clothing,Kids
73154954127,267261,25-05-2011,4,2,2,213,44.73,470.73,Flagship store,Footwear,Mens
67834774178,267398,25-05-2011,8,3,2,1306,274.26,2886.26,Flagship store,Electronics,Personal Appliances
58358621757,272649,24-05-2011,1,4,2,1161,243.81,2565.81,Flagship store,Bags,Women
40356219673,270960,24-05-2011,3,2,5,167,87.675,922.675,e-Shop,Footwear,Kids
40355913765,273124,24-05-2011,2,6,-1,-921,96.705,-1017.705,e-Shop,Home and kitchen,Furnishing
62449079655,274328,24-05-2011,11,5,4,1323,555.66,5847.66,e-Shop,Books,Children
9849419162,271073,24-05-2011,11,5,4,746,313.32,3297.32,MBR,Books,Children
40368201731,268366,24-05-2011,1,2,1,754,79.17,833.17,Flagship store,Footwear,Women
36475200887,270803,24-05-2011,3,2,2,862,181.02,1905.02,MBR,Footwear,Kids
45287822462,270208,24-05-2011,11,6,3,833,262.395,2761.395,e-Shop,Home and kitchen,Children
39728113672,274759,24-05-2011,5,3,5,543,285.075,3000.075,TeleShop,Electronics,Computers
2218311671,271523,24-05-2011,11,6,3,1395,439.425,4624.425,TeleShop,Home and kitchen,Children
15939893279,274816,24-05-2011,1,1,5,264,138.6,1458.6,e-Shop,Clothing,Women
59413849859,274217,24-05-2011,3,2,1,1370,143.85,1513.85,Flagship store,Footwear,Kids
23470473504,270229,24-05-2011,3,1,2,477,100.17,1054.17,MBR,Clothing,Kids
34424791767,270344,24-05-2011,10,3,2,537,112.77,1186.77,Flagship store,Electronics,Audio and video
17592188814,269647,24-05-2011,3,5,2,716,150.36,1582.36,e-Shop,Books,Kids
60624340030,270164,24-05-2011,10,5,-3,-1325,417.375,-4392.375,TeleShop,Books,Audio and video
25202037266,274686,24-05-2011,3,2,1,999,104.895,1103.895,MBR,Footwear,Kids
43492948536,274438,24-05-2011,12,6,3,1219,383.985,4040.985,TeleShop,Home and kitchen,Academic
25302798965,271244,24-05-2011,10,6,-4,-125,52.5,-552.5,e-Shop,Home and kitchen,Audio and video
57193024340,268393,24-05-2011,2,6,1,1280,134.4,1414.4,MBR,Home and kitchen,Furnishing
78728237275,267640,24-05-2011,1,2,3,1370,431.55,4541.55,Flagship store,Footwear,Women
73217688898,271052,24-05-2011,11,6,5,802,421.05,4431.05,e-Shop,Home and kitchen,Children
80527168285,274807,24-05-2011,6,5,3,465,146.475,1541.475,e-Shop,Books,DIY
97067310390,272189,24-05-2011,11,5,3,1072,337.68,3553.68,TeleShop,Books,Children
68077471912,268342,24-05-2011,12,6,4,1196,502.32,5286.32,MBR,Home and kitchen,Academic
81211545489,268290,24-05-2011,8,3,4,103,43.26,455.26,TeleShop,Electronics,Personal Appliances
71326122639,272974,24-05-2011,10,3,4,1322,555.24,5843.24,e-Shop,Electronics,Audio and video
63775695661,268477,24-05-2011,3,2,3,783,246.645,2595.645,TeleShop,Footwear,Kids
3308293816,271729,23-05-2011,12,6,3,598,188.37,1982.37,MBR,Home and kitchen,Academic
801302692,272201,23-05-2011,11,6,2,1129,237.09,2495.09,e-Shop,Home and kitchen,Children
40355913765,273124,23-05-2011,2,6,1,921,96.705,1017.705,e-Shop,Home and kitchen,Furnishing
33628310063,275226,23-05-2011,1,4,3,1280,403.2,4243.2,e-Shop,Bags,Women
3098791267,274624,23-05-2011,7,5,5,1325,695.625,7320.625,e-Shop,Books,Fiction
15251291902,272046,23-05-2011,12,6,5,490,257.25,2707.25,MBR,Home and kitchen,Academic
52855184424,271414,23-05-2011,1,4,5,651,341.775,3596.775,TeleShop,Bags,Women
97870111073,268512,23-05-2011,5,3,2,268,56.28,592.28,e-Shop,Electronics,Computers
64777271023,275034,23-05-2011,7,5,2,197,41.37,435.37,Flagship store,Books,Fiction
70690377494,273734,23-05-2011,3,2,2,388,81.48,857.48,TeleShop,Footwear,Kids
78048366503,271066,23-05-2011,4,3,-1,-208,21.84,-229.84,e-Shop,Electronics,Mens
28503820917,267497,22-05-2011,4,1,5,1268,665.7,7005.7,TeleShop,Clothing,Mens
22278485128,267025,22-05-2011,4,1,5,187,98.175,1033.175,e-Shop,Clothing,Mens
39601904854,267701,22-05-2011,1,1,-5,-930,488.25,-5138.25,Flagship store,Clothing,Women
7166520492,275081,22-05-2011,3,2,4,1240,520.8,5480.8,TeleShop,Footwear,Kids
22709456057,270985,22-05-2011,10,6,5,165,86.625,911.625,TeleShop,Home and kitchen,Audio and video
33388207640,267233,22-05-2011,1,1,1,289,30.345,319.345,e-Shop,Clothing,Women
45911651014,272559,22-05-2011,1,1,3,578,182.07,1916.07,e-Shop,Clothing,Women
63126920365,271489,22-05-2011,4,1,4,131,55.02,579.02,TeleShop,Clothing,Mens
4710310315,267401,22-05-2011,10,6,3,1146,360.99,3798.99,MBR,Home and kitchen,Audio and video
43516417150,266906,22-05-2011,1,1,5,200,105,1105,TeleShop,Clothing,Women
3447643828,267252,22-05-2011,11,6,1,398,41.79,439.79,e-Shop,Home and kitchen,Children
57657521337,274408,22-05-2011,12,5,3,609,191.835,2018.835,Flagship store,Books,Academic
62246661789,270572,22-05-2011,12,6,4,429,180.18,1896.18,Flagship store,Home and kitchen,Academic
46486089880,274087,22-05-2011,7,5,-2,-224,47.04,-495.04,MBR,Books,Fiction
53636777342,274582,22-05-2011,6,5,1,1239,130.095,1369.095,MBR,Books,DIY
58869497487,272503,22-05-2011,1,4,3,400,126,1326,TeleShop,Bags,Women
14581213571,273515,22-05-2011,2,6,3,1265,398.475,4193.475,Flagship store,Home and kitchen,Furnishing
61167623314,274035,22-05-2011,4,4,-5,-1401,735.525,-7740.525,MBR,Bags,Mens
46015919653,267920,22-05-2011,1,1,2,1470,308.7,3248.7,e-Shop,Clothing,Women
75469540317,268068,22-05-2011,12,6,5,1383,726.075,7641.075,TeleShop,Home and kitchen,Academic
83876780887,270678,22-05-2011,10,6,-2,-912,191.52,-2015.52,Flagship store,Home and kitchen,Audio and video
92685279607,268710,22-05-2011,11,6,1,765,80.325,845.325,Flagship store,Home and kitchen,Children
99517583371,268347,22-05-2011,6,5,-3,-953,300.195,-3159.195,e-Shop,Books,DIY
90360776187,274445,22-05-2011,6,5,5,566,297.15,3127.15,Flagship store,Books,DIY
86484634598,268261,22-05-2011,3,1,2,809,169.89,1787.89,e-Shop,Clothing,Kids
91267113281,271526,22-05-2011,9,3,5,600,315,3315,Flagship store,Electronics,Cameras
47540823261,271103,21-05-2011,10,6,5,1199,629.475,6624.475,MBR,Home and kitchen,Audio and video
9357502772,272849,21-05-2011,1,1,-5,-298,156.45,-1646.45,e-Shop,Clothing,Women
22989507320,267683,21-05-2011,4,3,4,922,387.24,4075.24,MBR,Electronics,Mens
24470932758,273026,21-05-2011,4,1,2,643,135.03,1421.03,Flagship store,Clothing,Mens
46486089880,274087,21-05-2011,7,5,2,224,47.04,495.04,MBR,Books,Fiction
48684210661,271565,21-05-2011,3,5,4,535,224.7,2364.7,e-Shop,Books,Kids
93493608970,267498,21-05-2011,10,6,3,946,297.99,3135.99,Flagship store,Home and kitchen,Audio and video
95648439744,275076,21-05-2011,11,6,3,78,24.57,258.57,e-Shop,Home and kitchen,Children
82066111598,273123,21-05-2011,2,6,1,1024,107.52,1131.52,e-Shop,Home and kitchen,Furnishing
83876780887,270678,21-05-2011,10,6,2,912,191.52,2015.52,Flagship store,Home and kitchen,Audio and video
81018721850,273053,21-05-2011,9,3,1,1377,144.585,1521.585,e-Shop,Electronics,Cameras
98779931350,274196,21-05-2011,5,3,1,809,84.945,893.945,e-Shop,Electronics,Computers
6015452846,268560,20-05-2011,7,5,5,291,152.775,1607.775,TeleShop,Books,Fiction
13798139048,271308,20-05-2011,12,6,4,1109,465.78,4901.78,Flagship store,Home and kitchen,Academic
5720247088,273033,20-05-2011,5,3,3,943,297.045,3126.045,MBR,Electronics,Computers
14512368141,270967,20-05-2011,1,2,2,552,115.92,1219.92,e-Shop,Footwear,Women
58064640073,266843,20-05-2011,10,6,1,1223,128.415,1351.415,MBR,Home and kitchen,Audio and video
42688801985,267338,20-05-2011,11,5,3,711,223.965,2356.965,Flagship store,Books,Children
7932841183,269979,20-05-2011,3,2,3,599,188.685,1985.685,Flagship store,Footwear,Kids
60156894486,272374,20-05-2011,10,6,3,691,217.665,2290.665,TeleShop,Home and kitchen,Audio and video
49509375496,269859,20-05-2011,4,3,4,1333,559.86,5891.86,TeleShop,Electronics,Mens
39260648835,274274,20-05-2011,3,5,1,1070,112.35,1182.35,e-Shop,Books,Kids
7780945970,274575,20-05-2011,4,1,1,154,16.17,170.17,e-Shop,Clothing,Mens
9357502772,272849,20-05-2011,1,1,5,298,156.45,1646.45,e-Shop,Clothing,Women
2329461164,268301,20-05-2011,3,5,4,1345,564.9,5944.9,TeleShop,Books,Kids
68149231039,268037,20-05-2011,4,4,3,1020,321.3,3381.3,MBR,Bags,Mens
65817343324,270922,20-05-2011,2,6,5,1285,674.625,7099.625,MBR,Home and kitchen,Furnishing
78561412958,275083,20-05-2011,6,5,1,840,88.2,928.2,e-Shop,Books,DIY
92356842351,267653,20-05-2011,10,5,2,1428,299.88,3155.88,MBR,Books,Audio and video
87116215285,272501,20-05-2011,1,4,2,1322,277.62,2921.62,e-Shop,Bags,Women
70665183434,267287,20-05-2011,2,6,4,1128,473.76,4985.76,TeleShop,Home and kitchen,Furnishing
78048366503,271066,20-05-2011,4,3,1,208,21.84,229.84,e-Shop,Electronics,Mens
70586652208,272330,20-05-2011,1,1,3,1434,451.71,4753.71,TeleShop,Clothing,Women
68509691719,272760,20-05-2011,10,3,3,1499,472.185,4969.185,Flagship store,Electronics,Audio and video
26898318738,274426,19-05-2011,1,2,2,1322,277.62,2921.62,e-Shop,Footwear,Women
11309728485,267818,19-05-2011,8,3,4,709,297.78,3133.78,e-Shop,Electronics,Personal Appliances
61167623314,274035,19-05-2011,4,4,5,1401,735.525,7740.525,MBR,Bags,Mens
35061961122,270295,19-05-2011,2,6,4,1483,622.86,6554.86,Flagship store,Home and kitchen,Furnishing
4544981876,274522,19-05-2011,4,1,3,1282,403.83,4249.83,e-Shop,Clothing,Mens
7272980443,267830,19-05-2011,9,3,4,864,362.88,3818.88,Flagship store,Electronics,Cameras
48660504786,267668,19-05-2011,12,6,2,702,147.42,1551.42,MBR,Home and kitchen,Academic
7657653934,268177,19-05-2011,10,6,4,711,298.62,3142.62,MBR,Home and kitchen,Audio and video
53196241749,269291,19-05-2011,10,5,4,1446,607.32,6391.32,e-Shop,Books,Audio and video
26660808484,269183,19-05-2011,1,1,4,1285,539.7,5679.7,TeleShop,Clothing,Women
54617316150,273971,19-05-2011,5,3,5,1398,733.95,7723.95,e-Shop,Electronics,Computers
46853058678,271120,19-05-2011,5,3,5,140,73.5,773.5,TeleShop,Electronics,Computers
97403084617,269635,19-05-2011,8,3,5,977,512.925,5397.925,Flagship store,Electronics,Personal Appliances
90022277289,275245,19-05-2011,7,5,4,223,93.66,985.66,Flagship store,Books,Fiction
95432208195,268565,19-05-2011,11,6,3,186,58.59,616.59,TeleShop,Home and kitchen,Children
99614906684,273595,19-05-2011,10,3,3,384,120.96,1272.96,Flagship store,Electronics,Audio and video
68742273058,269437,19-05-2011,9,3,4,673,282.66,2974.66,Flagship store,Electronics,Cameras
88966345966,274246,19-05-2011,10,5,2,612,128.52,1352.52,TeleShop,Books,Audio and video
63280054627,267760,19-05-2011,8,3,1,172,18.06,190.06,e-Shop,Electronics,Personal Appliances
66575159260,269454,19-05-2011,4,1,1,1305,137.025,1442.025,Flagship store,Clothing,Mens
32742985486,274019,18-05-2011,9,3,5,940,493.5,5193.5,Flagship store,Electronics,Cameras
12893210746,269021,18-05-2011,12,6,1,783,82.215,865.215,e-Shop,Home and kitchen,Academic
58892454117,271292,18-05-2011,3,2,3,457,143.955,1514.955,Flagship store,Footwear,Kids
48180398208,267231,18-05-2011,12,6,2,187,39.27,413.27,e-Shop,Home and kitchen,Academic
2230026353,267210,18-05-2011,1,2,4,256,107.52,1131.52,e-Shop,Footwear,Women
52006392618,273045,18-05-2011,3,1,1,345,36.225,381.225,Flagship store,Clothing,Kids
26674618000,270541,18-05-2011,4,2,-3,-76,23.94,-251.94,e-Shop,Footwear,Mens
29366838633,273399,18-05-2011,3,2,1,291,30.555,321.555,e-Shop,Footwear,Kids
19256328952,267398,18-05-2011,1,4,3,1267,399.105,4200.105,e-Shop,Bags,Women
17234731921,266865,18-05-2011,4,2,3,1407,443.205,4664.205,TeleShop,Footwear,Mens
7581286337,273916,18-05-2011,6,5,4,892,374.64,3942.64,e-Shop,Books,DIY
7289798237,269790,18-05-2011,8,3,1,353,37.065,390.065,TeleShop,Electronics,Personal Appliances
30236000767,274990,18-05-2011,12,5,4,1470,617.4,6497.4,Flagship store,Books,Academic
43104084629,269572,18-05-2011,1,2,2,610,128.1,1348.1,e-Shop,Footwear,Women
25671057324,266992,18-05-2011,12,6,1,1379,144.795,1523.795,e-Shop,Home and kitchen,Academic
68378501344,270967,18-05-2011,10,3,4,851,357.42,3761.42,e-Shop,Electronics,Audio and video
84535631343,274862,18-05-2011,8,3,3,951,299.565,3152.565,e-Shop,Electronics,Personal Appliances
96034575177,273638,18-05-2011,3,1,4,723,303.66,3195.66,e-Shop,Clothing,Kids
97468706513,274452,18-05-2011,1,1,1,822,86.31,908.31,MBR,Clothing,Women
89158404808,274311,18-05-2011,1,2,2,1007,211.47,2225.47,MBR,Footwear,Women
17963444132,274335,17-05-2011,9,3,4,582,244.44,2572.44,TeleShop,Electronics,Cameras
4786464902,272879,17-05-2011,10,5,-5,-569,298.725,-3143.725,MBR,Books,Audio and video
35268816029,272478,17-05-2011,3,1,2,453,95.13,1001.13,MBR,Clothing,Kids
54926583899,272086,17-05-2011,2,6,2,1041,218.61,2300.61,e-Shop,Home and kitchen,Furnishing
34719656585,267002,17-05-2011,11,5,1,216,22.68,238.68,e-Shop,Books,Children
577505127,272727,17-05-2011,2,6,3,1056,332.64,3500.64,Flagship store,Home and kitchen,Furnishing
10967625915,272593,17-05-2011,3,1,4,757,317.94,3345.94,e-Shop,Clothing,Kids
56546542910,268575,17-05-2011,10,3,5,962,505.05,5315.05,MBR,Electronics,Audio and video
9289377057,271744,17-05-2011,11,5,-3,-1452,457.38,-4813.38,e-Shop,Books,Children
2022190076,269591,17-05-2011,3,5,4,654,274.68,2890.68,MBR,Books,Kids
80990197345,268207,17-05-2011,7,5,4,442,185.64,1953.64,MBR,Books,Fiction
90183541144,268136,17-05-2011,10,6,3,1290,406.35,4276.35,e-Shop,Home and kitchen,Audio and video
90552549686,266812,17-05-2011,7,5,1,81,8.505,89.505,MBR,Books,Fiction
95743152131,269330,17-05-2011,7,5,4,250,105,1105,e-Shop,Books,Fiction
37694596641,273873,16-05-2011,12,5,-4,-684,287.28,-3023.28,MBR,Books,Academic
16249169516,274580,16-05-2011,11,5,3,395,124.425,1309.425,e-Shop,Books,Children
27327125306,274449,16-05-2011,6,5,5,677,355.425,3740.425,MBR,Books,DIY
33474243344,270807,16-05-2011,12,5,3,1432,451.08,4747.08,MBR,Books,Academic
22939877392,274594,16-05-2011,4,4,3,197,62.055,653.055,e-Shop,Bags,Mens
22688204318,273250,16-05-2011,11,6,4,1436,603.12,6347.12,MBR,Home and kitchen,Children
57018265441,275231,16-05-2011,7,5,1,971,101.955,1072.955,e-Shop,Books,Fiction
10828203499,271410,16-05-2011,4,3,4,766,321.72,3385.72,Flagship store,Electronics,Mens
15004480078,273084,16-05-2011,10,5,4,188,78.96,830.96,e-Shop,Books,Audio and video
3714439577,268277,16-05-2011,3,5,5,856,449.4,4729.4,e-Shop,Books,Kids
31672660508,268299,16-05-2011,4,4,4,496,208.32,2192.32,TeleShop,Bags,Mens
74952621074,270527,16-05-2011,3,2,1,395,41.475,436.475,Flagship store,Footwear,Kids
64649255875,269514,16-05-2011,9,3,-5,-1470,771.75,-8121.75,e-Shop,Electronics,Cameras
60624340030,270164,15-05-2011,10,5,3,1325,417.375,4392.375,TeleShop,Books,Audio and video
9875598071,267432,15-05-2011,3,1,5,575,301.875,3176.875,e-Shop,Clothing,Kids
46185201526,273813,15-05-2011,10,6,3,1223,385.245,4054.245,e-Shop,Home and kitchen,Audio and video
16002394978,270695,15-05-2011,1,4,1,652,68.46,720.46,Flagship store,Bags,Women
35180168633,272816,15-05-2011,1,1,5,412,216.3,2276.3,e-Shop,Clothing,Women
5022388613,270334,15-05-2011,11,6,-4,-1420,596.4,-6276.4,Flagship store,Home and kitchen,Children
55210203372,271488,15-05-2011,7,5,3,498,156.87,1650.87,Flagship store,Books,Fiction
15768701260,274702,15-05-2011,6,5,5,853,447.825,4712.825,e-Shop,Books,DIY
2428772947,269188,15-05-2011,4,3,2,976,204.96,2156.96,MBR,Electronics,Mens
11736050240,271085,15-05-2011,12,5,2,751,157.71,1659.71,e-Shop,Books,Academic
9289377057,271744,15-05-2011,11,5,3,1452,457.38,4813.38,e-Shop,Books,Children
91536754267,271601,15-05-2011,1,4,1,1234,129.57,1363.57,TeleShop,Bags,Women
90231665704,267892,15-05-2011,7,5,5,158,82.95,872.95,e-Shop,Books,Fiction
90039697749,273167,15-05-2011,8,3,4,863,362.46,3814.46,e-Shop,Electronics,Personal Appliances
87157170841,267806,15-05-2011,7,5,2,611,128.31,1350.31,e-Shop,Books,Fiction
64573058212,274071,15-05-2011,1,2,1,1470,154.35,1624.35,e-Shop,Footwear,Women
67888779615,273306,15-05-2011,8,3,3,993,312.795,3291.795,TeleShop,Electronics,Personal Appliances
72058682877,268043,15-05-2011,4,1,2,142,29.82,313.82,MBR,Clothing,Mens
81773984567,274463,15-05-2011,12,6,2,1057,221.97,2335.97,MBR,Home and kitchen,Academic
69737216716,272664,15-05-2011,4,1,4,1422,597.24,6285.24,e-Shop,Clothing,Mens
65062802385,274737,15-05-2011,10,6,1,339,35.595,374.595,TeleShop,Home and kitchen,Audio and video
86229450258,274702,15-05-2011,4,3,3,762,240.03,2526.03,e-Shop,Electronics,Mens
68424659234,272111,15-05-2011,1,2,2,699,146.79,1544.79,MBR,Footwear,Women
82553070719,270457,15-05-2011,12,6,5,1173,615.825,6480.825,e-Shop,Home and kitchen,Academic
44675599618,267925,14-05-2011,12,5,2,319,66.99,704.99,e-Shop,Books,Academic
61918013045,271032,14-05-2011,11,5,4,969,406.98,4282.98,e-Shop,Books,Children
7810628425,272546,14-05-2011,11,6,2,669,140.49,1478.49,TeleShop,Home and kitchen,Children
32936456020,274939,14-05-2011,4,1,3,826,260.19,2738.19,Flagship store,Clothing,Mens
2247828429,273901,14-05-2011,11,6,2,832,174.72,1838.72,e-Shop,Home and kitchen,Children
28543562786,269111,14-05-2011,7,5,5,132,69.3,729.3,TeleShop,Books,Fiction
32998728197,273543,14-05-2011,1,1,4,91,38.22,402.22,e-Shop,Clothing,Women
59265824247,273754,14-05-2011,2,6,5,783,411.075,4326.075,e-Shop,Home and kitchen,Furnishing
62433863817,267240,14-05-2011,1,4,1,819,85.995,904.995,TeleShop,Bags,Women
57771557952,270077,14-05-2011,9,3,5,1116,585.9,6165.9,e-Shop,Electronics,Cameras
25302798965,271244,14-05-2011,10,6,4,125,52.5,552.5,e-Shop,Home and kitchen,Audio and video
60130995697,267289,14-05-2011,6,5,1,927,97.335,1024.335,e-Shop,Books,DIY
25700988137,267465,14-05-2011,10,6,1,747,78.435,825.435,TeleShop,Home and kitchen,Audio and video
52151291726,275243,14-05-2011,3,2,1,1190,124.95,1314.95,e-Shop,Footwear,Kids
35415157594,270573,14-05-2011,12,5,1,1418,148.89,1566.89,e-Shop,Books,Academic
14685794338,268903,14-05-2011,11,5,2,1086,228.06,2400.06,e-Shop,Books,Children
35972231517,273257,14-05-2011,6,5,2,604,126.84,1334.84,e-Shop,Books,DIY
63293539632,269568,14-05-2011,3,5,2,84,17.64,185.64,TeleShop,Books,Kids
78955533181,268251,14-05-2011,4,1,1,738,77.49,815.49,e-Shop,Clothing,Mens
87702948457,270549,14-05-2011,4,2,5,381,200.025,2105.025,Flagship store,Footwear,Mens
75363281016,269275,14-05-2011,4,3,4,894,375.48,3951.48,Flagship store,Electronics,Mens
90033969572,272518,14-05-2011,3,5,5,1153,605.325,6370.325,e-Shop,Books,Kids
91771571601,267814,14-05-2011,6,5,2,507,106.47,1120.47,MBR,Books,DIY
31576680522,270050,13-05-2011,2,6,4,542,227.64,2395.64,e-Shop,Home and kitchen,Furnishing
43221740834,269219,13-05-2011,4,3,5,1260,661.5,6961.5,e-Shop,Electronics,Mens
57715047977,274718,13-05-2011,8,3,3,952,299.88,3155.88,MBR,Electronics,Personal Appliances
3459093056,272153,13-05-2011,12,6,4,930,390.6,4110.6,MBR,Home and kitchen,Academic
39601904854,267701,13-05-2011,1,1,5,930,488.25,5138.25,Flagship store,Clothing,Women
4786464902,272879,13-05-2011,10,5,5,569,298.725,3143.725,MBR,Books,Audio and video
10334348784,271891,13-05-2011,6,5,5,1174,616.35,6486.35,e-Shop,Books,DIY
25425297775,267068,13-05-2011,4,4,2,1100,231,2431,e-Shop,Bags,Mens
53184646530,270833,13-05-2011,1,2,3,1013,319.095,3358.095,e-Shop,Footwear,Women
47887225134,267699,13-05-2011,12,6,5,959,503.475,5298.475,e-Shop,Home and kitchen,Academic
69896891661,271971,13-05-2011,4,2,5,935,490.875,5165.875,e-Shop,Footwear,Mens
70937570121,266987,13-05-2011,8,3,4,1193,501.06,5273.06,e-Shop,Electronics,Personal Appliances
93947142184,270527,13-05-2011,4,1,1,712,74.76,786.76,e-Shop,Clothing,Mens
68968924977,270834,13-05-2011,3,5,3,983,309.645,3258.645,MBR,Books,Kids
85096043452,270184,13-05-2011,12,6,4,597,250.74,2638.74,TeleShop,Home and kitchen,Academic
90157592886,275028,13-05-2011,1,2,-1,-207,21.735,-228.735,TeleShop,Footwear,Women
93004318046,271700,13-05-2011,1,2,5,228,119.7,1259.7,e-Shop,Footwear,Women
86193207605,273496,13-05-2011,8,3,4,335,140.7,1480.7,MBR,Electronics,Personal Appliances
95817733031,267540,13-05-2011,11,5,2,444,93.24,981.24,e-Shop,Books,Children
66848708711,269122,13-05-2011,10,3,1,431,45.255,476.255,e-Shop,Electronics,Audio and video
32099680200,268484,12/5/2011,1,4,1,348,36.54,384.54,e-Shop,Bags,Women
16689230017,271716,12/5/2011,9,3,4,1313,551.46,5803.46,MBR,Electronics,Cameras
60530380334,268473,12/5/2011,4,2,2,981,206.01,2168.01,TeleShop,Footwear,Mens
53314349706,272487,12/5/2011,12,6,3,792,249.48,2625.48,Flagship store,Home and kitchen,Academic
21724510708,274268,12/5/2011,2,6,1,71,7.455,78.455,e-Shop,Home and kitchen,Furnishing
33052033823,272686,12/5/2011,2,6,5,595,312.375,3287.375,e-Shop,Home and kitchen,Furnishing
34598888754,267217,12/5/2011,2,6,5,1094,574.35,6044.35,e-Shop,Home and kitchen,Furnishing
50735172519,271611,12/5/2011,12,5,2,363,76.23,802.23,e-Shop,Books,Academic
80721174338,273635,12/5/2011,4,1,4,526,220.92,2324.92,Flagship store,Clothing,Mens
80652374560,268434,12/5/2011,10,6,1,1450,152.25,1602.25,Flagship store,Home and kitchen,Audio and video
66302605265,271166,12/5/2011,8,3,1,508,53.34,561.34,e-Shop,Electronics,Personal Appliances
65643409691,273014,12/5/2011,4,2,3,388,122.22,1286.22,TeleShop,Footwear,Mens
98524342530,267985,12/5/2011,10,6,-4,-732,307.44,-3235.44,TeleShop,Home and kitchen,Audio and video
93652749386,270864,12/5/2011,3,1,1,981,103.005,1084.005,TeleShop,Clothing,Kids
90668191207,268492,12/5/2011,12,6,4,135,56.7,596.7,TeleShop,Home and kitchen,Academic
79926557605,273150,12/5/2011,3,5,-5,-779,408.975,-4303.975,e-Shop,Books,Kids
70963121708,268603,12/5/2011,9,3,5,224,117.6,1237.6,e-Shop,Electronics,Cameras
69959213858,274966,12/5/2011,3,1,5,1406,738.15,7768.15,MBR,Clothing,Kids
87748358882,269997,12/5/2011,1,2,2,355,74.55,784.55,MBR,Footwear,Women
99517583371,268347,12/5/2011,6,5,3,953,300.195,3159.195,e-Shop,Books,DIY
11289491560,269981,11/5/2011,12,5,2,1031,216.51,2278.51,MBR,Books,Academic
30624730120,271736,11/5/2011,10,6,1,1441,151.305,1592.305,e-Shop,Home and kitchen,Audio and video
61364210045,273770,11/5/2011,4,2,2,1114,233.94,2461.94,TeleShop,Footwear,Mens
3973954984,273240,11/5/2011,10,3,3,785,247.275,2602.275,e-Shop,Electronics,Audio and video
22520260242,267926,11/5/2011,10,6,3,499,157.185,1654.185,e-Shop,Home and kitchen,Audio and video
6830969116,270937,11/5/2011,10,6,1,427,44.835,471.835,TeleShop,Home and kitchen,Audio and video
35162536539,267756,11/5/2011,10,5,1,372,39.06,411.06,MBR,Books,Audio and video
16623388833,269832,11/5/2011,12,6,1,292,30.66,322.66,MBR,Home and kitchen,Academic
13472147363,270414,11/5/2011,10,3,3,218,68.67,722.67,MBR,Electronics,Audio and video
2045701593,267211,11/5/2011,8,3,4,510,214.2,2254.2,e-Shop,Electronics,Personal Appliances
47935886362,271261,11/5/2011,9,3,2,656,137.76,1449.76,MBR,Electronics,Cameras
17988270228,271175,11/5/2011,4,2,5,321,168.525,1773.525,e-Shop,Footwear,Mens
4454098144,269049,11/5/2011,5,3,4,148,62.16,654.16,e-Shop,Electronics,Computers
65695182295,267270,11/5/2011,3,5,5,115,60.375,635.375,e-Shop,Books,Kids
81596790456,274627,11/5/2011,11,5,4,925,388.5,4088.5,MBR,Books,Children
65328076002,266915,11/5/2011,2,6,5,818,429.45,4519.45,TeleShop,Home and kitchen,Furnishing
89198215104,274438,11/5/2011,3,1,3,315,99.225,1044.225,e-Shop,Clothing,Kids
69796430668,271051,11/5/2011,5,3,3,858,270.27,2844.27,MBR,Electronics,Computers
22350855030,269995,10/5/2011,11,6,-2,-448,94.08,-990.08,TeleShop,Home and kitchen,Children
31669934326,273428,10/5/2011,11,6,4,718,301.56,3173.56,e-Shop,Home and kitchen,Children
27596018991,268145,10/5/2011,3,5,1,613,64.365,677.365,e-Shop,Books,Kids
42617863387,271673,10/5/2011,10,5,5,848,445.2,4685.2,TeleShop,Books,Audio and video
37694596641,273873,10/5/2011,12,5,4,684,287.28,3023.28,MBR,Books,Academic
17349850101,273318,10/5/2011,8,3,1,598,62.79,660.79,Flagship store,Electronics,Personal Appliances
61518095737,268287,10/5/2011,10,6,3,611,192.465,2025.465,e-Shop,Home and kitchen,Audio and video
40312863535,269311,10/5/2011,4,3,1,582,61.11,643.11,TeleShop,Electronics,Mens
52235988038,271831,10/5/2011,12,5,3,392,123.48,1299.48,e-Shop,Books,Academic
12233036395,272794,10/5/2011,4,3,3,753,237.195,2496.195,MBR,Electronics,Mens
33159088176,267623,10/5/2011,1,1,4,293,123.06,1295.06,TeleShop,Clothing,Women
60997344147,269802,10/5/2011,12,6,4,1194,501.48,5277.48,MBR,Home and kitchen,Academic
44451001305,270055,10/5/2011,4,3,2,730,153.3,1613.3,e-Shop,Electronics,Mens
6930922509,274227,10/5/2011,10,6,3,1044,328.86,3460.86,TeleShop,Home and kitchen,Audio and video
26806696034,270225,10/5/2011,8,3,4,1324,556.08,5852.08,Flagship store,Electronics,Personal Appliances
36636280848,274727,10/5/2011,8,3,3,175,55.125,580.125,TeleShop,Electronics,Personal Appliances
40559300485,267620,10/5/2011,11,5,2,690,144.9,1524.9,e-Shop,Books,Children
64720883091,274456,10/5/2011,10,6,5,227,119.175,1254.175,e-Shop,Home and kitchen,Audio and video
69136550935,272241,10/5/2011,1,1,4,1258,528.36,5560.36,e-Shop,Clothing,Women
68464126219,268575,10/5/2011,3,2,3,984,309.96,3261.96,Flagship store,Footwear,Kids
87848002349,272514,10/5/2011,3,2,4,603,253.26,2665.26,Flagship store,Footwear,Kids
69251610342,271269,10/5/2011,11,5,3,1331,419.265,4412.265,TeleShop,Books,Children
11924335861,273121,9/5/2011,8,3,-4,-1074,451.08,-4747.08,e-Shop,Electronics,Personal Appliances
45547126371,270401,9/5/2011,1,4,1,1052,110.46,1162.46,e-Shop,Bags,Women
31872977864,268581,9/5/2011,12,6,5,197,103.425,1088.425,Flagship store,Home and kitchen,Academic
35636797275,267266,9/5/2011,12,5,5,1012,531.3,5591.3,MBR,Books,Academic
7316701456,267433,9/5/2011,1,4,5,941,494.025,5199.025,TeleShop,Bags,Women
57613404294,270858,9/5/2011,9,3,1,342,35.91,377.91,e-Shop,Electronics,Cameras
47013851632,269830,9/5/2011,2,6,2,910,191.1,2011.1,MBR,Home and kitchen,Furnishing
2993032287,271252,9/5/2011,11,5,2,636,133.56,1405.56,Flagship store,Books,Children
35384295173,271076,9/5/2011,1,4,1,112,11.76,123.76,e-Shop,Bags,Women
31948829089,267129,9/5/2011,10,5,2,1128,236.88,2492.88,e-Shop,Books,Audio and video
57759414673,274172,9/5/2011,12,6,3,1275,401.625,4226.625,e-Shop,Home and kitchen,Academic
60841509750,274814,9/5/2011,4,2,3,430,135.45,1425.45,e-Shop,Footwear,Mens
42809077087,269327,9/5/2011,10,3,3,1051,331.065,3484.065,e-Shop,Electronics,Audio and video
96800432347,270171,9/5/2011,3,5,3,1063,334.845,3523.845,Flagship store,Books,Kids
81306822256,268017,9/5/2011,5,3,1,1014,106.47,1120.47,MBR,Electronics,Computers
67874686767,268421,9/5/2011,4,3,4,320,134.4,1414.4,MBR,Electronics,Mens
64649255875,269514,9/5/2011,9,3,5,1470,771.75,8121.75,e-Shop,Electronics,Cameras
97819343137,274724,9/5/2011,1,1,1,387,40.635,427.635,e-Shop,Clothing,Women
5022388613,270334,8/5/2011,11,6,4,1420,596.4,6276.4,Flagship store,Home and kitchen,Children
11924335861,273121,8/5/2011,8,3,4,1074,451.08,4747.08,e-Shop,Electronics,Personal Appliances
17336333462,268920,8/5/2011,12,6,4,896,376.32,3960.32,e-Shop,Home and kitchen,Academic
40623363891,275148,8/5/2011,10,6,3,944,297.36,3129.36,Flagship store,Home and kitchen,Audio and video
31826167853,272115,8/5/2011,10,5,-3,-910,286.65,-3016.65,e-Shop,Books,Audio and video
6487606827,269768,8/5/2011,9,3,4,1040,436.8,4596.8,TeleShop,Electronics,Cameras
44238989792,270319,8/5/2011,1,1,1,735,77.175,812.175,e-Shop,Clothing,Women
13880040843,273195,8/5/2011,6,5,3,1002,315.63,3321.63,MBR,Books,DIY
55155030208,269318,8/5/2011,7,5,5,1215,637.875,6712.875,TeleShop,Books,Fiction
26674618000,270541,8/5/2011,4,2,3,76,23.94,251.94,e-Shop,Footwear,Mens
61098367422,273699,8/5/2011,9,3,4,447,187.74,1975.74,MBR,Electronics,Cameras
48414048504,268590,8/5/2011,7,5,1,140,14.7,154.7,TeleShop,Books,Fiction
59947807967,268804,8/5/2011,8,3,3,1034,325.71,3427.71,TeleShop,Electronics,Personal Appliances
6762853370,272878,8/5/2011,4,1,4,919,385.98,4061.98,e-Shop,Clothing,Mens
14315201709,268388,8/5/2011,1,2,2,481,101.01,1063.01,TeleShop,Footwear,Women
37243375845,270913,8/5/2011,1,2,2,71,14.91,156.91,e-Shop,Footwear,Women
75858217960,269555,8/5/2011,6,5,3,685,215.775,2270.775,MBR,Books,DIY
95342914991,268629,8/5/2011,2,6,-5,-892,468.3,-4928.3,e-Shop,Home and kitchen,Furnishing
82989109368,274525,8/5/2011,11,6,5,120,63,663,e-Shop,Home and kitchen,Children
90157592886,275028,8/5/2011,1,2,1,207,21.735,228.735,TeleShop,Footwear,Women
98223350384,275177,8/5/2011,3,2,5,716,375.9,3955.9,MBR,Footwear,Kids
71141974543,273192,8/5/2011,3,1,1,1031,108.255,1139.255,TeleShop,Clothing,Kids
60375699226,270726,7/5/2011,3,5,5,71,37.275,392.275,e-Shop,Books,Kids
38322680104,274384,7/5/2011,3,1,1,1391,146.055,1537.055,e-Shop,Clothing,Kids
15221508482,269716,7/5/2011,5,3,2,410,86.1,906.1,e-Shop,Electronics,Computers
37125443769,270511,7/5/2011,10,6,4,228,95.76,1007.76,MBR,Home and kitchen,Audio and video
22323890397,274429,7/5/2011,3,1,1,290,30.45,320.45,Flagship store,Clothing,Kids
13170985660,271894,7/5/2011,6,5,5,1201,630.525,6635.525,MBR,Books,DIY
38069490878,267854,7/5/2011,8,3,5,525,275.625,2900.625,e-Shop,Electronics,Personal Appliances
7993728751,270920,7/5/2011,1,2,3,649,204.435,2151.435,e-Shop,Footwear,Women
79926557605,273150,7/5/2011,3,5,5,779,408.975,4303.975,e-Shop,Books,Kids
71885917727,274292,7/5/2011,1,4,4,196,82.32,866.32,e-Shop,Bags,Women
83240096915,270423,7/5/2011,4,3,4,1135,476.7,5016.7,Flagship store,Electronics,Mens
84225625751,269293,7/5/2011,11,5,4,977,410.34,4318.34,e-Shop,Books,Children
29077920469,274435,6/5/2011,12,6,3,139,43.785,460.785,TeleShop,Home and kitchen,Academic
4962993499,268419,6/5/2011,10,6,1,1480,155.4,1635.4,Flagship store,Home and kitchen,Audio and video
61429250781,268910,6/5/2011,10,3,2,945,198.45,2088.45,Flagship store,Electronics,Audio and video
29077299632,268245,6/5/2011,1,4,2,678,142.38,1498.38,e-Shop,Bags,Women
61530290364,271391,6/5/2011,6,5,-5,-1442,757.05,-7967.05,MBR,Books,DIY
22644167072,271548,6/5/2011,3,1,5,1363,715.575,7530.575,e-Shop,Clothing,Kids
20085144859,269345,6/5/2011,12,5,1,313,32.865,345.865,e-Shop,Books,Academic
60893141282,272794,6/5/2011,4,3,4,336,141.12,1485.12,e-Shop,Electronics,Mens
25196286876,272048,6/5/2011,9,3,4,910,382.2,4022.2,e-Shop,Electronics,Cameras
28842502701,267724,6/5/2011,12,6,4,1074,451.08,4747.08,Flagship store,Home and kitchen,Academic
22630958184,267088,6/5/2011,3,1,2,422,88.62,932.62,e-Shop,Clothing,Kids
98524342530,267985,6/5/2011,10,6,4,732,307.44,3235.44,TeleShop,Home and kitchen,Audio and video
76206400253,268632,6/5/2011,11,6,2,378,79.38,835.38,MBR,Home and kitchen,Children
98127936041,268698,6/5/2011,5,3,2,214,44.94,472.94,TeleShop,Electronics,Computers
71327254575,273360,6/5/2011,8,3,4,345,144.9,1524.9,Flagship store,Electronics,Personal Appliances
42141761580,274832,5/5/2011,9,3,5,754,395.85,4165.85,MBR,Electronics,Cameras
58335103195,271923,5/5/2011,4,2,2,1019,213.99,2251.99,MBR,Footwear,Mens
51896937142,271198,5/5/2011,4,3,2,693,145.53,1531.53,TeleShop,Electronics,Mens
47213860149,273482,5/5/2011,4,3,-5,-713,374.325,-3939.325,e-Shop,Electronics,Mens
54748761903,273004,5/5/2011,4,4,1,286,30.03,316.03,e-Shop,Bags,Mens
55996723485,268723,5/5/2011,5,3,4,1025,430.5,4530.5,e-Shop,Electronics,Computers
50649086394,269832,5/5/2011,4,4,5,94,49.35,519.35,TeleShop,Bags,Mens
33562857363,269296,5/5/2011,11,5,5,1374,721.35,7591.35,e-Shop,Books,Children
32958116495,274519,5/5/2011,6,5,5,1135,595.875,6270.875,TeleShop,Books,DIY
16547685988,267048,5/5/2011,4,4,4,1012,425.04,4473.04,MBR,Bags,Mens
42171299969,272950,5/5/2011,2,6,3,688,216.72,2280.72,e-Shop,Home and kitchen,Furnishing
60396364033,270986,5/5/2011,5,3,5,969,508.725,5353.725,e-Shop,Electronics,Computers
65472828193,272455,5/5/2011,3,5,3,1386,436.59,4594.59,e-Shop,Books,Kids
97065764028,271705,5/5/2011,4,1,1,1262,132.51,1394.51,MBR,Clothing,Mens
71508796789,268800,5/5/2011,4,4,-3,-816,257.04,-2705.04,e-Shop,Bags,Mens
42470715536,275249,4/5/2011,11,5,1,937,98.385,1035.385,Flagship store,Books,Children
51681746795,267894,4/5/2011,10,5,4,794,333.48,3509.48,MBR,Books,Audio and video
27930823669,268388,4/5/2011,9,3,1,1036,108.78,1144.78,e-Shop,Electronics,Cameras
55889406698,268047,4/5/2011,7,5,3,459,144.585,1521.585,e-Shop,Books,Fiction
31826167853,272115,4/5/2011,10,5,3,910,286.65,3016.65,e-Shop,Books,Audio and video
20623786431,268765,4/5/2011,4,4,2,1467,308.07,3242.07,TeleShop,Bags,Mens
38109399468,269376,4/5/2011,3,2,-1,-929,97.545,-1026.545,e-Shop,Footwear,Kids
16463459545,272729,4/5/2011,4,3,5,868,455.7,4795.7,Flagship store,Electronics,Mens
54933197003,270098,4/5/2011,3,5,-5,-721,378.525,-3983.525,MBR,Books,Kids
21639749080,274072,4/5/2011,9,3,4,1329,558.18,5874.18,Flagship store,Electronics,Cameras
10346888165,273896,4/5/2011,10,5,3,1459,459.585,4836.585,TeleShop,Books,Audio and video
13507671670,269357,4/5/2011,1,1,3,495,155.925,1640.925,TeleShop,Clothing,Women
13559580172,268903,4/5/2011,11,6,5,1267,665.175,7000.175,MBR,Home and kitchen,Children
61831619549,270151,4/5/2011,4,1,1,827,86.835,913.835,e-Shop,Clothing,Mens
88653400649,271241,4/5/2011,7,5,4,1154,484.68,5100.68,TeleShop,Books,Fiction
89830183033,267866,4/5/2011,2,6,5,1262,662.55,6972.55,e-Shop,Home and kitchen,Furnishing
98408148028,269544,4/5/2011,6,5,2,1127,236.67,2490.67,e-Shop,Books,DIY
73898219538,272306,4/5/2011,6,5,2,1364,286.44,3014.44,e-Shop,Books,DIY
79508688150,274492,4/5/2011,12,6,3,238,74.97,788.97,e-Shop,Home and kitchen,Academic
78436612429,270593,4/5/2011,3,1,5,263,138.075,1453.075,Flagship store,Clothing,Kids
19330627859,267671,3/5/2011,1,2,2,1140,239.4,2519.4,Flagship store,Footwear,Women
44157697790,269585,3/5/2011,4,3,2,1409,295.89,3113.89,e-Shop,Electronics,Mens
24830936180,268956,3/5/2011,8,3,5,1319,692.475,7287.475,MBR,Electronics,Personal Appliances
12421748411,273267,3/5/2011,4,2,5,596,312.9,3292.9,Flagship store,Footwear,Mens
58190941279,273330,3/5/2011,12,5,2,976,204.96,2156.96,Flagship store,Books,Academic
54936109621,271260,3/5/2011,1,2,5,122,64.05,674.05,e-Shop,Footwear,Women
47060640028,268106,3/5/2011,8,3,4,390,163.8,1723.8,e-Shop,Electronics,Personal Appliances
23163308389,267811,3/5/2011,12,6,2,570,119.7,1259.7,e-Shop,Home and kitchen,Academic
52774331698,269140,3/5/2011,8,3,3,421,132.615,1395.615,e-Shop,Electronics,Personal Appliances
43936973057,274728,3/5/2011,10,3,5,415,217.875,2292.875,MBR,Electronics,Audio and video
10441467508,266864,3/5/2011,2,6,1,1112,116.76,1228.76,Flagship store,Home and kitchen,Furnishing
54922994480,270268,3/5/2011,10,5,-1,-1208,126.84,-1334.84,e-Shop,Books,Audio and video
53431626575,275107,3/5/2011,4,2,5,898,471.45,4961.45,Flagship store,Footwear,Mens
15335169098,272171,3/5/2011,10,5,-1,-287,30.135,-317.135,Flagship store,Books,Audio and video
3904024073,271965,3/5/2011,2,6,2,488,102.48,1078.48,e-Shop,Home and kitchen,Furnishing
54423398469,268447,3/5/2011,11,6,3,745,234.675,2469.675,e-Shop,Home and kitchen,Children
10753727778,275084,3/5/2011,10,3,3,276,86.94,914.94,e-Shop,Electronics,Audio and video
17153091806,273973,3/5/2011,3,1,1,1078,113.19,1191.19,e-Shop,Clothing,Kids
34821689862,273714,3/5/2011,8,3,4,1438,603.96,6355.96,Flagship store,Electronics,Personal Appliances
86546308356,269903,3/5/2011,11,6,5,891,467.775,4922.775,Flagship store,Home and kitchen,Children
98685814900,273709,3/5/2011,6,5,5,635,333.375,3508.375,TeleShop,Books,DIY
86478515868,267002,3/5/2011,6,5,2,197,41.37,435.37,TeleShop,Books,DIY
87150714280,267990,3/5/2011,4,3,2,384,80.64,848.64,MBR,Electronics,Mens
97980649886,271843,3/5/2011,12,6,2,1149,241.29,2539.29,TeleShop,Home and kitchen,Academic
63847635803,274796,3/5/2011,7,5,5,434,227.85,2397.85,e-Shop,Books,Fiction
46527852163,272660,2/5/2011,10,3,5,908,476.7,5016.7,e-Shop,Electronics,Audio and video
19223003019,266819,2/5/2011,9,3,1,1244,130.62,1374.62,Flagship store,Electronics,Cameras
61724090971,272386,2/5/2011,1,2,4,1491,626.22,6590.22,e-Shop,Footwear,Women
39876611299,268838,2/5/2011,6,5,1,1049,110.145,1159.145,e-Shop,Books,DIY
35782540256,270234,2/5/2011,8,3,3,730,229.95,2419.95,Flagship store,Electronics,Personal Appliances
30969859246,269408,2/5/2011,3,1,2,346,72.66,764.66,Flagship store,Clothing,Kids
23928287638,269171,2/5/2011,11,5,-3,-618,194.67,-2048.67,Flagship store,Books,Children
38109399468,269376,2/5/2011,3,2,1,929,97.545,1026.545,e-Shop,Footwear,Kids
4239177822,272217,2/5/2011,5,3,4,191,80.22,844.22,MBR,Electronics,Computers
46036200293,270889,2/5/2011,6,5,-5,-731,383.775,-4038.775,MBR,Books,DIY
861046835,269574,2/5/2011,4,3,4,343,144.06,1516.06,e-Shop,Electronics,Mens
61530290364,271391,2/5/2011,6,5,-5,-1442,757.05,-7967.05,MBR,Books,DIY
81692419212,267854,2/5/2011,11,6,2,1164,244.44,2572.44,e-Shop,Home and kitchen,Children
75339646315,274827,2/5/2011,4,4,4,1381,580.02,6104.02,e-Shop,Bags,Mens
69440929587,270964,2/5/2011,7,5,1,825,86.625,911.625,e-Shop,Books,Fiction
95342914991,268629,2/5/2011,2,6,5,892,468.3,4928.3,e-Shop,Home and kitchen,Furnishing
88807980698,271565,2/5/2011,9,3,4,1345,564.9,5944.9,MBR,Electronics,Cameras
9845421200,271445,1/5/2011,3,1,5,199,104.475,1099.475,MBR,Clothing,Kids
21838729699,271915,1/5/2011,4,3,4,91,38.22,402.22,MBR,Electronics,Mens
32992559875,274470,1/5/2011,1,4,4,1125,472.5,4972.5,MBR,Bags,Women
15335169098,272171,1/5/2011,10,5,1,287,30.135,317.135,Flagship store,Books,Audio and video
47186009136,274408,1/5/2011,10,5,4,1301,546.42,5750.42,e-Shop,Books,Audio and video
30419582873,270050,1/5/2011,4,3,5,394,206.85,2176.85,Flagship store,Electronics,Mens
44274067907,272812,1/5/2011,12,5,2,486,102.06,1074.06,TeleShop,Books,Academic
6965404246,270071,1/5/2011,5,3,3,288,90.72,954.72,e-Shop,Electronics,Computers
32987320649,268697,1/5/2011,3,2,1,1125,118.125,1243.125,e-Shop,Footwear,Kids
40366841154,269218,1/5/2011,12,6,2,513,107.73,1133.73,MBR,Home and kitchen,Academic
37337693045,271823,1/5/2011,9,3,3,1117,351.855,3702.855,e-Shop,Electronics,Cameras
832342445,271269,1/5/2011,3,5,5,707,371.175,3906.175,TeleShop,Books,Kids
8266728756,272498,1/5/2011,7,5,1,1068,112.14,1180.14,e-Shop,Books,Fiction
49952801533,268385,1/5/2011,12,6,5,1403,736.575,7751.575,MBR,Home and kitchen,Academic
12070938916,268958,1/5/2011,11,5,2,1243,261.03,2747.03,TeleShop,Books,Children
30591686819,270766,1/5/2011,7,5,5,1364,716.1,7536.1,e-Shop,Books,Fiction
39063389212,271267,1/5/2011,3,5,1,1036,108.78,1144.78,TeleShop,Books,Kids
96085314519,271617,1/5/2011,11,5,3,1296,408.24,4296.24,e-Shop,Books,Children
92390940327,273798,1/5/2011,4,4,-3,-738,232.47,-2446.47,MBR,Bags,Mens
75138349185,268720,1/5/2011,7,5,2,212,44.52,468.52,Flagship store,Books,Fiction
76167356606,268186,1/5/2011,4,2,4,1233,517.86,5449.86,TeleShop,Footwear,Mens
82235509659,267895,1/5/2011,4,3,5,74,38.85,408.85,TeleShop,Electronics,Mens
89378575928,269245,1/5/2011,12,5,2,1226,257.46,2709.46,TeleShop,Books,Academic
49383075316,275150,30-04-2011,6,5,4,1228,515.76,5427.76,e-Shop,Books,DIY
46036200293,270889,30-04-2011,6,5,5,731,383.775,4038.775,MBR,Books,DIY
5471988685,272802,30-04-2011,4,1,4,317,133.14,1401.14,TeleShop,Clothing,Mens
36240527656,268002,30-04-2011,10,5,3,856,269.64,2837.64,e-Shop,Books,Audio and video
23935845269,272995,30-04-2011,4,4,5,1064,558.6,5878.6,MBR,Bags,Mens
31975844613,269999,30-04-2011,12,5,4,824,346.08,3642.08,TeleShop,Books,Academic
11265727826,268660,30-04-2011,2,6,1,1387,145.635,1532.635,Flagship store,Home and kitchen,Furnishing
22350855030,269995,30-04-2011,11,6,2,448,94.08,990.08,TeleShop,Home and kitchen,Children
34936228577,274884,30-04-2011,12,5,-1,-1350,141.75,-1491.75,MBR,Books,Academic
22653833594,274019,30-04-2011,10,3,4,662,278.04,2926.04,e-Shop,Electronics,Audio and video
19476776432,269161,30-04-2011,12,6,2,398,83.58,879.58,e-Shop,Home and kitchen,Academic
76488328807,273677,30-04-2011,10,3,3,707,222.705,2343.705,e-Shop,Electronics,Audio and video
91643908519,271970,30-04-2011,4,1,3,1057,332.955,3503.955,Flagship store,Clothing,Mens
95482458867,267658,30-04-2011,10,6,2,776,162.96,1714.96,TeleShop,Home and kitchen,Audio and video
71508796789,268800,30-04-2011,4,4,3,816,257.04,2705.04,e-Shop,Bags,Mens
16945830069,273575,29-04-2011,10,3,4,798,335.16,3527.16,e-Shop,Electronics,Audio and video
51993415825,271313,29-04-2011,4,1,2,104,21.84,229.84,MBR,Clothing,Mens
5338540925,269271,29-04-2011,4,4,5,1164,611.1,6431.1,Flagship store,Bags,Mens
46576925462,266906,29-04-2011,1,4,4,686,288.12,3032.12,MBR,Bags,Women
26701622498,275236,29-04-2011,9,3,5,1212,636.3,6696.3,e-Shop,Electronics,Cameras
126890765,271735,29-04-2011,12,6,2,379,79.59,837.59,MBR,Home and kitchen,Academic
21284191046,273062,29-04-2011,4,3,1,1258,132.09,1390.09,MBR,Electronics,Mens
61847539389,271544,29-04-2011,10,6,1,557,58.485,615.485,MBR,Home and kitchen,Audio and video
60635936402,273162,29-04-2011,3,2,4,401,168.42,1772.42,TeleShop,Footwear,Kids
31728298398,275204,29-04-2011,10,6,2,250,52.5,552.5,MBR,Home and kitchen,Audio and video
18730219613,269155,29-04-2011,1,4,3,82,25.83,271.83,e-Shop,Bags,Women
56943990387,274494,29-04-2011,4,3,5,949,498.225,5243.225,MBR,Electronics,Mens
14306848613,272286,29-04-2011,1,4,1,1033,108.465,1141.465,e-Shop,Bags,Women
18210652481,271966,29-04-2011,12,6,4,248,104.16,1096.16,e-Shop,Home and kitchen,Academic
18257724339,271020,29-04-2011,1,1,3,96,30.24,318.24,MBR,Clothing,Women
58128629121,272680,29-04-2011,3,2,4,1349,566.58,5962.58,TeleShop,Footwear,Kids
97008643198,272457,29-04-2011,3,2,4,359,150.78,1586.78,TeleShop,Footwear,Kids
37418110431,272506,28-04-2011,4,3,2,281,59.01,621.01,e-Shop,Electronics,Mens
61307230467,268584,28-04-2011,4,2,3,1242,391.23,4117.23,MBR,Footwear,Mens
34667181960,270854,28-04-2011,12,5,-2,-1243,261.03,-2747.03,MBR,Books,Academic
54958851598,271581,28-04-2011,3,1,3,242,76.23,802.23,Flagship store,Clothing,Kids
7872036368,270419,28-04-2011,7,5,5,942,494.55,5204.55,Flagship store,Books,Fiction
14602630799,267987,28-04-2011,2,6,4,275,115.5,1215.5,MBR,Home and kitchen,Furnishing
997630195,272165,28-04-2011,4,4,5,407,213.675,2248.675,e-Shop,Bags,Mens
28202794123,272804,28-04-2011,3,5,2,448,94.08,990.08,MBR,Books,Kids
25276645179,272757,28-04-2011,9,3,3,202,63.63,669.63,e-Shop,Electronics,Cameras
54585467445,272799,28-04-2011,10,3,1,761,79.905,840.905,Flagship store,Electronics,Audio and video
10466520792,270974,28-04-2011,11,5,4,1475,619.5,6519.5,Flagship store,Books,Children
50551129958,271532,28-04-2011,10,6,5,531,278.775,2933.775,e-Shop,Home and kitchen,Audio and video
41941869756,271154,28-04-2011,10,5,2,282,59.22,623.22,e-Shop,Books,Audio and video
54922994480,270268,28-04-2011,10,5,1,1208,126.84,1334.84,e-Shop,Books,Audio and video
23671496113,270958,28-04-2011,8,3,5,1022,536.55,5646.55,TeleShop,Electronics,Personal Appliances
35106264403,272598,28-04-2011,11,6,2,1494,313.74,3301.74,Flagship store,Home and kitchen,Children
25492489601,273937,28-04-2011,3,5,2,354,74.34,782.34,e-Shop,Books,Kids
11940616635,269870,28-04-2011,1,2,2,1028,215.88,2271.88,MBR,Footwear,Women
41291280244,274876,28-04-2011,12,6,2,941,197.61,2079.61,Flagship store,Home and kitchen,Academic
23835394706,273831,28-04-2011,12,6,3,694,218.61,2300.61,e-Shop,Home and kitchen,Academic
33590338643,267020,28-04-2011,12,5,5,71,37.275,392.275,MBR,Books,Academic
89797170430,267978,28-04-2011,4,1,-4,-570,239.4,-2519.4,e-Shop,Clothing,Mens
94142811533,272544,28-04-2011,4,1,3,720,226.8,2386.8,Flagship store,Clothing,Mens
78746563744,272673,28-04-2011,10,3,4,875,367.5,3867.5,Flagship store,Electronics,Audio and video
80044100177,272501,28-04-2011,4,1,5,1358,712.95,7502.95,e-Shop,Clothing,Mens
64147098603,274673,28-04-2011,3,2,4,611,256.62,2700.62,e-Shop,Footwear,Kids
29461559506,269274,27-04-2011,9,3,3,903,284.445,2993.445,MBR,Electronics,Cameras
14695994017,267934,27-04-2011,9,3,4,369,154.98,1630.98,MBR,Electronics,Cameras
921491594,267164,27-04-2011,11,5,1,396,41.58,437.58,Flagship store,Books,Children
60676989349,267653,27-04-2011,4,3,2,1342,281.82,2965.82,e-Shop,Electronics,Mens
39114665837,268549,27-04-2011,6,5,1,1296,136.08,1432.08,TeleShop,Books,DIY
57988582369,275252,27-04-2011,10,5,4,135,56.7,596.7,MBR,Books,Audio and video
19108227475,268486,27-04-2011,3,2,3,325,102.375,1077.375,e-Shop,Footwear,Kids
9183995864,269820,27-04-2011,12,5,3,550,173.25,1823.25,Flagship store,Books,Academic
25030400847,270870,27-04-2011,7,5,2,970,203.7,2143.7,MBR,Books,Fiction
1252134827,269449,27-04-2011,7,5,2,310,65.1,685.1,Flagship store,Books,Fiction
6125738010,269132,27-04-2011,3,2,1,1034,108.57,1142.57,MBR,Footwear,Kids
12549796379,267358,27-04-2011,12,5,1,1216,127.68,1343.68,MBR,Books,Academic
61530290364,271391,27-04-2011,6,5,5,1442,757.05,7967.05,MBR,Books,DIY
7269964955,274313,27-04-2011,12,6,4,902,378.84,3986.84,e-Shop,Home and kitchen,Academic
84079805861,267913,27-04-2011,10,5,-2,-1364,286.44,-3014.44,e-Shop,Books,Audio and video
95204035493,274549,27-04-2011,3,1,3,273,85.995,904.995,Flagship store,Clothing,Kids
97242079747,269235,27-04-2011,10,3,1,1487,156.135,1643.135,MBR,Electronics,Audio and video
72692942577,269935,27-04-2011,11,6,3,1368,430.92,4534.92,e-Shop,Home and kitchen,Children
94980452862,273695,27-04-2011,6,5,5,136,71.4,751.4,Flagship store,Books,DIY
69084858078,268598,27-04-2011,3,1,1,560,58.8,618.8,e-Shop,Clothing,Kids
99877649211,272074,27-04-2011,11,6,2,1296,272.16,2864.16,e-Shop,Home and kitchen,Children
97200093114,273440,27-04-2011,3,5,4,352,147.84,1555.84,TeleShop,Books,Kids
51453017733,270031,26-04-2011,3,5,2,619,129.99,1367.99,e-Shop,Books,Kids
7740058289,269399,26-04-2011,1,4,4,802,336.84,3544.84,TeleShop,Bags,Women
18971195035,270996,26-04-2011,5,3,4,1417,595.14,6263.14,TeleShop,Electronics,Computers
28128910868,273905,26-04-2011,7,5,1,300,31.5,331.5,e-Shop,Books,Fiction
60823034965,272542,26-04-2011,4,1,5,610,320.25,3370.25,e-Shop,Clothing,Mens
22773368626,270588,26-04-2011,4,2,4,1438,603.96,6355.96,e-Shop,Footwear,Mens
57691270684,271510,26-04-2011,11,5,5,1000,525,5525,e-Shop,Books,Children
57767482150,273256,26-04-2011,7,5,1,567,59.535,626.535,e-Shop,Books,Fiction
17782849165,270734,26-04-2011,4,4,3,966,304.29,3202.29,e-Shop,Bags,Mens
17505057181,267269,26-04-2011,5,3,3,1056,332.64,3500.64,MBR,Electronics,Computers
25195435400,273456,26-04-2011,4,2,4,110,46.2,486.2,MBR,Footwear,Mens
34936228577,274884,26-04-2011,12,5,1,1350,141.75,1491.75,MBR,Books,Academic
55573185762,271012,26-04-2011,1,2,2,163,34.23,360.23,e-Shop,Footwear,Women
10859774880,268284,26-04-2011,4,3,4,878,368.76,3880.76,TeleShop,Electronics,Mens
70059377318,271866,26-04-2011,1,4,5,1260,661.5,6961.5,MBR,Bags,Women
68373025748,273239,26-04-2011,2,6,3,1164,366.66,3858.66,Flagship store,Home and kitchen,Furnishing
89098638617,268231,26-04-2011,1,4,-3,-224,70.56,-742.56,TeleShop,Bags,Women
97621067250,267747,26-04-2011,5,3,5,412,216.3,2276.3,e-Shop,Electronics,Computers
83388949002,269443,26-04-2011,6,5,1,963,101.115,1064.115,MBR,Books,DIY
7999912631,273516,25-04-2011,10,5,1,294,30.87,324.87,e-Shop,Books,Audio and video
32653774072,272887,25-04-2011,3,2,4,722,303.24,3191.24,MBR,Footwear,Kids
30720905580,270756,25-04-2011,8,3,3,971,305.865,3218.865,e-Shop,Electronics,Personal Appliances
47213860149,273482,25-04-2011,4,3,5,713,374.325,3939.325,e-Shop,Electronics,Mens
42091749208,266878,25-04-2011,4,1,1,887,93.135,980.135,MBR,Clothing,Mens
24827468182,272414,25-04-2011,1,1,4,318,133.56,1405.56,MBR,Clothing,Women
59860928418,267228,25-04-2011,1,1,3,1373,432.495,4551.495,e-Shop,Clothing,Women
54933197003,270098,25-04-2011,3,5,5,721,378.525,3983.525,MBR,Books,Kids
11137646723,272286,25-04-2011,9,3,1,1266,132.93,1398.93,MBR,Electronics,Cameras
36053615554,274725,25-04-2011,8,3,3,939,295.785,3112.785,e-Shop,Electronics,Personal Appliances
4363597106,271951,25-04-2011,9,3,2,1223,256.83,2702.83,e-Shop,Electronics,Cameras
36833703620,269589,25-04-2011,11,5,2,333,69.93,735.93,MBR,Books,Children
62411975108,268092,25-04-2011,1,2,1,688,72.24,760.24,e-Shop,Footwear,Women
26137901353,272416,25-04-2011,4,1,2,1245,261.45,2751.45,e-Shop,Clothing,Mens
37952869258,275148,25-04-2011,8,3,4,179,75.18,791.18,e-Shop,Electronics,Personal Appliances
64953797343,275017,25-04-2011,11,6,4,1205,506.1,5326.1,e-Shop,Home and kitchen,Children
76475148538,271875,25-04-2011,1,2,4,1254,526.68,5542.68,e-Shop,Footwear,Women
82453189718,274858,25-04-2011,12,6,3,711,223.965,2356.965,TeleShop,Home and kitchen,Academic
84263884612,270597,25-04-2011,4,2,5,1180,619.5,6519.5,e-Shop,Footwear,Mens
87163214098,274438,25-04-2011,1,2,5,1001,525.525,5530.525,TeleShop,Footwear,Women
84974582403,269254,25-04-2011,8,3,3,1086,342.09,3600.09,e-Shop,Electronics,Personal Appliances
79104269789,268941,25-04-2011,2,6,3,465,146.475,1541.475,TeleShop,Home and kitchen,Furnishing
96516230117,271050,25-04-2011,2,6,2,242,50.82,534.82,Flagship store,Home and kitchen,Furnishing
46342923387,272912,24-04-2011,1,4,1,1067,112.035,1179.035,MBR,Bags,Women
20959129873,274596,24-04-2011,3,5,5,1248,655.2,6895.2,e-Shop,Books,Kids
47460687961,274261,24-04-2011,11,6,4,118,49.56,521.56,TeleShop,Home and kitchen,Children
2851810788,271201,24-04-2011,3,5,4,422,177.24,1865.24,TeleShop,Books,Kids
6551567076,270821,24-04-2011,8,3,1,240,25.2,265.2,Flagship store,Electronics,Personal Appliances
12958427770,273635,24-04-2011,10,6,1,812,85.26,897.26,e-Shop,Home and kitchen,Audio and video
10989830000,270242,24-04-2011,7,5,3,133,41.895,440.895,e-Shop,Books,Fiction
24604065351,269765,24-04-2011,5,3,2,778,163.38,1719.38,TeleShop,Electronics,Computers
38113097174,272482,24-04-2011,11,5,3,676,212.94,2240.94,Flagship store,Books,Children
59220543135,270867,24-04-2011,4,1,4,1369,574.98,6050.98,TeleShop,Clothing,Mens
48867492708,268479,24-04-2011,3,2,1,1018,106.89,1124.89,e-Shop,Footwear,Kids
64792494053,269766,24-04-2011,10,6,4,1481,622.02,6546.02,e-Shop,Home and kitchen,Audio and video
97169282589,274770,24-04-2011,1,4,5,204,107.1,1127.1,TeleShop,Bags,Women
79352788934,270998,24-04-2011,4,2,5,86,45.15,475.15,Flagship store,Footwear,Mens
96521768703,270281,24-04-2011,12,6,3,945,297.675,3132.675,e-Shop,Home and kitchen,Academic
78329691390,273781,24-04-2011,10,3,2,616,129.36,1361.36,e-Shop,Electronics,Audio and video
89098638617,268231,24-04-2011,1,4,3,224,70.56,742.56,TeleShop,Bags,Women
67234995437,269001,24-04-2011,4,2,4,486,204.12,2148.12,TeleShop,Footwear,Mens
69458518087,273554,24-04-2011,1,2,2,561,117.81,1239.81,TeleShop,Footwear,Women
92884384889,272165,24-04-2011,1,2,4,668,280.56,2952.56,MBR,Footwear,Women
75548907294,268584,24-04-2011,12,6,-3,-316,99.54,-1047.54,e-Shop,Home and kitchen,Academic
31252154949,274861,23-04-2011,10,6,5,967,507.675,5342.675,MBR,Home and kitchen,Audio and video
28657037604,268060,23-04-2011,9,3,1,86,9.03,95.03,e-Shop,Electronics,Cameras
48593409164,268734,23-04-2011,11,5,4,1229,516.18,5432.18,Flagship store,Books,Children
13261688128,270594,23-04-2011,2,6,2,545,114.45,1204.45,e-Shop,Home and kitchen,Furnishing
10572336233,273363,23-04-2011,10,5,2,1212,254.52,2678.52,e-Shop,Books,Audio and video
2039718981,270655,23-04-2011,10,5,3,999,314.685,3311.685,e-Shop,Books,Audio and video
27193127328,271747,23-04-2011,4,1,2,1454,305.34,3213.34,e-Shop,Clothing,Mens
36746051316,268241,23-04-2011,9,3,3,1191,375.165,3948.165,TeleShop,Electronics,Cameras
51516655930,267158,23-04-2011,3,5,4,145,60.9,640.9,e-Shop,Books,Kids
6583566381,269111,23-04-2011,1,2,2,681,143.01,1505.01,e-Shop,Footwear,Women
24383469178,274244,23-04-2011,11,5,5,888,466.2,4906.2,e-Shop,Books,Children
20723541940,268180,23-04-2011,12,6,4,791,332.22,3496.22,Flagship store,Home and kitchen,Academic
33766539263,268428,23-04-2011,4,3,4,1249,524.58,5520.58,Flagship store,Electronics,Mens
51442118552,266944,23-04-2011,3,2,-5,-973,510.825,-5375.825,e-Shop,Footwear,Kids
9052147021,266997,23-04-2011,8,3,5,961,504.525,5309.525,e-Shop,Electronics,Personal Appliances
39791821875,275170,23-04-2011,12,5,5,1386,727.65,7657.65,Flagship store,Books,Academic
57607243138,275041,23-04-2011,4,4,-5,-1342,704.55,-7414.55,e-Shop,Bags,Mens
61839148913,270244,23-04-2011,12,6,-3,-356,112.14,-1180.14,Flagship store,Home and kitchen,Academic
92390940327,273798,23-04-2011,4,4,3,738,232.47,2446.47,MBR,Bags,Mens
93020359040,275002,23-04-2011,4,3,1,298,31.29,329.29,e-Shop,Electronics,Mens
67345020081,268997,23-04-2011,11,6,2,957,200.97,2114.97,MBR,Home and kitchen,Children
90743790035,273063,23-04-2011,7,5,2,1342,281.82,2965.82,MBR,Books,Fiction
69149254780,267740,23-04-2011,10,5,3,846,266.49,2804.49,Flagship store,Books,Audio and video
67578358354,273737,23-04-2011,4,2,5,955,501.375,5276.375,TeleShop,Footwear,Mens
23928287638,269171,22-04-2011,11,5,3,618,194.67,2048.67,Flagship store,Books,Children
38771556370,272825,22-04-2011,4,2,3,1245,392.175,4127.175,Flagship store,Footwear,Mens
32855604138,268600,22-04-2011,5,3,2,662,139.02,1463.02,e-Shop,Electronics,Computers
28279712134,267754,22-04-2011,4,3,-1,-170,17.85,-187.85,TeleShop,Electronics,Mens
283833696,268521,22-04-2011,10,6,5,646,339.15,3569.15,TeleShop,Home and kitchen,Audio and video
43268642303,267804,22-04-2011,7,5,1,1496,157.08,1653.08,Flagship store,Books,Fiction
42851027458,273342,22-04-2011,4,1,5,1055,553.875,5828.875,e-Shop,Clothing,Mens
34688261961,275178,22-04-2011,4,4,4,1205,506.1,5326.1,Flagship store,Bags,Mens
44909567396,268608,22-04-2011,6,5,-5,-592,310.8,-3270.8,e-Shop,Books,DIY
55336572446,267349,22-04-2011,4,3,1,1362,143.01,1505.01,TeleShop,Electronics,Mens
54274891352,272483,22-04-2011,2,6,4,864,362.88,3818.88,e-Shop,Home and kitchen,Furnishing
77723364617,274150,22-04-2011,11,6,-2,-1074,225.54,-2373.54,Flagship store,Home and kitchen,Children
94032380647,266794,22-04-2011,12,5,4,897,376.74,3964.74,MBR,Books,Academic
65159722842,266794,22-04-2011,4,4,3,828,260.82,2744.82,MBR,Bags,Mens
98279339069,274625,22-04-2011,12,6,4,676,283.92,2987.92,TeleShop,Home and kitchen,Academic
87568904544,267210,22-04-2011,9,3,4,1094,459.48,4835.48,e-Shop,Electronics,Cameras
69098244572,272741,22-04-2011,3,2,1,611,64.155,675.155,MBR,Footwear,Kids
82135509325,268502,22-04-2011,4,4,3,1039,327.285,3444.285,MBR,Bags,Mens
74709972926,269146,22-04-2011,1,4,4,1431,601.02,6325.02,TeleShop,Bags,Women
22198408577,270391,21-04-2011,11,5,2,76,15.96,167.96,e-Shop,Books,Children
11626435009,269610,21-04-2011,10,6,-3,-996,313.74,-3301.74,e-Shop,Home and kitchen,Audio and video
17818926284,270241,21-04-2011,10,3,3,905,285.075,3000.075,Flagship store,Electronics,Audio and video
34667181960,270854,21-04-2011,12,5,2,1243,261.03,2747.03,MBR,Books,Academic
1456800505,274327,21-04-2011,5,3,3,808,254.52,2678.52,Flagship store,Electronics,Computers
4000491802,267048,21-04-2011,4,4,4,879,369.18,3885.18,TeleShop,Bags,Mens
29874700645,267704,21-04-2011,8,3,4,1196,502.32,5286.32,TeleShop,Electronics,Personal Appliances
5306267732,270519,21-04-2011,3,2,1,1374,144.27,1518.27,MBR,Footwear,Kids
57607243138,275041,21-04-2011,4,4,5,1342,704.55,7414.55,e-Shop,Bags,Mens
31214071749,272500,21-04-2011,10,5,1,545,57.225,602.225,e-Shop,Books,Audio and video
26597021642,270203,21-04-2011,1,2,2,121,25.41,267.41,e-Shop,Footwear,Women
21220247396,270459,21-04-2011,7,5,5,1126,591.15,6221.15,MBR,Books,Fiction
22857625051,270105,21-04-2011,7,5,5,648,340.2,3580.2,MBR,Books,Fiction
90564919227,273861,21-04-2011,7,5,5,1069,561.225,5906.225,e-Shop,Books,Fiction
95567511544,269991,21-04-2011,1,4,5,1437,754.425,7939.425,e-Shop,Bags,Women
72431051260,274740,21-04-2011,3,1,1,1288,135.24,1423.24,Flagship store,Clothing,Kids
67854942302,269491,21-04-2011,10,3,3,76,23.94,251.94,MBR,Electronics,Audio and video
84079805861,267913,21-04-2011,10,5,2,1364,286.44,3014.44,e-Shop,Books,Audio and video
36930364698,270091,20-04-2011,11,6,2,402,84.42,888.42,MBR,Home and kitchen,Children
26940877678,274221,20-04-2011,3,2,3,294,92.61,974.61,e-Shop,Footwear,Kids
57720198675,271747,20-04-2011,3,2,-3,-193,60.795,-639.795,e-Shop,Footwear,Kids
55667510561,274756,20-04-2011,1,2,5,456,239.4,2519.4,e-Shop,Footwear,Women
29240400730,271898,20-04-2011,12,5,5,1262,662.55,6972.55,Flagship store,Books,Academic
48146546776,272392,20-04-2011,1,2,1,1460,153.3,1613.3,e-Shop,Footwear,Women
27708539581,273728,20-04-2011,12,6,2,879,184.59,1942.59,e-Shop,Home and kitchen,Academic
55344602647,272730,20-04-2011,4,3,2,1327,278.67,2932.67,Flagship store,Electronics,Mens
36612059879,271846,20-04-2011,1,4,2,402,84.42,888.42,e-Shop,Bags,Women
1664332134,274689,20-04-2011,10,5,-4,-761,319.62,-3363.62,TeleShop,Books,Audio and video
62222605608,268132,20-04-2011,7,5,1,1200,126,1326,e-Shop,Books,Fiction
5397890156,270775,20-04-2011,12,5,5,474,248.85,2618.85,e-Shop,Books,Academic
521137428,274567,20-04-2011,8,3,1,966,101.43,1067.43,e-Shop,Electronics,Personal Appliances
20633373446,272964,20-04-2011,12,5,5,360,189,1989,e-Shop,Books,Academic
95615333934,274899,20-04-2011,7,5,3,699,220.185,2317.185,e-Shop,Books,Fiction
75126030042,269483,20-04-2011,9,3,5,1422,746.55,7856.55,MBR,Electronics,Cameras
72630067470,267892,20-04-2011,1,2,5,377,197.925,2082.925,MBR,Footwear,Women
89797170430,267978,20-04-2011,4,1,4,570,239.4,2519.4,e-Shop,Clothing,Mens
96184458356,269665,20-04-2011,10,5,2,1441,302.61,3184.61,TeleShop,Books,Audio and video
97999057947,268110,20-04-2011,3,1,2,433,90.93,956.93,e-Shop,Clothing,Kids
78305296754,271771,20-04-2011,6,5,1,408,42.84,450.84,TeleShop,Books,DIY
22514208954,270483,19-04-2011,3,2,-3,-792,249.48,-2625.48,e-Shop,Footwear,Kids
25106072709,274961,19-04-2011,3,5,2,1261,264.81,2786.81,e-Shop,Books,Kids
11865049265,272933,19-04-2011,10,3,2,135,28.35,298.35,e-Shop,Electronics,Audio and video
20080800913,270003,19-04-2011,6,5,3,256,80.64,848.64,MBR,Books,DIY
28178004786,267066,19-04-2011,10,5,5,1235,648.375,6823.375,TeleShop,Books,Audio and video
58721757641,274723,19-04-2011,8,3,4,507,212.94,2240.94,Flagship store,Electronics,Personal Appliances
20799192737,273386,19-04-2011,4,2,2,401,84.21,886.21,e-Shop,Footwear,Mens
38586258124,267383,19-04-2011,7,5,2,1337,280.77,2954.77,Flagship store,Books,Fiction
61421880286,268878,19-04-2011,12,6,2,1093,229.53,2415.53,MBR,Home and kitchen,Academic
61280558032,266958,19-04-2011,10,5,5,742,389.55,4099.55,MBR,Books,Audio and video
38777759555,274457,19-04-2011,10,6,3,502,158.13,1664.13,Flagship store,Home and kitchen,Audio and video
37135060447,272796,19-04-2011,2,6,3,105,33.075,348.075,e-Shop,Home and kitchen,Furnishing
41318155435,275122,19-04-2011,2,6,4,1439,604.38,6360.38,Flagship store,Home and kitchen,Furnishing
16136391020,267732,19-04-2011,12,6,1,832,87.36,919.36,e-Shop,Home and kitchen,Academic
14142743283,274239,19-04-2011,8,3,5,1404,737.1,7757.1,Flagship store,Electronics,Personal Appliances
36279691373,273175,19-04-2011,2,6,5,1124,590.1,6210.1,Flagship store,Home and kitchen,Furnishing
90865978536,268385,19-04-2011,1,1,-5,-1405,737.625,-7762.625,e-Shop,Clothing,Women
97609232027,268669,19-04-2011,4,1,5,200,105,1105,Flagship store,Clothing,Mens
94862920474,267473,19-04-2011,10,6,5,883,463.575,4878.575,Flagship store,Home and kitchen,Audio and video
87364289842,273452,19-04-2011,7,5,2,259,54.39,572.39,TeleShop,Books,Fiction
67836360402,272671,19-04-2011,6,5,2,663,139.23,1465.23,e-Shop,Books,DIY
28491374511,269304,18-04-2011,1,2,2,79,16.59,174.59,TeleShop,Footwear,Women
2479627169,272485,18-04-2011,1,4,3,794,250.11,2632.11,e-Shop,Bags,Women
58419788476,268938,18-04-2011,2,6,4,805,338.1,3558.1,e-Shop,Home and kitchen,Furnishing
38907068376,271927,18-04-2011,6,5,4,1208,507.36,5339.36,e-Shop,Books,DIY
16458275980,270820,18-04-2011,4,4,2,878,184.38,1940.38,e-Shop,Bags,Mens
35587804952,267345,18-04-2011,4,3,4,1324,556.08,5852.08,Flagship store,Electronics,Mens
70279429327,266930,18-04-2011,11,5,3,1168,367.92,3871.92,TeleShop,Books,Children
77653348250,272686,18-04-2011,4,2,5,1459,765.975,8060.975,e-Shop,Footwear,Mens
75070354230,271253,18-04-2011,2,6,5,880,462,4862,Flagship store,Home and kitchen,Furnishing
80312289444,267836,18-04-2011,11,6,5,1215,637.875,6712.875,MBR,Home and kitchen,Children
68258850062,268984,18-04-2011,4,4,-1,-193,20.265,-213.265,TeleShop,Bags,Mens
99064995457,270722,18-04-2011,5,3,1,1035,108.675,1143.675,Flagship store,Electronics,Computers
93930343663,273684,18-04-2011,12,6,2,1094,229.74,2417.74,e-Shop,Home and kitchen,Academic
64256721611,274604,18-04-2011,10,6,3,1430,450.45,4740.45,TeleShop,Home and kitchen,Audio and video
93428300460,274609,18-04-2011,4,3,-5,-1059,555.975,-5850.975,e-Shop,Electronics,Mens
98211202963,271827,18-04-2011,3,2,1,877,92.085,969.085,TeleShop,Footwear,Kids
23071828666,269101,17-04-2011,7,5,5,1235,648.375,6823.375,TeleShop,Books,Fiction
62617150417,269888,17-04-2011,4,1,2,144,30.24,318.24,TeleShop,Clothing,Mens
26667123156,272723,17-04-2011,12,6,3,219,68.985,725.985,e-Shop,Home and kitchen,Academic
24323637731,268914,17-04-2011,3,5,2,286,60.06,632.06,e-Shop,Books,Kids
8937054379,274994,17-04-2011,11,5,3,292,91.98,967.98,Flagship store,Books,Children
34941693227,271756,17-04-2011,4,1,5,347,182.175,1917.175,e-Shop,Clothing,Mens
18205297289,274707,17-04-2011,11,6,4,860,361.2,3801.2,MBR,Home and kitchen,Children
43617465115,275008,17-04-2011,3,5,4,507,212.94,2240.94,Flagship store,Books,Kids
189495917,267760,17-04-2011,12,6,3,1022,321.93,3387.93,Flagship store,Home and kitchen,Academic
58088882483,272201,17-04-2011,1,4,5,969,508.725,5353.725,TeleShop,Bags,Women
58059941820,274398,17-04-2011,10,3,4,993,417.06,4389.06,MBR,Electronics,Audio and video
11626435009,269610,17-04-2011,10,6,3,996,313.74,3301.74,e-Shop,Home and kitchen,Audio and video
7461657454,270724,17-04-2011,11,5,-1,-793,83.265,-876.265,e-Shop,Books,Children
51778237439,270455,17-04-2011,2,6,5,1069,561.225,5906.225,e-Shop,Home and kitchen,Furnishing
47192759275,269606,17-04-2011,3,5,3,702,221.13,2327.13,TeleShop,Books,Kids
61839148913,270244,17-04-2011,12,6,-3,-356,112.14,-1180.14,Flagship store,Home and kitchen,Academic
13766349787,270453,17-04-2011,9,3,-1,-1130,118.65,-1248.65,e-Shop,Electronics,Cameras
53898214402,272974,17-04-2011,2,6,5,621,326.025,3431.025,e-Shop,Home and kitchen,Furnishing
51442118552,266944,17-04-2011,3,2,5,973,510.825,5375.825,e-Shop,Footwear,Kids
43772053279,271562,17-04-2011,5,3,3,409,128.835,1355.835,e-Shop,Electronics,Computers
56582980754,270773,17-04-2011,3,5,3,1142,359.73,3785.73,e-Shop,Books,Kids
68137851721,266816,17-04-2011,1,1,2,1234,259.14,2727.14,Flagship store,Clothing,Women
85438033354,271907,17-04-2011,12,6,5,794,416.85,4386.85,e-Shop,Home and kitchen,Academic
67469350649,274955,17-04-2011,4,1,1,1113,116.865,1229.865,e-Shop,Clothing,Mens
67882442864,272261,17-04-2011,1,4,2,1098,230.58,2426.58,MBR,Bags,Women
87473332637,268225,17-04-2011,7,5,2,1287,270.27,2844.27,Flagship store,Books,Fiction
77209452206,271027,17-04-2011,9,3,-4,-1184,497.28,-5233.28,e-Shop,Electronics,Cameras
65802662093,273668,17-04-2011,4,4,1,655,68.775,723.775,MBR,Bags,Mens
77187940529,274261,17-04-2011,10,3,5,826,433.65,4563.65,e-Shop,Electronics,Audio and video
68595807383,267134,17-04-2011,8,3,2,1350,283.5,2983.5,e-Shop,Electronics,Personal Appliances
97158498401,273582,17-04-2011,9,3,5,281,147.525,1552.525,e-Shop,Electronics,Cameras
45000391327,270771,16-04-2011,4,2,-5,-1203,631.575,-6646.575,e-Shop,Footwear,Mens
43732336533,275046,16-04-2011,1,4,1,615,64.575,679.575,e-Shop,Bags,Women
57720198675,271747,16-04-2011,3,2,3,193,60.795,639.795,e-Shop,Footwear,Kids
16601086410,273690,16-04-2011,4,2,2,1042,218.82,2302.82,TeleShop,Footwear,Mens
1664332134,274689,16-04-2011,10,5,4,761,319.62,3363.62,TeleShop,Books,Audio and video
11418143976,269607,16-04-2011,1,4,1,953,100.065,1053.065,MBR,Bags,Women
29936370996,272864,16-04-2011,11,6,1,89,9.345,98.345,Flagship store,Home and kitchen,Children
9589297381,268608,16-04-2011,7,5,3,1238,389.97,4103.97,e-Shop,Books,Fiction
13766349787,270453,16-04-2011,9,3,1,1130,118.65,1248.65,e-Shop,Electronics,Cameras
71037838387,272142,16-04-2011,9,3,2,1121,235.41,2477.41,TeleShop,Electronics,Cameras
78904708844,271039,16-04-2011,3,5,4,1279,537.18,5653.18,MBR,Books,Kids
93539379334,266822,16-04-2011,3,5,5,1214,637.35,6707.35,Flagship store,Books,Kids
90865978536,268385,16-04-2011,1,1,5,1405,737.625,7762.625,e-Shop,Clothing,Women
91571617866,268333,16-04-2011,4,4,3,240,75.6,795.6,Flagship store,Bags,Mens
73314181390,272142,16-04-2011,12,6,5,1489,781.725,8226.725,e-Shop,Home and kitchen,Academic
65590586136,268078,16-04-2011,10,5,3,1395,439.425,4624.425,e-Shop,Books,Audio and video
40116490570,270607,15-04-2011,3,5,-5,-111,58.275,-613.275,Flagship store,Books,Kids
3487877315,270829,15-04-2011,4,2,5,554,290.85,3060.85,e-Shop,Footwear,Mens
41690548911,273305,15-04-2011,4,3,1,348,36.54,384.54,e-Shop,Electronics,Mens
16683534270,272016,15-04-2011,8,3,1,98,10.29,108.29,e-Shop,Electronics,Personal Appliances
27153496872,267510,15-04-2011,10,3,3,956,301.14,3169.14,TeleShop,Electronics,Audio and video
30347506251,271959,15-04-2011,4,3,2,297,62.37,656.37,MBR,Electronics,Mens
15281126640,269324,15-04-2011,3,1,1,1319,138.495,1457.495,TeleShop,Clothing,Kids
32181628567,274483,15-04-2011,1,4,-2,-306,64.26,-676.26,TeleShop,Bags,Women
59535160183,271030,15-04-2011,4,2,3,573,180.495,1899.495,e-Shop,Footwear,Mens
54804868993,273547,15-04-2011,3,5,5,654,343.35,3613.35,Flagship store,Books,Kids
44909567396,268608,15-04-2011,6,5,5,592,310.8,3270.8,e-Shop,Books,DIY
27428609544,273207,15-04-2011,12,5,5,155,81.375,856.375,e-Shop,Books,Academic
28580495508,271580,15-04-2011,7,5,-3,-978,308.07,-3242.07,MBR,Books,Fiction
21722458290,269529,15-04-2011,12,5,3,1179,371.385,3908.385,MBR,Books,Academic
87116179638,267100,15-04-2011,10,6,4,1440,604.8,6364.8,Flagship store,Home and kitchen,Audio and video
67860345834,274715,15-04-2011,6,5,5,288,151.2,1591.2,e-Shop,Books,DIY
64571518886,270484,15-04-2011,4,4,3,410,129.15,1359.15,e-Shop,Bags,Mens
69311636420,271731,15-04-2011,7,5,2,635,133.35,1403.35,TeleShop,Books,Fiction
90509208540,266966,15-04-2011,11,5,5,1184,621.6,6541.6,e-Shop,Books,Children
77908500370,270835,15-04-2011,8,3,-2,-328,68.88,-724.88,e-Shop,Electronics,Personal Appliances
99620039042,266906,15-04-2011,4,1,2,87,18.27,192.27,TeleShop,Clothing,Mens
72510955357,271473,15-04-2011,3,5,2,263,55.23,581.23,Flagship store,Books,Kids
1309759517,274358,14-04-2011,7,5,-1,-296,31.08,-327.08,MBR,Books,Fiction
32181628567,274483,14-04-2011,1,4,2,306,64.26,676.26,TeleShop,Bags,Women
35663582681,269607,14-04-2011,10,5,3,861,271.215,2854.215,TeleShop,Books,Audio and video
22514208954,270483,14-04-2011,3,2,3,792,249.48,2625.48,e-Shop,Footwear,Kids
25225656116,267349,14-04-2011,9,3,4,851,357.42,3761.42,TeleShop,Electronics,Cameras
43268673978,272056,14-04-2011,11,6,5,576,302.4,3182.4,MBR,Home and kitchen,Children
61839148913,270244,14-04-2011,12,6,3,356,112.14,1180.14,Flagship store,Home and kitchen,Academic
49156260237,268920,14-04-2011,9,3,4,1397,586.74,6174.74,TeleShop,Electronics,Cameras
40592621121,268636,14-04-2011,9,3,1,800,84,884,e-Shop,Electronics,Cameras
43954980477,274628,14-04-2011,2,6,5,769,403.725,4248.725,e-Shop,Home and kitchen,Furnishing
45957110755,270503,14-04-2011,11,6,2,141,29.61,311.61,e-Shop,Home and kitchen,Children
60360263876,271523,14-04-2011,4,4,2,666,139.86,1471.86,TeleShop,Bags,Mens
69983120035,273745,14-04-2011,3,5,1,1032,108.36,1140.36,MBR,Books,Kids
71552690051,272506,14-04-2011,10,3,3,281,88.515,931.515,MBR,Electronics,Audio and video
74414706462,268545,14-04-2011,4,1,5,473,248.325,2613.325,MBR,Clothing,Mens
63163880799,274481,14-04-2011,4,4,5,1424,747.6,7867.6,MBR,Bags,Mens
89933782571,268418,14-04-2011,10,5,-1,-1294,135.87,-1429.87,e-Shop,Books,Audio and video
86541070491,270225,14-04-2011,11,5,3,1072,337.68,3553.68,TeleShop,Books,Children
67927762324,272603,14-04-2011,4,2,2,297,62.37,656.37,MBR,Footwear,Mens
70921503628,274575,14-04-2011,4,1,5,1092,573.3,6033.3,TeleShop,Clothing,Mens
65771646117,271875,14-04-2011,5,3,4,1387,582.54,6130.54,Flagship store,Electronics,Computers
71555940172,272324,14-04-2011,4,4,3,1315,414.225,4359.225,Flagship store,Bags,Mens
75548907294,268584,14-04-2011,12,6,3,316,99.54,1047.54,e-Shop,Home and kitchen,Academic
96437962133,269279,14-04-2011,7,5,1,1196,125.58,1321.58,Flagship store,Books,Fiction
77723364617,274150,14-04-2011,11,6,2,1074,225.54,2373.54,Flagship store,Home and kitchen,Children
65954361642,272636,14-04-2011,2,6,2,438,91.98,967.98,TeleShop,Home and kitchen,Furnishing
53589923308,269513,13-04-2011,1,4,1,203,21.315,224.315,MBR,Bags,Women
20779647220,273038,13-04-2011,1,2,2,921,193.41,2035.41,e-Shop,Footwear,Women
28279712134,267754,13-04-2011,4,3,1,170,17.85,187.85,TeleShop,Electronics,Mens
47865670081,275116,13-04-2011,10,6,3,540,170.1,1790.1,Flagship store,Home and kitchen,Audio and video
17297427776,271940,13-04-2011,10,3,2,995,208.95,2198.95,TeleShop,Electronics,Audio and video
37045781038,271756,13-04-2011,1,1,-3,-830,261.45,-2751.45,e-Shop,Clothing,Women
63083527695,271157,13-04-2011,4,3,-1,-864,90.72,-954.72,MBR,Electronics,Mens
16362145309,271321,13-04-2011,1,1,5,1265,664.125,6989.125,MBR,Clothing,Women
60879822232,272378,13-04-2011,1,2,4,572,240.24,2528.24,MBR,Footwear,Women
58484981567,268535,13-04-2011,4,3,4,1033,433.86,4565.86,e-Shop,Electronics,Mens
12216644953,268752,13-04-2011,1,4,2,1131,237.51,2499.51,MBR,Bags,Women
78848656009,273135,13-04-2011,1,4,-2,-1315,276.15,-2906.15,MBR,Bags,Women
86426292691,266794,13-04-2011,11,5,3,1332,419.58,4415.58,e-Shop,Books,Children
69266138992,267101,13-04-2011,8,3,5,1080,567,5967,e-Shop,Electronics,Personal Appliances
64157084087,275131,13-04-2011,4,4,1,1350,141.75,1491.75,Flagship store,Bags,Mens
92238470784,267122,13-04-2011,10,6,1,1343,141.015,1484.015,e-Shop,Home and kitchen,Audio and video
87514584287,267603,13-04-2011,3,2,5,454,238.35,2508.35,Flagship store,Footwear,Kids
93259588963,271660,13-04-2011,1,2,3,1103,347.445,3656.445,e-Shop,Footwear,Women
95412030312,272741,13-04-2011,3,2,1,720,75.6,795.6,MBR,Footwear,Kids
58857772193,268079,12/4/2011,10,3,-2,-477,100.17,-1054.17,e-Shop,Electronics,Audio and video
41330731621,271487,12/4/2011,3,5,-2,-320,67.2,-707.2,e-Shop,Books,Kids
35104335680,269960,12/4/2011,2,6,-5,-1001,525.525,-5530.525,Flagship store,Home and kitchen,Furnishing
50971100072,269798,12/4/2011,10,3,5,789,414.225,4359.225,TeleShop,Electronics,Audio and video
32210105043,273115,12/4/2011,4,1,3,599,188.685,1985.685,MBR,Clothing,Mens
41045762834,268096,12/4/2011,8,3,4,208,87.36,919.36,TeleShop,Electronics,Personal Appliances
1053429698,272152,12/4/2011,10,5,4,562,236.04,2484.04,MBR,Books,Audio and video
45955504470,274314,12/4/2011,4,1,2,101,21.21,223.21,e-Shop,Clothing,Mens
54124649119,267073,12/4/2011,4,3,3,726,228.69,2406.69,MBR,Electronics,Mens
49144704001,273780,12/4/2011,3,5,1,858,90.09,948.09,e-Shop,Books,Kids
54060900341,269675,12/4/2011,5,3,4,719,301.98,3177.98,e-Shop,Electronics,Computers
12871067903,270776,12/4/2011,7,5,3,352,110.88,1166.88,e-Shop,Books,Fiction
38816402,274437,12/4/2011,12,5,3,543,171.045,1800.045,TeleShop,Books,Academic
78155159137,269264,12/4/2011,6,5,3,915,288.225,3033.225,e-Shop,Books,DIY
68258850062,268984,12/4/2011,4,4,1,193,20.265,213.265,TeleShop,Bags,Mens
87060825004,269484,12/4/2011,1,1,5,340,178.5,1878.5,MBR,Clothing,Women
87682710332,275220,12/4/2011,4,2,4,1260,529.2,5569.2,e-Shop,Footwear,Mens
95270493236,273328,12/4/2011,12,5,1,1202,126.21,1328.21,e-Shop,Books,Academic
97710776131,270833,12/4/2011,7,5,-3,-1230,387.45,-4077.45,e-Shop,Books,Fiction
80149936689,269195,12/4/2011,3,5,2,1012,212.52,2236.52,e-Shop,Books,Kids
55842516626,271250,11/4/2011,10,3,2,846,177.66,1869.66,e-Shop,Electronics,Audio and video
60396257509,267660,11/4/2011,12,6,4,125,52.5,552.5,TeleShop,Home and kitchen,Academic
28575451000,274736,11/4/2011,7,5,3,680,214.2,2254.2,e-Shop,Books,Fiction
8238603033,272399,11/4/2011,8,3,2,466,97.86,1029.86,MBR,Electronics,Personal Appliances
40873891658,272141,11/4/2011,11,5,1,1086,114.03,1200.03,Flagship store,Books,Children
14899780817,272794,11/4/2011,11,5,4,616,258.72,2722.72,MBR,Books,Children
63083527695,271157,11/4/2011,4,3,1,864,90.72,954.72,MBR,Electronics,Mens
11242278052,273600,11/4/2011,4,4,3,432,136.08,1432.08,Flagship store,Bags,Mens
61383789625,271747,11/4/2011,2,6,5,382,200.55,2110.55,e-Shop,Home and kitchen,Furnishing
9705083440,273445,11/4/2011,1,1,2,247,51.87,545.87,MBR,Clothing,Women
85258742561,274650,11/4/2011,9,3,5,755,396.375,4171.375,Flagship store,Electronics,Cameras
69862629509,271380,11/4/2011,4,2,5,577,302.925,3187.925,e-Shop,Footwear,Mens
77779448265,268302,11/4/2011,10,5,3,1189,374.535,3941.535,e-Shop,Books,Audio and video
77311460812,273034,11/4/2011,3,1,1,988,103.74,1091.74,MBR,Clothing,Kids
75806323524,270923,11/4/2011,10,3,1,990,103.95,1093.95,MBR,Electronics,Audio and video
40545262031,271671,10/4/2011,4,3,1,894,93.87,987.87,e-Shop,Electronics,Mens
45000391327,270771,10/4/2011,4,2,5,1203,631.575,6646.575,e-Shop,Footwear,Mens
13361912306,271750,10/4/2011,12,5,-1,-839,88.095,-927.095,e-Shop,Books,Academic
21983962487,267318,10/4/2011,9,3,5,1180,619.5,6519.5,Flagship store,Electronics,Cameras
20246838689,271104,10/4/2011,3,5,4,1241,521.22,5485.22,e-Shop,Books,Kids
55238224279,268443,10/4/2011,5,3,2,552,115.92,1219.92,e-Shop,Electronics,Computers
26414815399,273719,10/4/2011,7,5,2,1210,254.1,2674.1,Flagship store,Books,Fiction
57264060852,269832,10/4/2011,11,5,-5,-995,522.375,-5497.375,e-Shop,Books,Children
48071446313,273824,10/4/2011,1,4,3,959,302.085,3179.085,Flagship store,Bags,Women
60770038660,274441,10/4/2011,6,5,3,563,177.345,1866.345,e-Shop,Books,DIY
60771768882,267217,10/4/2011,8,3,2,115,24.15,254.15,MBR,Electronics,Personal Appliances
16769064239,272636,10/4/2011,10,3,2,462,97.02,1021.02,e-Shop,Electronics,Audio and video
37846363645,269546,10/4/2011,10,3,-3,-915,288.225,-3033.225,MBR,Electronics,Audio and video
141765672,272741,10/4/2011,10,3,1,705,74.025,779.025,e-Shop,Electronics,Audio and video
14609306195,268869,10/4/2011,2,6,3,1017,320.355,3371.355,Flagship store,Home and kitchen,Furnishing
1309759517,274358,10/4/2011,7,5,1,296,31.08,327.08,MBR,Books,Fiction
52114826624,268812,10/4/2011,1,2,1,1187,124.635,1311.635,e-Shop,Footwear,Women
37045781038,271756,10/4/2011,1,1,3,830,261.45,2751.45,e-Shop,Clothing,Women
19935581744,267151,10/4/2011,4,2,3,1007,317.205,3338.205,e-Shop,Footwear,Mens
22506381776,268061,10/4/2011,4,1,3,583,183.645,1932.645,MBR,Clothing,Mens
1931226560,271375,10/4/2011,10,3,3,567,178.605,1879.605,TeleShop,Electronics,Audio and video
13873850262,267537,10/4/2011,7,5,3,1069,336.735,3543.735,MBR,Books,Fiction
98092203494,268290,10/4/2011,1,1,3,834,262.71,2764.71,e-Shop,Clothing,Women
91291876992,269033,10/4/2011,3,1,-3,-764,240.66,-2532.66,Flagship store,Clothing,Kids
81781207279,267668,10/4/2011,6,5,1,440,46.2,486.2,TeleShop,Books,DIY
89933782571,268418,10/4/2011,10,5,1,1294,135.87,1429.87,e-Shop,Books,Audio and video
91888704501,274355,10/4/2011,12,5,1,981,103.005,1084.005,e-Shop,Books,Academic
87247141508,271061,10/4/2011,4,2,-1,-503,52.815,-555.815,e-Shop,Footwear,Mens
84679831806,268779,10/4/2011,12,6,1,448,47.04,495.04,Flagship store,Home and kitchen,Academic
3377575896,273758,9/4/2011,4,3,1,178,18.69,196.69,e-Shop,Electronics,Mens
31660870901,271499,9/4/2011,6,5,3,413,130.095,1369.095,Flagship store,Books,DIY
25480460110,268037,9/4/2011,1,1,4,131,55.02,579.02,e-Shop,Clothing,Women
53863728778,272217,9/4/2011,11,5,4,648,272.16,2864.16,e-Shop,Books,Children
53324199593,273380,9/4/2011,3,1,1,539,56.595,595.595,e-Shop,Clothing,Kids
7173864364,271157,9/4/2011,4,4,5,788,413.7,4353.7,Flagship store,Bags,Mens
60551649851,269586,9/4/2011,5,3,3,813,256.095,2695.095,e-Shop,Electronics,Computers
12808647991,268145,9/4/2011,10,6,1,492,51.66,543.66,e-Shop,Home and kitchen,Audio and video
17390496461,275167,9/4/2011,3,1,4,516,216.72,2280.72,Flagship store,Clothing,Kids
44013466898,274008,9/4/2011,12,6,3,933,293.895,3092.895,e-Shop,Home and kitchen,Academic
43093630466,271859,9/4/2011,4,4,4,655,275.1,2895.1,MBR,Bags,Mens
15298685362,269269,9/4/2011,11,6,4,1413,593.46,6245.46,MBR,Home and kitchen,Children
41661919765,268153,9/4/2011,12,6,3,360,113.4,1193.4,e-Shop,Home and kitchen,Academic
19892708345,268672,9/4/2011,10,3,3,1120,352.8,3712.8,MBR,Electronics,Audio and video
18301188842,266841,9/4/2011,12,6,5,1322,694.05,7304.05,e-Shop,Home and kitchen,Academic
39185908168,269445,9/4/2011,3,5,2,1327,278.67,2932.67,TeleShop,Books,Kids
18927073864,266907,9/4/2011,4,2,3,1112,350.28,3686.28,TeleShop,Footwear,Mens
83903493751,270865,9/4/2011,4,3,2,1054,221.34,2329.34,Flagship store,Electronics,Mens
81106937412,274129,9/4/2011,3,5,2,1330,279.3,2939.3,e-Shop,Books,Kids
77908500370,270835,9/4/2011,8,3,2,328,68.88,724.88,e-Shop,Electronics,Personal Appliances
97152274832,269533,9/4/2011,3,5,3,1399,440.685,4637.685,e-Shop,Books,Kids
71165621245,267403,9/4/2011,3,1,5,1328,697.2,7337.2,e-Shop,Clothing,Kids
73371869460,275044,9/4/2011,12,6,4,1176,493.92,5197.92,MBR,Home and kitchen,Academic
96826881562,271250,9/4/2011,4,4,2,283,59.43,625.43,e-Shop,Bags,Mens
83240045626,273878,9/4/2011,6,5,5,453,237.825,2502.825,TeleShop,Books,DIY
59615033338,273421,8/4/2011,10,6,3,476,149.94,1577.94,MBR,Home and kitchen,Audio and video
54592518522,268107,8/4/2011,7,5,5,1480,777,8177,TeleShop,Books,Fiction
44853956718,271763,8/4/2011,10,5,3,790,248.85,2618.85,Flagship store,Books,Audio and video
7461657454,270724,8/4/2011,11,5,1,793,83.265,876.265,e-Shop,Books,Children
25435407040,274181,8/4/2011,3,5,1,657,68.985,725.985,Flagship store,Books,Kids
8391543892,274448,8/4/2011,12,6,1,430,45.15,475.15,TeleShop,Home and kitchen,Academic
2352870280,272244,8/4/2011,9,3,-5,-690,362.25,-3812.25,Flagship store,Electronics,Cameras
19674120805,270389,8/4/2011,4,4,3,493,155.295,1634.295,Flagship store,Bags,Mens
12791130119,274077,8/4/2011,4,1,4,412,173.04,1821.04,e-Shop,Clothing,Mens
44587938110,271318,8/4/2011,5,3,1,675,70.875,745.875,e-Shop,Electronics,Computers
40116490570,270607,8/4/2011,3,5,5,111,58.275,613.275,Flagship store,Books,Kids
44621241036,274414,8/4/2011,4,2,3,279,87.885,924.885,MBR,Footwear,Mens
15577339114,273995,8/4/2011,8,3,1,420,44.1,464.1,e-Shop,Electronics,Personal Appliances
58099725001,271784,8/4/2011,6,5,3,1016,320.04,3368.04,e-Shop,Books,DIY
41261578046,270779,8/4/2011,8,3,1,117,12.285,129.285,MBR,Electronics,Personal Appliances
81178139257,269792,8/4/2011,3,1,4,177,74.34,782.34,TeleShop,Clothing,Kids
93428300460,274609,8/4/2011,4,3,5,1059,555.975,5850.975,e-Shop,Electronics,Mens
77786159709,273621,8/4/2011,6,5,2,1187,249.27,2623.27,e-Shop,Books,DIY
89650390488,267075,8/4/2011,7,5,1,1275,133.875,1408.875,Flagship store,Books,Fiction
28580495508,271580,7/4/2011,7,5,3,978,308.07,3242.07,MBR,Books,Fiction
8120057780,270000,7/4/2011,4,4,1,623,65.415,688.415,e-Shop,Bags,Mens
10907848022,274348,7/4/2011,12,6,3,1343,423.045,4452.045,e-Shop,Home and kitchen,Academic
41330731621,271487,7/4/2011,3,5,2,320,67.2,707.2,e-Shop,Books,Kids
39437174939,271381,7/4/2011,1,4,5,1396,732.9,7712.9,TeleShop,Bags,Women
75239126861,272682,7/4/2011,4,1,3,135,42.525,447.525,Flagship store,Clothing,Mens
92163819139,271961,7/4/2011,2,6,2,1305,274.05,2884.05,e-Shop,Home and kitchen,Furnishing
87943628301,268005,7/4/2011,7,5,5,1052,552.3,5812.3,e-Shop,Books,Fiction
77209452206,271027,7/4/2011,9,3,4,1184,497.28,5233.28,e-Shop,Electronics,Cameras
69185593585,273664,7/4/2011,9,3,5,790,414.75,4364.75,e-Shop,Electronics,Cameras
96515744456,267718,7/4/2011,4,4,5,638,334.95,3524.95,MBR,Bags,Mens
84940925641,273759,7/4/2011,4,3,1,1236,129.78,1365.78,MBR,Electronics,Mens
66621362568,270891,7/4/2011,3,5,1,1109,116.445,1225.445,TeleShop,Books,Kids
66589098031,267226,7/4/2011,3,5,1,1444,151.62,1595.62,e-Shop,Books,Kids
84722344935,269884,7/4/2011,7,5,-1,-1135,119.175,-1254.175,e-Shop,Books,Fiction
53585089032,274817,6/4/2011,11,5,-2,-369,77.49,-815.49,Flagship store,Books,Children
14458845311,268656,6/4/2011,4,2,4,228,95.76,1007.76,MBR,Footwear,Mens
6928103115,268161,6/4/2011,10,6,5,750,393.75,4143.75,e-Shop,Home and kitchen,Audio and video
81540275120,272676,6/4/2011,10,6,2,822,172.62,1816.62,TeleShop,Home and kitchen,Audio and video
78848656009,273135,6/4/2011,1,4,2,1315,276.15,2906.15,MBR,Bags,Women
86686550460,272815,6/4/2011,7,5,4,325,136.5,1436.5,e-Shop,Books,Fiction
79180208938,266862,6/4/2011,2,6,5,1301,683.025,7188.025,e-Shop,Home and kitchen,Furnishing
73971924429,272055,6/4/2011,2,6,3,365,114.975,1209.975,MBR,Home and kitchen,Furnishing
98821742774,270802,6/4/2011,10,5,2,382,80.22,844.22,e-Shop,Books,Audio and video
80136371243,270530,6/4/2011,2,6,3,950,299.25,3149.25,Flagship store,Home and kitchen,Furnishing
51680669304,270154,5/4/2011,12,5,1,344,36.12,380.12,MBR,Books,Academic
52400378749,275136,5/4/2011,10,3,3,363,114.345,1203.345,Flagship store,Electronics,Audio and video
51336904037,270581,5/4/2011,10,3,1,1136,119.28,1255.28,e-Shop,Electronics,Audio and video
23065115985,275166,5/4/2011,12,5,3,1242,391.23,4117.23,e-Shop,Books,Academic
18488485535,270852,5/4/2011,5,3,5,941,494.025,5199.025,e-Shop,Electronics,Computers
33583340475,267624,5/4/2011,8,3,3,1316,414.54,4362.54,e-Shop,Electronics,Personal Appliances
45556388578,272799,5/4/2011,10,5,5,1007,528.675,5563.675,Flagship store,Books,Audio and video
52436811766,272653,5/4/2011,10,5,2,705,148.05,1558.05,e-Shop,Books,Audio and video
15023789354,271889,5/4/2011,4,3,4,771,323.82,3407.82,e-Shop,Electronics,Mens
6650926717,268110,5/4/2011,4,4,4,1036,435.12,4579.12,MBR,Bags,Mens
70827914131,274529,5/4/2011,12,5,1,1183,124.215,1307.215,e-Shop,Books,Academic
65625087160,271294,5/4/2011,6,5,3,103,32.445,341.445,TeleShop,Books,DIY
75532089388,271920,5/4/2011,4,4,4,780,327.6,3447.6,e-Shop,Bags,Mens
94930159044,274822,5/4/2011,1,2,3,1052,331.38,3487.38,e-Shop,Footwear,Women
29501645856,274310,4/4/2011,3,2,3,668,210.42,2214.42,TeleShop,Footwear,Kids
756246414,273896,4/4/2011,10,5,-2,-1488,312.48,-3288.48,MBR,Books,Audio and video
44555543164,268946,4/4/2011,10,5,-3,-497,156.555,-1647.555,Flagship store,Books,Audio and video
23170563366,269175,4/4/2011,4,4,4,1410,592.2,6232.2,Flagship store,Bags,Mens
32342183160,272745,4/4/2011,10,5,4,397,166.74,1754.74,MBR,Books,Audio and video
37037654336,271154,4/4/2011,4,2,2,779,163.59,1721.59,TeleShop,Footwear,Mens
25301301385,274596,4/4/2011,3,2,2,578,121.38,1277.38,e-Shop,Footwear,Kids
39522912325,271216,4/4/2011,4,2,5,928,487.2,5127.2,e-Shop,Footwear,Mens
40172566059,270483,4/4/2011,10,6,2,451,94.71,996.71,e-Shop,Home and kitchen,Audio and video
37846363645,269546,4/4/2011,10,3,3,915,288.225,3033.225,MBR,Electronics,Audio and video
32139489460,266841,4/4/2011,10,3,5,1411,740.775,7795.775,Flagship store,Electronics,Audio and video
71610464347,271813,4/4/2011,3,1,5,1154,605.85,6375.85,e-Shop,Clothing,Kids
77243231063,274896,4/4/2011,4,2,2,223,46.83,492.83,Flagship store,Footwear,Mens
64174221816,266986,4/4/2011,11,5,1,1111,116.655,1227.655,e-Shop,Books,Children
78878745595,266910,4/4/2011,11,6,1,1147,120.435,1267.435,MBR,Home and kitchen,Children
69475845295,267842,4/4/2011,1,4,3,1336,420.84,4428.84,Flagship store,Bags,Women
63654391887,268640,4/4/2011,10,3,3,432,136.08,1432.08,e-Shop,Electronics,Audio and video
96649682738,272634,4/4/2011,12,5,-4,-598,251.16,-2643.16,Flagship store,Books,Academic
38451234555,272021,3/4/2011,4,4,2,1431,300.51,3162.51,TeleShop,Bags,Mens
29199436173,274177,3/4/2011,4,3,4,263,110.46,1162.46,TeleShop,Electronics,Mens
21970910601,273309,3/4/2011,1,4,5,1269,666.225,7011.225,MBR,Bags,Women
43147382235,270912,3/4/2011,8,3,2,1213,254.73,2680.73,MBR,Electronics,Personal Appliances
46272188531,268961,3/4/2011,1,4,4,826,346.92,3650.92,MBR,Bags,Women
32552008338,266904,3/4/2011,3,5,2,1228,257.88,2713.88,TeleShop,Books,Kids
2352870280,272244,3/4/2011,9,3,5,690,362.25,3812.25,Flagship store,Electronics,Cameras
38370683843,270226,3/4/2011,11,5,3,687,216.405,2277.405,Flagship store,Books,Children
16365295999,274227,3/4/2011,3,1,5,706,370.65,3900.65,e-Shop,Clothing,Kids
53705282837,272343,3/4/2011,10,5,2,226,47.46,499.46,Flagship store,Books,Audio and video
10161887385,274923,3/4/2011,7,5,5,934,490.35,5160.35,e-Shop,Books,Fiction
24761659138,269837,3/4/2011,1,1,-1,-473,49.665,-522.665,e-Shop,Clothing,Women
9815378017,273075,3/4/2011,9,3,2,1056,221.76,2333.76,TeleShop,Electronics,Cameras
33489527082,268998,3/4/2011,9,3,-4,-354,148.68,-1564.68,MBR,Electronics,Cameras
5996601695,274481,3/4/2011,5,3,-4,-765,321.3,-3381.3,e-Shop,Electronics,Computers
10327029399,275174,3/4/2011,3,2,3,332,104.58,1100.58,Flagship store,Footwear,Kids
6571532232,267774,3/4/2011,4,3,2,917,192.57,2026.57,e-Shop,Electronics,Mens
94312852412,271583,3/4/2011,10,5,2,1302,273.42,2877.42,e-Shop,Books,Audio and video
99712403736,268376,3/4/2011,3,1,5,1277,670.425,7055.425,Flagship store,Clothing,Kids
74101790394,269184,3/4/2011,11,6,5,1301,683.025,7188.025,TeleShop,Home and kitchen,Children
97710776131,270833,3/4/2011,7,5,3,1230,387.45,4077.45,e-Shop,Books,Fiction
90459197532,271845,3/4/2011,10,3,-5,-1260,661.5,-6961.5,e-Shop,Electronics,Audio and video
84722344935,269884,3/4/2011,7,5,1,1135,119.175,1254.175,e-Shop,Books,Fiction
72439946235,270943,3/4/2011,10,5,3,576,181.44,1909.44,MBR,Books,Audio and video
43722789973,271204,2/4/2011,4,3,5,854,448.35,4718.35,e-Shop,Electronics,Mens
6600297722,272473,2/4/2011,10,3,1,1361,142.905,1503.905,MBR,Electronics,Audio and video
26645285618,271970,2/4/2011,12,5,3,1121,353.115,3716.115,e-Shop,Books,Academic
58153336308,273873,2/4/2011,3,2,2,572,120.12,1264.12,MBR,Footwear,Kids
58010975806,271959,2/4/2011,4,2,3,599,188.685,1985.685,TeleShop,Footwear,Mens
54633632938,269726,2/4/2011,8,3,1,1096,115.08,1211.08,e-Shop,Electronics,Personal Appliances
42273905775,269396,2/4/2011,2,6,5,88,46.2,486.2,TeleShop,Home and kitchen,Furnishing
39096363737,269330,2/4/2011,5,3,5,1087,570.675,6005.675,MBR,Electronics,Computers
35104335680,269960,2/4/2011,2,6,5,1001,525.525,5530.525,Flagship store,Home and kitchen,Furnishing
89701436,274960,2/4/2011,7,5,4,1111,466.62,4910.62,e-Shop,Books,Fiction
42176677504,269197,2/4/2011,6,5,2,215,45.15,475.15,e-Shop,Books,DIY
58857772193,268079,2/4/2011,10,3,2,477,100.17,1054.17,e-Shop,Electronics,Audio and video
40080203673,271122,2/4/2011,4,1,2,384,80.64,848.64,Flagship store,Clothing,Mens
94394029260,268874,2/4/2011,6,5,2,984,206.64,2174.64,e-Shop,Books,DIY
84507124783,269291,2/4/2011,9,3,1,926,97.23,1023.23,e-Shop,Electronics,Cameras
93051101685,268317,2/4/2011,4,2,4,1148,482.16,5074.16,e-Shop,Footwear,Mens
95156650347,269637,2/4/2011,10,5,-4,-673,282.66,-2974.66,e-Shop,Books,Audio and video
90453442654,269932,2/4/2011,6,5,-2,-131,27.51,-289.51,MBR,Books,DIY
70370440165,270075,2/4/2011,3,2,1,350,36.75,386.75,e-Shop,Footwear,Kids
88083748347,270252,2/4/2011,3,5,2,1006,211.26,2223.26,e-Shop,Books,Kids
74569066956,272118,2/4/2011,7,5,3,183,57.645,606.645,MBR,Books,Fiction
8409124667,268910,1/4/2011,4,2,1,882,92.61,974.61,MBR,Footwear,Mens
48852067051,269300,1/4/2011,12,5,1,730,76.65,806.65,e-Shop,Books,Academic
39937661708,268301,1/4/2011,10,5,5,720,378,3978,Flagship store,Books,Audio and video
49176409409,268844,1/4/2011,12,5,4,1297,544.74,5732.74,e-Shop,Books,Academic
18617681225,269236,1/4/2011,10,6,5,1043,547.575,5762.575,TeleShop,Home and kitchen,Audio and video
36809909479,269964,1/4/2011,2,6,2,435,91.35,961.35,Flagship store,Home and kitchen,Furnishing
29746555103,273713,1/4/2011,5,3,2,1367,287.07,3021.07,MBR,Electronics,Computers
61008071668,271805,1/4/2011,11,5,4,1159,486.78,5122.78,MBR,Books,Children
44555543164,268946,1/4/2011,10,5,3,497,156.555,1647.555,Flagship store,Books,Audio and video
16574406284,270462,1/4/2011,8,3,4,1444,606.48,6382.48,TeleShop,Electronics,Personal Appliances
19944345992,274496,1/4/2011,6,5,2,657,137.97,1451.97,e-Shop,Books,DIY
47836217344,274016,1/4/2011,1,4,5,1028,539.7,5679.7,MBR,Bags,Women
17549319191,271160,1/4/2011,1,4,4,926,388.92,4092.92,TeleShop,Bags,Women
15664202012,272699,1/4/2011,3,1,4,1139,478.38,5034.38,e-Shop,Clothing,Kids
39176207588,268768,1/4/2011,10,5,4,805,338.1,3558.1,e-Shop,Books,Audio and video
58989766574,267854,1/4/2011,7,5,2,491,103.11,1085.11,TeleShop,Books,Fiction
72200700336,267696,1/4/2011,9,3,2,375,78.75,828.75,TeleShop,Electronics,Cameras
80809115393,268084,1/4/2011,1,4,4,873,366.66,3858.66,TeleShop,Bags,Women
96518010217,268938,1/4/2011,12,6,1,355,37.275,392.275,Flagship store,Home and kitchen,Academic
92074154450,267429,1/4/2011,3,1,5,256,134.4,1414.4,Flagship store,Clothing,Kids
91291876992,269033,1/4/2011,3,1,3,764,240.66,2532.66,Flagship store,Clothing,Kids
69463775083,271855,1/4/2011,11,6,5,142,74.55,784.55,TeleShop,Home and kitchen,Children
91366828819,271964,1/4/2011,10,5,3,1298,408.87,4302.87,TeleShop,Books,Audio and video
24134900156,274260,31-03-2011,2,6,2,304,63.84,671.84,TeleShop,Home and kitchen,Furnishing
40760855337,268517,31-03-2011,10,6,5,503,264.075,2779.075,Flagship store,Home and kitchen,Audio and video
4396970218,271413,31-03-2011,6,5,1,550,57.75,607.75,e-Shop,Books,DIY
59089315636,273440,31-03-2011,4,4,3,140,44.1,464.1,TeleShop,Bags,Mens
19355105752,269310,31-03-2011,1,4,2,782,164.22,1728.22,MBR,Bags,Women
1572387472,271202,31-03-2011,1,4,1,1061,111.405,1172.405,TeleShop,Bags,Women
27723475985,271945,31-03-2011,3,5,3,1490,469.35,4939.35,Flagship store,Books,Kids
13361912306,271750,31-03-2011,12,5,1,839,88.095,927.095,e-Shop,Books,Academic
57162784278,268387,31-03-2011,4,2,3,564,177.66,1869.66,e-Shop,Footwear,Mens
22301898766,274057,31-03-2011,3,1,-4,-1018,427.56,-4499.56,Flagship store,Clothing,Kids
29740699,269719,31-03-2011,7,5,3,1136,357.84,3765.84,TeleShop,Books,Fiction
57264060852,269832,31-03-2011,11,5,5,995,522.375,5497.375,e-Shop,Books,Children
37453655286,268467,31-03-2011,8,3,1,571,59.955,630.955,MBR,Electronics,Personal Appliances
33489527082,268998,31-03-2011,9,3,4,354,148.68,1564.68,MBR,Electronics,Cameras
87460321727,273600,31-03-2011,12,6,-5,-1072,562.8,-5922.8,TeleShop,Home and kitchen,Academic
90459197532,271845,31-03-2011,10,3,5,1260,661.5,6961.5,e-Shop,Electronics,Audio and video
93259615588,273646,31-03-2011,1,4,1,192,20.16,212.16,TeleShop,Bags,Women
97324606453,270455,31-03-2011,3,5,3,445,140.175,1475.175,e-Shop,Books,Kids
87247141508,271061,31-03-2011,4,2,1,503,52.815,555.815,e-Shop,Footwear,Mens
85773906672,266822,31-03-2011,9,3,-2,-154,32.34,-340.34,TeleShop,Electronics,Cameras
89352914040,270584,31-03-2011,1,4,3,1261,397.215,4180.215,e-Shop,Bags,Women
74880474643,273240,31-03-2011,4,3,-4,-255,107.1,-1127.1,Flagship store,Electronics,Mens
80792770647,271520,31-03-2011,11,6,-4,-1367,574.14,-6042.14,e-Shop,Home and kitchen,Children
11120929441,273916,30-03-2011,12,5,2,244,51.24,539.24,e-Shop,Books,Academic
56977990172,271045,30-03-2011,1,1,3,70,22.05,232.05,e-Shop,Clothing,Women
41634084757,274380,30-03-2011,12,6,2,486,102.06,1074.06,MBR,Home and kitchen,Academic
2459427228,275025,30-03-2011,1,4,4,898,377.16,3969.16,TeleShop,Bags,Women
38340222724,269674,30-03-2011,1,1,5,1437,754.425,7939.425,e-Shop,Clothing,Women
53585089032,274817,30-03-2011,11,5,2,369,77.49,815.49,Flagship store,Books,Children
4380995832,273745,30-03-2011,1,2,2,131,27.51,289.51,MBR,Footwear,Women
34456545799,273708,30-03-2011,12,5,2,210,44.1,464.1,Flagship store,Books,Academic
19496385308,273403,30-03-2011,10,5,5,533,279.825,2944.825,MBR,Books,Audio and video
28760531234,273141,30-03-2011,1,4,5,171,89.775,944.775,e-Shop,Bags,Women
25506211048,274480,30-03-2011,10,5,3,549,172.935,1819.935,Flagship store,Books,Audio and video
64852222037,269197,30-03-2011,8,3,3,909,286.335,3013.335,Flagship store,Electronics,Personal Appliances
72134682518,274435,30-03-2011,4,1,5,392,205.8,2165.8,MBR,Clothing,Mens
71604893404,275226,30-03-2011,12,5,4,1425,598.5,6298.5,e-Shop,Books,Academic
99913405855,269911,30-03-2011,12,6,4,247,103.74,1091.74,MBR,Home and kitchen,Academic
85773906672,266822,30-03-2011,9,3,2,154,32.34,340.34,TeleShop,Electronics,Cameras
65130364326,271928,30-03-2011,10,5,3,662,208.53,2194.53,TeleShop,Books,Audio and video
94093620782,267402,30-03-2011,8,3,3,633,199.395,2098.395,e-Shop,Electronics,Personal Appliances
83282407969,272679,30-03-2011,5,3,3,1122,353.43,3719.43,MBR,Electronics,Computers
88071258258,268218,30-03-2011,8,3,2,961,201.81,2123.81,MBR,Electronics,Personal Appliances
98295947542,270623,30-03-2011,4,3,4,201,84.42,888.42,e-Shop,Electronics,Mens
63742635156,275187,30-03-2011,4,3,1,785,82.425,867.425,Flagship store,Electronics,Mens
2426861401,272907,29-03-2011,4,2,-1,-508,53.34,-561.34,Flagship store,Footwear,Mens
58074900139,273040,29-03-2011,10,3,3,811,255.465,2688.465,TeleShop,Electronics,Audio and video
14033941089,272830,29-03-2011,2,6,2,781,164.01,1726.01,Flagship store,Home and kitchen,Furnishing
62284553864,269420,29-03-2011,9,3,5,1084,569.1,5989.1,TeleShop,Electronics,Cameras
29294434751,270192,29-03-2011,1,2,5,1406,738.15,7768.15,TeleShop,Footwear,Women
62685162765,271236,29-03-2011,9,3,3,902,284.13,2990.13,TeleShop,Electronics,Cameras
37010306044,274648,29-03-2011,1,1,-5,-87,45.675,-480.675,MBR,Clothing,Women
54538363350,271914,29-03-2011,3,1,4,242,101.64,1069.64,MBR,Clothing,Kids
49034671654,267408,29-03-2011,10,6,1,976,102.48,1078.48,e-Shop,Home and kitchen,Audio and video
95156650347,269637,29-03-2011,10,5,4,673,282.66,2974.66,e-Shop,Books,Audio and video
67065900423,273968,29-03-2011,11,5,1,297,31.185,328.185,Flagship store,Books,Children
98769420754,271353,29-03-2011,10,5,4,1006,422.52,4446.52,MBR,Books,Audio and video
78787997196,272237,29-03-2011,4,4,2,1078,226.38,2382.38,e-Shop,Bags,Mens
90219456887,273555,29-03-2011,10,5,5,579,303.975,3198.975,MBR,Books,Audio and video
8749021543,271351,28-03-2011,1,1,3,837,263.655,2774.655,MBR,Clothing,Women
15741026,271544,28-03-2011,12,5,1,299,31.395,330.395,e-Shop,Books,Academic
33234787689,274972,28-03-2011,12,6,4,1105,464.1,4884.1,e-Shop,Home and kitchen,Academic
22301898766,274057,28-03-2011,3,1,4,1018,427.56,4499.56,Flagship store,Clothing,Kids
8008518976,274681,28-03-2011,8,3,1,1328,139.44,1467.44,e-Shop,Electronics,Personal Appliances
31976041781,268779,28-03-2011,3,2,1,823,86.415,909.415,e-Shop,Footwear,Kids
56331319613,267414,28-03-2011,6,5,5,1498,786.45,8276.45,e-Shop,Books,DIY
40566601980,268200,28-03-2011,10,5,5,1041,546.525,5751.525,Flagship store,Books,Audio and video
23412344034,267542,28-03-2011,4,1,4,437,183.54,1931.54,Flagship store,Clothing,Mens
29370159377,273198,28-03-2011,8,3,-3,-1154,363.51,-3825.51,MBR,Electronics,Personal Appliances
18143185170,268606,28-03-2011,3,5,3,1050,330.75,3480.75,e-Shop,Books,Kids
78022022160,267343,28-03-2011,3,2,3,484,152.46,1604.46,e-Shop,Footwear,Kids
91543685874,273381,28-03-2011,6,5,2,961,201.81,2123.81,MBR,Books,DIY
79719782158,273387,28-03-2011,10,6,4,377,158.34,1666.34,MBR,Home and kitchen,Audio and video
81687085056,267324,28-03-2011,5,3,-4,-837,351.54,-3699.54,e-Shop,Electronics,Computers
78148976505,272995,28-03-2011,11,6,2,1249,262.29,2760.29,e-Shop,Home and kitchen,Children
76549013692,267264,28-03-2011,3,1,1,110,11.55,121.55,e-Shop,Clothing,Kids
65129254202,270565,28-03-2011,2,6,4,905,380.1,4000.1,Flagship store,Home and kitchen,Furnishing
95813471709,272231,28-03-2011,12,5,4,81,34.02,358.02,e-Shop,Books,Academic
2944379666,267737,27-03-2011,3,5,2,1113,233.73,2459.73,e-Shop,Books,Kids
47387322216,272245,27-03-2011,4,2,2,831,174.51,1836.51,MBR,Footwear,Mens
33190905553,267596,27-03-2011,1,1,3,935,294.525,3099.525,TeleShop,Clothing,Women
40112010378,268783,27-03-2011,1,1,5,1471,772.275,8127.275,Flagship store,Clothing,Women
49540648247,270226,27-03-2011,7,5,3,1232,388.08,4084.08,e-Shop,Books,Fiction
16146242874,271534,27-03-2011,11,5,2,386,81.06,853.06,TeleShop,Books,Children
31192299375,272774,27-03-2011,8,3,4,744,312.48,3288.48,TeleShop,Electronics,Personal Appliances
10526766919,273334,27-03-2011,9,3,4,829,348.18,3664.18,e-Shop,Electronics,Cameras
24761659138,269837,27-03-2011,1,1,1,473,49.665,522.665,e-Shop,Clothing,Women
46727468852,269087,27-03-2011,12,5,4,696,292.32,3076.32,MBR,Books,Academic
51886713869,268855,27-03-2011,12,5,5,1175,616.875,6491.875,TeleShop,Books,Academic
59880417372,274940,27-03-2011,10,6,3,1077,339.255,3570.255,Flagship store,Home and kitchen,Audio and video
34189026522,272997,27-03-2011,12,6,2,193,40.53,426.53,e-Shop,Home and kitchen,Academic
4952313090,267119,27-03-2011,8,3,-2,-459,96.39,-1014.39,e-Shop,Electronics,Personal Appliances
29981571356,274736,27-03-2011,4,3,4,1218,511.56,5383.56,MBR,Electronics,Mens
96649682738,272634,27-03-2011,12,5,4,598,251.16,2643.16,Flagship store,Books,Academic
81687085056,267324,27-03-2011,5,3,4,837,351.54,3699.54,e-Shop,Electronics,Computers
65105672090,273085,27-03-2011,3,2,3,1346,423.99,4461.99,MBR,Footwear,Kids
98418868525,269807,27-03-2011,10,5,5,1318,691.95,7281.95,Flagship store,Books,Audio and video
75700825064,274521,27-03-2011,1,2,5,1174,616.35,6486.35,Flagship store,Footwear,Women
72390795633,273278,27-03-2011,4,1,3,1000,315,3315,Flagship store,Clothing,Mens
69910209100,267043,27-03-2011,10,5,3,1217,383.355,4034.355,MBR,Books,Audio and video
92834628652,267854,27-03-2011,4,2,3,952,299.88,3155.88,MBR,Footwear,Mens
3137912998,274025,26-03-2011,3,1,1,1387,145.635,1532.635,TeleShop,Clothing,Kids
51157042089,267715,26-03-2011,10,5,5,1396,732.9,7712.9,e-Shop,Books,Audio and video
28263838740,269260,26-03-2011,4,4,2,943,198.03,2084.03,e-Shop,Bags,Mens
32503940816,269800,26-03-2011,3,1,1,715,75.075,790.075,e-Shop,Clothing,Kids
30163219517,268054,26-03-2011,11,5,3,722,227.43,2393.43,MBR,Books,Children
756246414,273896,26-03-2011,10,5,2,1488,312.48,3288.48,MBR,Books,Audio and video
6693283237,275070,26-03-2011,1,1,3,544,171.36,1803.36,MBR,Clothing,Women
509248995,273606,26-03-2011,7,5,2,250,52.5,552.5,e-Shop,Books,Fiction
35636091255,271349,26-03-2011,11,6,3,880,277.2,2917.2,TeleShop,Home and kitchen,Children
10075676489,267135,26-03-2011,12,6,4,1152,483.84,5091.84,e-Shop,Home and kitchen,Academic
6308956321,269544,26-03-2011,1,1,5,1460,766.5,8066.5,MBR,Clothing,Women
60909234375,273825,26-03-2011,11,5,1,492,51.66,543.66,e-Shop,Books,Children
2884665309,274263,26-03-2011,3,1,5,1485,779.625,8204.625,Flagship store,Clothing,Kids
5996601695,274481,26-03-2011,5,3,4,765,321.3,3381.3,e-Shop,Electronics,Computers
3649867945,270822,26-03-2011,5,3,1,491,51.555,542.555,MBR,Electronics,Computers
91237840066,274822,26-03-2011,3,2,2,1489,312.69,3290.69,e-Shop,Footwear,Kids
81727595816,270009,26-03-2011,1,4,5,1021,536.025,5641.025,e-Shop,Bags,Women
80576250863,269122,26-03-2011,11,5,5,937,491.925,5176.925,e-Shop,Books,Children
89738754226,272617,26-03-2011,9,3,4,731,307.02,3231.02,e-Shop,Electronics,Cameras
63480663756,268402,26-03-2011,10,3,5,768,403.2,4243.2,MBR,Electronics,Audio and video
98484155084,270290,26-03-2011,3,1,3,416,131.04,1379.04,TeleShop,Clothing,Kids
80361912042,270301,26-03-2011,10,3,3,1233,388.395,4087.395,MBR,Electronics,Audio and video
93950718765,269595,26-03-2011,1,4,5,567,297.675,3132.675,Flagship store,Bags,Women
56666873220,275173,25-03-2011,3,1,4,1138,477.96,5029.96,Flagship store,Clothing,Kids
42236474012,267018,25-03-2011,3,2,2,799,167.79,1765.79,TeleShop,Footwear,Kids
4224048027,273873,25-03-2011,6,5,3,245,77.175,812.175,Flagship store,Books,DIY
26952080764,272961,25-03-2011,6,5,2,199,41.79,439.79,MBR,Books,DIY
39370632665,272054,25-03-2011,4,4,5,1480,777,8177,e-Shop,Bags,Mens
23235686557,267622,25-03-2011,4,1,4,670,281.4,2961.4,Flagship store,Clothing,Mens
51050948457,268360,25-03-2011,11,5,4,1192,500.64,5268.64,e-Shop,Books,Children
15611244722,270402,25-03-2011,10,6,1,1352,141.96,1493.96,MBR,Home and kitchen,Audio and video
17218068114,268003,25-03-2011,12,6,1,772,81.06,853.06,TeleShop,Home and kitchen,Academic
32232045678,271757,25-03-2011,8,3,1,1150,120.75,1270.75,MBR,Electronics,Personal Appliances
25773613199,269045,25-03-2011,9,3,1,1244,130.62,1374.62,e-Shop,Electronics,Cameras
33750045383,272720,25-03-2011,4,4,-2,-241,50.61,-532.61,e-Shop,Bags,Mens
1324548445,273677,25-03-2011,7,5,3,175,55.125,580.125,e-Shop,Books,Fiction
89904957131,274021,25-03-2011,5,3,5,1146,601.65,6331.65,e-Shop,Electronics,Computers
90659025359,266960,25-03-2011,1,1,3,1204,379.26,3991.26,e-Shop,Clothing,Women
73009092921,268287,25-03-2011,10,3,3,387,121.905,1282.905,e-Shop,Electronics,Audio and video
73109425404,275152,25-03-2011,7,5,2,464,97.44,1025.44,e-Shop,Books,Fiction
77290177333,268481,25-03-2011,4,4,5,1467,770.175,8105.175,TeleShop,Bags,Mens
82474933904,273883,25-03-2011,11,6,4,1225,514.5,5414.5,e-Shop,Home and kitchen,Children
80792770647,271520,25-03-2011,11,6,4,1367,574.14,6042.14,e-Shop,Home and kitchen,Children
87460321727,273600,25-03-2011,12,6,5,1072,562.8,5922.8,TeleShop,Home and kitchen,Academic
37677853267,267606,24-03-2011,1,4,1,1071,112.455,1183.455,e-Shop,Bags,Women
12864150339,271399,24-03-2011,3,5,5,474,248.85,2618.85,TeleShop,Books,Kids
47523844726,267386,24-03-2011,9,3,3,1234,388.71,4090.71,e-Shop,Electronics,Cameras
4113816336,272171,24-03-2011,4,3,1,940,98.7,1038.7,e-Shop,Electronics,Mens
32043264976,270146,24-03-2011,4,3,-5,-251,131.775,-1386.775,TeleShop,Electronics,Mens
59825127499,268617,24-03-2011,3,1,2,1301,273.21,2875.21,TeleShop,Clothing,Kids
56710402757,269354,24-03-2011,6,5,5,814,427.35,4497.35,e-Shop,Books,DIY
61890392731,266836,24-03-2011,4,1,3,811,255.465,2688.465,e-Shop,Clothing,Mens
29385429559,271225,24-03-2011,10,3,3,1324,417.06,4389.06,e-Shop,Electronics,Audio and video
28743780793,268538,24-03-2011,8,3,5,1431,751.275,7906.275,e-Shop,Electronics,Personal Appliances
58230957577,270076,24-03-2011,10,3,4,685,287.7,3027.7,TeleShop,Electronics,Audio and video
21100656647,270353,24-03-2011,12,6,-1,-591,62.055,-653.055,e-Shop,Home and kitchen,Academic
82097634609,273436,24-03-2011,2,6,5,933,489.825,5154.825,Flagship store,Home and kitchen,Furnishing
84952541803,271821,24-03-2011,3,5,1,585,61.425,646.425,Flagship store,Books,Kids
97571950055,272249,24-03-2011,8,3,-2,-795,166.95,-1756.95,TeleShop,Electronics,Personal Appliances
64959303799,268476,24-03-2011,5,3,2,1168,245.28,2581.28,TeleShop,Electronics,Computers
73916388826,270588,24-03-2011,5,3,4,1008,423.36,4455.36,e-Shop,Electronics,Computers
90453442654,269932,24-03-2011,6,5,2,131,27.51,289.51,MBR,Books,DIY
77429717123,267880,24-03-2011,3,5,1,223,23.415,246.415,TeleShop,Books,Kids
74880474643,273240,24-03-2011,4,3,4,255,107.1,1127.1,Flagship store,Electronics,Mens
97456635811,269049,24-03-2011,9,3,3,930,292.95,3082.95,e-Shop,Electronics,Cameras
80419839064,271584,24-03-2011,11,5,2,1075,225.75,2375.75,e-Shop,Books,Children
37044593539,267075,23-03-2011,5,3,5,1249,655.725,6900.725,e-Shop,Electronics,Computers
31959024362,273414,23-03-2011,4,1,2,91,19.11,201.11,TeleShop,Clothing,Mens
7363731308,267414,23-03-2011,8,3,2,923,193.83,2039.83,Flagship store,Electronics,Personal Appliances
44395772585,274492,23-03-2011,5,3,5,285,149.625,1574.625,e-Shop,Electronics,Computers
10465593806,272497,23-03-2011,4,3,3,1045,329.175,3464.175,e-Shop,Electronics,Mens
39311800631,272629,23-03-2011,3,1,3,785,247.275,2602.275,Flagship store,Clothing,Kids
32043264976,270146,23-03-2011,4,3,-5,-251,131.775,-1386.775,TeleShop,Electronics,Mens
12477617105,274913,23-03-2011,2,6,4,1487,624.54,6572.54,Flagship store,Home and kitchen,Furnishing
51735980946,270894,23-03-2011,5,3,1,360,37.8,397.8,e-Shop,Electronics,Computers
6944761621,274849,23-03-2011,10,3,2,537,112.77,1186.77,Flagship store,Electronics,Audio and video
58883172528,273574,23-03-2011,2,6,1,1136,119.28,1255.28,MBR,Home and kitchen,Furnishing
39706620837,269962,23-03-2011,1,2,5,194,101.85,1071.85,Flagship store,Footwear,Women
64506916732,273969,23-03-2011,3,5,1,521,54.705,575.705,TeleShop,Books,Kids
74360068097,267687,23-03-2011,10,3,1,1180,123.9,1303.9,e-Shop,Electronics,Audio and video
17715941991,270927,22-03-2011,9,3,2,192,40.32,424.32,Flagship store,Electronics,Cameras
41198518944,267338,22-03-2011,9,3,3,1224,385.56,4057.56,e-Shop,Electronics,Cameras
39510914787,271026,22-03-2011,9,3,4,202,84.84,892.84,MBR,Electronics,Cameras
1500629423,274428,22-03-2011,11,6,-2,-681,143.01,-1505.01,MBR,Home and kitchen,Children
19462748461,269168,22-03-2011,9,3,4,1393,585.06,6157.06,e-Shop,Electronics,Cameras
32043264976,270146,22-03-2011,4,3,5,251,131.775,1386.775,TeleShop,Electronics,Mens
53001266520,273598,22-03-2011,6,5,4,790,331.8,3491.8,e-Shop,Books,DIY
48626995606,272594,22-03-2011,4,2,3,793,249.795,2628.795,e-Shop,Footwear,Mens
13621564614,273429,22-03-2011,4,4,4,432,181.44,1909.44,e-Shop,Bags,Mens
54971212536,269408,22-03-2011,3,5,3,563,177.345,1866.345,e-Shop,Books,Kids
8959538456,273354,22-03-2011,4,3,3,790,248.85,2618.85,e-Shop,Electronics,Mens
52940892886,268593,22-03-2011,11,6,3,976,307.44,3235.44,TeleShop,Home and kitchen,Children
37010306044,274648,22-03-2011,1,1,5,87,45.675,480.675,MBR,Clothing,Women
17999029609,268654,22-03-2011,6,5,3,559,176.085,1853.085,TeleShop,Books,DIY
91890170155,272349,22-03-2011,1,2,4,1068,448.56,4720.56,e-Shop,Footwear,Women
66587656515,275172,22-03-2011,7,5,3,397,125.055,1316.055,MBR,Books,Fiction
86133035953,270810,22-03-2011,9,3,2,838,175.98,1851.98,MBR,Electronics,Cameras
80753102512,274582,22-03-2011,10,6,2,390,81.9,861.9,MBR,Home and kitchen,Audio and video
71512937335,271559,22-03-2011,11,6,-2,-387,81.27,-855.27,TeleShop,Home and kitchen,Children
77560123700,269454,22-03-2011,4,1,5,889,466.725,4911.725,TeleShop,Clothing,Mens
93685305183,273729,22-03-2011,11,5,1,460,48.3,508.3,Flagship store,Books,Children
2426861401,272907,21-03-2011,4,2,1,508,53.34,561.34,Flagship store,Footwear,Mens
46043285511,272847,21-03-2011,8,3,5,262,137.55,1447.55,e-Shop,Electronics,Personal Appliances
51781785802,272511,21-03-2011,1,4,2,217,45.57,479.57,e-Shop,Bags,Women
12601642725,274747,21-03-2011,12,6,-2,-512,107.52,-1131.52,e-Shop,Home and kitchen,Academic
18982578200,266953,21-03-2011,3,1,4,1313,551.46,5803.46,e-Shop,Clothing,Kids
17572958931,273505,21-03-2011,9,3,-3,-661,208.215,-2191.215,TeleShop,Electronics,Cameras
45159107203,274869,21-03-2011,2,6,2,1220,256.2,2696.2,e-Shop,Home and kitchen,Furnishing
20320525182,267707,21-03-2011,4,4,3,592,186.48,1962.48,Flagship store,Bags,Mens
4952313090,267119,21-03-2011,8,3,2,459,96.39,1014.39,e-Shop,Electronics,Personal Appliances
45067186455,273319,21-03-2011,3,2,2,1039,218.19,2296.19,e-Shop,Footwear,Kids
49178660767,270854,21-03-2011,5,3,5,500,262.5,2762.5,e-Shop,Electronics,Computers
96622725554,267539,21-03-2011,11,6,5,1360,714,7514,e-Shop,Home and kitchen,Children
75572499320,269076,21-03-2011,3,5,3,1479,465.885,4902.885,MBR,Books,Kids
95371826755,270810,21-03-2011,3,5,1,1161,121.905,1282.905,e-Shop,Books,Kids
69331955125,270892,21-03-2011,7,5,4,306,128.52,1352.52,MBR,Books,Fiction
91063606298,270340,21-03-2011,4,4,5,917,481.425,5066.425,TeleShop,Bags,Mens
75334512736,271181,21-03-2011,9,3,1,438,45.99,483.99,TeleShop,Electronics,Cameras
66278698494,268624,21-03-2011,1,2,1,418,43.89,461.89,TeleShop,Footwear,Women
83026217384,274023,21-03-2011,10,6,2,746,156.66,1648.66,MBR,Home and kitchen,Audio and video
96745567867,274591,21-03-2011,4,3,2,1046,219.66,2311.66,MBR,Electronics,Mens
76959813726,267987,21-03-2011,10,6,-5,-946,496.65,-5226.65,TeleShop,Home and kitchen,Audio and video
97571950055,272249,21-03-2011,8,3,2,795,166.95,1756.95,TeleShop,Electronics,Personal Appliances
72989604321,269029,21-03-2011,4,3,-4,-1304,547.68,-5763.68,MBR,Electronics,Mens
93387109059,269631,21-03-2011,10,3,2,734,154.14,1622.14,TeleShop,Electronics,Audio and video
42086362122,272129,20-03-2011,5,3,5,861,452.025,4757.025,e-Shop,Electronics,Computers
42703269335,269901,20-03-2011,4,4,3,1019,320.985,3377.985,MBR,Bags,Mens
56975024942,274810,20-03-2011,6,5,5,716,375.9,3955.9,TeleShop,Books,DIY
37087236157,269555,20-03-2011,3,5,1,1324,139.02,1463.02,MBR,Books,Kids
54823294459,274527,20-03-2011,4,4,1,1014,106.47,1120.47,Flagship store,Bags,Mens
15900479398,267176,20-03-2011,1,4,3,271,85.365,898.365,e-Shop,Bags,Women
3198739183,270625,20-03-2011,12,5,2,1265,265.65,2795.65,MBR,Books,Academic
33227618657,273692,20-03-2011,4,3,4,587,246.54,2594.54,Flagship store,Electronics,Mens
24571537815,267176,20-03-2011,9,3,4,638,267.96,2819.96,Flagship store,Electronics,Cameras
4663047564,274799,20-03-2011,9,3,3,1186,373.59,3931.59,e-Shop,Electronics,Cameras
5953239435,272047,20-03-2011,3,1,2,833,174.93,1840.93,MBR,Clothing,Kids
32053959925,268032,20-03-2011,3,1,4,382,160.44,1688.44,TeleShop,Clothing,Kids
12601642725,274747,20-03-2011,12,6,2,512,107.52,1131.52,e-Shop,Home and kitchen,Academic
83003723261,271868,20-03-2011,10,5,3,413,130.095,1369.095,e-Shop,Books,Audio and video
86333887296,268502,20-03-2011,7,5,1,1264,132.72,1396.72,MBR,Books,Fiction
86227546906,273290,20-03-2011,12,5,3,578,182.07,1916.07,TeleShop,Books,Academic
99826295902,270394,20-03-2011,1,4,4,784,329.28,3465.28,e-Shop,Bags,Women
79367258360,271791,20-03-2011,12,5,4,1341,563.22,5927.22,e-Shop,Books,Academic
94546410496,270077,20-03-2011,3,1,-4,-420,176.4,-1856.4,e-Shop,Clothing,Kids
28218874588,271427,19-03-2011,5,3,1,1199,125.895,1324.895,e-Shop,Electronics,Computers
29370159377,273198,19-03-2011,8,3,3,1154,363.51,3825.51,MBR,Electronics,Personal Appliances
19422756549,273520,19-03-2011,12,6,5,343,180.075,1895.075,MBR,Home and kitchen,Academic
57014925827,273254,19-03-2011,1,1,2,186,39.06,411.06,TeleShop,Clothing,Women
14203531900,273527,19-03-2011,2,6,4,112,47.04,495.04,Flagship store,Home and kitchen,Furnishing
4562519966,269588,19-03-2011,11,6,-3,-784,246.96,-2598.96,MBR,Home and kitchen,Children
22924673703,272526,19-03-2011,11,6,-2,-1189,249.69,-2627.69,TeleShop,Home and kitchen,Children
96027709435,268523,19-03-2011,10,3,5,1384,726.6,7646.6,MBR,Electronics,Audio and video
66243874798,272045,19-03-2011,2,6,3,1390,437.85,4607.85,Flagship store,Home and kitchen,Furnishing
74011723648,272111,19-03-2011,6,5,2,325,68.25,718.25,e-Shop,Books,DIY
97227524274,273556,19-03-2011,10,3,-2,-530,111.3,-1171.3,e-Shop,Electronics,Audio and video
74555931504,272016,19-03-2011,4,4,4,962,404.04,4252.04,e-Shop,Bags,Mens
66528310441,269501,19-03-2011,3,1,1,1345,141.225,1486.225,Flagship store,Clothing,Kids
81578359938,267430,19-03-2011,2,6,2,1181,248.01,2610.01,Flagship store,Home and kitchen,Furnishing
79542115542,274414,19-03-2011,11,5,4,1428,599.76,6311.76,TeleShop,Books,Children
76959813726,267987,19-03-2011,10,6,5,946,496.65,5226.65,TeleShop,Home and kitchen,Audio and video
86709507259,273971,19-03-2011,12,6,-3,-684,215.46,-2267.46,Flagship store,Home and kitchen,Academic
81239409157,267365,19-03-2011,4,2,2,970,203.7,2143.7,e-Shop,Footwear,Mens
5760735392,274579,18-03-2011,7,5,2,774,162.54,1710.54,TeleShop,Books,Fiction
29580991571,271595,18-03-2011,3,1,1,598,62.79,660.79,e-Shop,Clothing,Kids
22526456655,267023,18-03-2011,10,6,3,1479,465.885,4902.885,e-Shop,Home and kitchen,Audio and video
60441334849,269066,18-03-2011,10,6,1,878,92.19,970.19,MBR,Home and kitchen,Audio and video
5365999705,271854,18-03-2011,2,6,5,1145,601.125,6326.125,Flagship store,Home and kitchen,Furnishing
43231849588,267760,18-03-2011,11,5,-5,-1017,533.925,-5618.925,e-Shop,Books,Children
60244703798,271744,18-03-2011,1,1,3,1352,425.88,4481.88,MBR,Clothing,Women
10992021976,274821,18-03-2011,4,2,-5,-756,396.9,-4176.9,Flagship store,Footwear,Mens
47260895038,270181,18-03-2011,8,3,1,1012,106.26,1118.26,Flagship store,Electronics,Personal Appliances
21355537809,266794,18-03-2011,3,1,3,774,243.81,2565.81,MBR,Clothing,Kids
32959165517,267420,18-03-2011,3,1,2,1326,278.46,2930.46,TeleShop,Clothing,Kids
36820359169,269345,18-03-2011,4,4,2,174,36.54,384.54,e-Shop,Bags,Mens
12459555620,271858,18-03-2011,11,6,4,1160,487.2,5127.2,TeleShop,Home and kitchen,Children
21618763773,268250,18-03-2011,4,2,2,742,155.82,1639.82,e-Shop,Footwear,Mens
24534762096,272849,18-03-2011,6,5,2,282,59.22,623.22,e-Shop,Books,DIY
63038995004,274172,18-03-2011,10,6,4,672,282.24,2970.24,e-Shop,Home and kitchen,Audio and video
30166751112,273872,18-03-2011,8,3,5,856,449.4,4729.4,TeleShop,Electronics,Personal Appliances
39847743831,270672,18-03-2011,5,3,4,770,323.4,3403.4,e-Shop,Electronics,Computers
6878976004,274369,18-03-2011,9,3,4,535,224.7,2364.7,e-Shop,Electronics,Cameras
76082665608,275011,18-03-2011,6,5,5,1165,611.625,6436.625,Flagship store,Books,DIY
90386596562,275051,18-03-2011,6,5,5,812,426.3,4486.3,e-Shop,Books,DIY
77745547112,269760,18-03-2011,10,5,1,317,33.285,350.285,e-Shop,Books,Audio and video
64276147124,269228,18-03-2011,7,5,5,1315,690.375,7265.375,e-Shop,Books,Fiction
73379017657,273287,18-03-2011,11,5,5,296,155.4,1635.4,TeleShop,Books,Children
91530635221,271183,18-03-2011,3,5,4,203,85.26,897.26,Flagship store,Books,Kids
71876032586,273299,18-03-2011,1,4,3,1085,341.775,3596.775,e-Shop,Bags,Women
19363308324,268793,17-03-2011,2,6,1,986,103.53,1089.53,e-Shop,Home and kitchen,Furnishing
13929123380,274096,17-03-2011,6,5,5,838,439.95,4629.95,e-Shop,Books,DIY
4562519966,269588,17-03-2011,11,6,3,784,246.96,2598.96,MBR,Home and kitchen,Children
21100656647,270353,17-03-2011,12,6,1,591,62.055,653.055,e-Shop,Home and kitchen,Academic
13026165746,267544,17-03-2011,8,3,-2,-501,105.21,-1107.21,MBR,Electronics,Personal Appliances
24404553859,274844,17-03-2011,5,3,1,1380,144.9,1524.9,TeleShop,Electronics,Computers
3171481033,271717,17-03-2011,4,1,5,1097,575.925,6060.925,e-Shop,Clothing,Mens
45322255577,271317,17-03-2011,12,5,3,731,230.265,2423.265,e-Shop,Books,Academic
43781751908,268840,17-03-2011,11,5,5,1330,698.25,7348.25,e-Shop,Books,Children
61406168467,271272,17-03-2011,4,2,1,1072,112.56,1184.56,Flagship store,Footwear,Mens
54888459227,271988,17-03-2011,7,5,4,409,171.78,1807.78,TeleShop,Books,Fiction
56928448985,273497,17-03-2011,3,2,1,846,88.83,934.83,TeleShop,Footwear,Kids
53768377411,269493,17-03-2011,4,1,2,1078,226.38,2382.38,e-Shop,Clothing,Mens
39837190176,273748,17-03-2011,12,5,2,99,20.79,218.79,Flagship store,Books,Academic
99867674622,273575,17-03-2011,4,3,5,166,87.15,917.15,e-Shop,Electronics,Mens
75422036549,272399,17-03-2011,7,5,3,1238,389.97,4103.97,e-Shop,Books,Fiction
69528812020,271821,17-03-2011,4,4,2,213,44.73,470.73,e-Shop,Bags,Mens
87558673205,270401,17-03-2011,4,1,1,818,85.89,903.89,MBR,Clothing,Mens
97227524274,273556,17-03-2011,10,3,2,530,111.3,1171.3,e-Shop,Electronics,Audio and video
75332592966,271238,17-03-2011,10,6,-4,-1390,583.8,-6143.8,Flagship store,Home and kitchen,Audio and video
67138513156,267094,17-03-2011,10,6,3,268,84.42,888.42,e-Shop,Home and kitchen,Audio and video
65234425486,273207,17-03-2011,10,6,3,119,37.485,394.485,e-Shop,Home and kitchen,Audio and video
84269135777,271038,17-03-2011,3,5,1,1435,150.675,1585.675,e-Shop,Books,Kids
66782185486,269737,17-03-2011,12,5,5,1298,681.45,7171.45,Flagship store,Books,Academic
36944545934,267662,16-03-2011,12,5,4,1217,511.14,5379.14,MBR,Books,Academic
59907318888,269680,16-03-2011,1,4,3,1012,318.78,3354.78,e-Shop,Bags,Women
6332611145,274066,16-03-2011,9,3,1,1044,109.62,1153.62,Flagship store,Electronics,Cameras
23587876942,272128,16-03-2011,1,2,-2,-99,20.79,-218.79,MBR,Footwear,Women
10039062598,271461,16-03-2011,11,6,1,1162,122.01,1284.01,MBR,Home and kitchen,Children
42999283153,267358,16-03-2011,10,5,5,1049,550.725,5795.725,e-Shop,Books,Audio and video
22924673703,272526,16-03-2011,11,6,2,1189,249.69,2627.69,TeleShop,Home and kitchen,Children
43351646176,270423,16-03-2011,7,5,4,222,93.24,981.24,e-Shop,Books,Fiction
1500629423,274428,16-03-2011,11,6,2,681,143.01,1505.01,MBR,Home and kitchen,Children
50127823488,267901,16-03-2011,4,1,2,1045,219.45,2309.45,e-Shop,Clothing,Mens
42076293024,271341,16-03-2011,9,3,3,869,273.735,2880.735,Flagship store,Electronics,Cameras
18481861087,273861,16-03-2011,10,6,3,1133,356.895,3755.895,MBR,Home and kitchen,Audio and video
17572958931,273505,16-03-2011,9,3,3,661,208.215,2191.215,TeleShop,Electronics,Cameras
5677761286,273769,16-03-2011,3,1,3,1332,419.58,4415.58,e-Shop,Clothing,Kids
34192251593,273428,16-03-2011,10,6,2,1272,267.12,2811.12,e-Shop,Home and kitchen,Audio and video
90090886775,270120,16-03-2011,5,3,3,507,159.705,1680.705,TeleShop,Electronics,Computers
73362433851,270694,16-03-2011,4,2,3,767,241.605,2542.605,Flagship store,Footwear,Mens
85529253086,269111,16-03-2011,2,6,5,256,134.4,1414.4,MBR,Home and kitchen,Furnishing
79660691072,267781,16-03-2011,12,6,1,861,90.405,951.405,TeleShop,Home and kitchen,Academic
72968327360,269717,16-03-2011,2,6,1,1069,112.245,1181.245,e-Shop,Home and kitchen,Furnishing
89651240139,274114,16-03-2011,4,1,4,590,247.8,2607.8,Flagship store,Clothing,Mens
72989604321,269029,16-03-2011,4,3,4,1304,547.68,5763.68,MBR,Electronics,Mens
93578881708,268837,16-03-2011,10,3,4,924,388.08,4084.08,e-Shop,Electronics,Audio and video
75332592966,271238,16-03-2011,10,6,-4,-1390,583.8,-6143.8,Flagship store,Home and kitchen,Audio and video
75789245006,272415,16-03-2011,3,5,5,285,149.625,1574.625,Flagship store,Books,Kids
99306851536,267214,16-03-2011,6,5,3,1401,441.315,4644.315,Flagship store,Books,DIY
50226315492,268717,15-03-2011,5,3,-1,-1477,155.085,-1632.085,e-Shop,Electronics,Computers
22199268756,269260,15-03-2011,2,6,-3,-483,152.145,-1601.145,e-Shop,Home and kitchen,Furnishing
40665209379,274792,15-03-2011,1,4,3,1265,398.475,4193.475,MBR,Bags,Women
62370692300,274834,15-03-2011,10,5,1,1416,148.68,1564.68,TeleShop,Books,Audio and video
22790738900,273840,15-03-2011,5,3,1,906,95.13,1001.13,TeleShop,Electronics,Computers
17952852461,272889,15-03-2011,5,3,3,198,62.37,656.37,e-Shop,Electronics,Computers
4736658169,272822,15-03-2011,4,1,-1,-590,61.95,-651.95,TeleShop,Clothing,Mens
33750045383,272720,15-03-2011,4,4,2,241,50.61,532.61,e-Shop,Bags,Mens
12015174318,273536,15-03-2011,10,3,2,311,65.31,687.31,Flagship store,Electronics,Audio and video
3386016323,274267,15-03-2011,4,2,1,1412,148.26,1560.26,MBR,Footwear,Mens
47028152482,273368,15-03-2011,1,1,5,1351,709.275,7464.275,TeleShop,Clothing,Women
31459308891,268002,15-03-2011,1,2,3,317,99.855,1050.855,MBR,Footwear,Women
4476987165,269875,15-03-2011,5,3,4,1118,469.56,4941.56,Flagship store,Electronics,Computers
43231849588,267760,15-03-2011,11,5,5,1017,533.925,5618.925,e-Shop,Books,Children
90228078092,269036,15-03-2011,4,2,3,345,108.675,1143.675,TeleShop,Footwear,Mens
94925617839,266785,15-03-2011,4,2,5,1251,656.775,6911.775,TeleShop,Footwear,Mens
85619187615,273686,15-03-2011,9,3,3,1266,398.79,4196.79,e-Shop,Electronics,Cameras
75332592966,271238,15-03-2011,10,6,4,1390,583.8,6143.8,Flagship store,Home and kitchen,Audio and video
90143995772,269914,15-03-2011,10,6,-5,-1345,706.125,-7431.125,Flagship store,Home and kitchen,Audio and video
98312438176,270433,15-03-2011,10,3,4,222,93.24,981.24,MBR,Electronics,Audio and video
74581188263,267030,15-03-2011,9,3,4,176,73.92,777.92,MBR,Electronics,Cameras
56786786983,268591,14-03-2011,7,5,4,947,397.74,4185.74,e-Shop,Books,Fiction
57940214020,275224,14-03-2011,1,1,4,935,392.7,4132.7,e-Shop,Clothing,Women
14238976006,273621,14-03-2011,3,5,-3,-1461,460.215,-4843.215,Flagship store,Books,Kids
60999173654,268395,14-03-2011,1,4,-2,-741,155.61,-1637.61,TeleShop,Bags,Women
60482646172,269621,14-03-2011,11,5,2,941,197.61,2079.61,e-Shop,Books,Children
19854773184,269268,14-03-2011,1,1,3,1385,436.275,4591.275,TeleShop,Clothing,Women
94546410496,270077,14-03-2011,3,1,4,420,176.4,1856.4,e-Shop,Clothing,Kids
92919220599,269482,14-03-2011,12,6,3,929,292.635,3079.635,TeleShop,Home and kitchen,Academic
94737296334,270002,14-03-2011,7,5,2,870,182.7,1922.7,TeleShop,Books,Fiction
69716949497,268515,14-03-2011,8,3,-5,-823,432.075,-4547.075,e-Shop,Electronics,Personal Appliances
91915174128,274862,14-03-2011,3,1,1,250,26.25,276.25,e-Shop,Clothing,Kids
94230183889,269196,14-03-2011,4,2,3,483,152.145,1601.145,MBR,Footwear,Mens
69843859113,271272,14-03-2011,11,5,-4,-354,148.68,-1564.68,e-Shop,Books,Children
66846658451,272151,14-03-2011,5,3,-2,-247,51.87,-545.87,Flagship store,Electronics,Computers
51389210277,266966,13-03-2011,1,4,-1,-1348,141.54,-1489.54,e-Shop,Bags,Women
10250614970,273444,13-03-2011,3,5,1,1165,122.325,1287.325,Flagship store,Books,Kids
60722898944,268665,13-03-2011,10,5,3,1158,364.77,3838.77,e-Shop,Books,Audio and video
21949395639,267935,13-03-2011,1,4,-4,-399,167.58,-1763.58,e-Shop,Bags,Women
30337942986,272697,13-03-2011,4,4,1,366,38.43,404.43,TeleShop,Bags,Mens
45430418765,270664,13-03-2011,8,3,5,449,235.725,2480.725,MBR,Electronics,Personal Appliances
59500326618,273037,13-03-2011,11,6,1,1456,152.88,1608.88,TeleShop,Home and kitchen,Children
2554255044,270272,13-03-2011,4,3,4,342,143.64,1511.64,e-Shop,Electronics,Mens
31790171183,274858,13-03-2011,1,1,3,1336,420.84,4428.84,e-Shop,Clothing,Women
59353549184,272249,13-03-2011,11,5,4,350,147,1547,Flagship store,Books,Children
28000662142,271365,13-03-2011,1,4,3,1206,379.89,3997.89,MBR,Bags,Women
39497109612,273515,13-03-2011,1,4,2,1388,291.48,3067.48,Flagship store,Bags,Women
65237875916,269910,13-03-2011,12,5,5,1352,709.8,7469.8,e-Shop,Books,Academic
74245479500,273682,13-03-2011,7,5,2,458,96.18,1012.18,Flagship store,Books,Fiction
69843859113,271272,13-03-2011,11,5,4,354,148.68,1564.68,e-Shop,Books,Children
92639909010,267341,13-03-2011,1,4,3,612,192.78,2028.78,Flagship store,Bags,Women
89577300673,274744,13-03-2011,10,6,4,699,293.58,3089.58,e-Shop,Home and kitchen,Audio and video
73886657079,272147,13-03-2011,10,5,2,347,72.87,766.87,e-Shop,Books,Audio and video
80384474265,273229,13-03-2011,4,3,1,1294,135.87,1429.87,e-Shop,Electronics,Mens
93309559014,271187,13-03-2011,8,3,-2,-1245,261.45,-2751.45,MBR,Electronics,Personal Appliances
79224852182,266810,13-03-2011,9,3,5,899,471.975,4966.975,TeleShop,Electronics,Cameras
73689923331,268343,13-03-2011,5,3,3,826,260.19,2738.19,e-Shop,Electronics,Computers
90128955523,269637,13-03-2011,12,5,2,357,74.97,788.97,e-Shop,Books,Academic
60794090259,272970,12/3/2011,4,4,2,80,16.8,176.8,Flagship store,Bags,Mens
44646919611,268171,12/3/2011,2,6,1,183,19.215,202.215,Flagship store,Home and kitchen,Furnishing
51389210277,266966,12/3/2011,1,4,1,1348,141.54,1489.54,e-Shop,Bags,Women
35188179637,273094,12/3/2011,4,4,1,508,53.34,561.34,e-Shop,Bags,Mens
31442569027,268069,12/3/2011,1,4,5,640,336,3536,Flagship store,Bags,Women
60598394229,269146,12/3/2011,4,1,1,1125,118.125,1243.125,e-Shop,Clothing,Mens
14515609708,268697,12/3/2011,10,6,-2,-81,17.01,-179.01,TeleShop,Home and kitchen,Audio and video
54899497697,273510,12/3/2011,3,2,-1,-1186,124.53,-1310.53,e-Shop,Footwear,Kids
34176978754,272587,12/3/2011,1,4,-4,-288,120.96,-1272.96,MBR,Bags,Women
6335661345,273900,12/3/2011,3,1,3,795,250.425,2635.425,TeleShop,Clothing,Kids
85469412278,269014,12/3/2011,1,4,1,558,58.59,616.59,e-Shop,Bags,Women
93309559014,271187,12/3/2011,8,3,2,1245,261.45,2751.45,MBR,Electronics,Personal Appliances
75510217335,268647,12/3/2011,8,3,5,391,205.275,2160.275,TeleShop,Electronics,Personal Appliances
69124158866,269447,12/3/2011,3,1,2,1108,232.68,2448.68,Flagship store,Clothing,Kids
89411009164,274955,12/3/2011,3,5,5,257,134.925,1419.925,TeleShop,Books,Kids
91449257346,270225,12/3/2011,3,5,1,1488,156.24,1644.24,e-Shop,Books,Kids
71512937335,271559,12/3/2011,11,6,2,387,81.27,855.27,TeleShop,Home and kitchen,Children
78651957096,275040,12/3/2011,10,3,1,366,38.43,404.43,TeleShop,Electronics,Audio and video
74254313561,273032,12/3/2011,3,1,3,1243,391.545,4120.545,MBR,Clothing,Kids
35710053851,271863,11/3/2011,10,3,-1,-1438,150.99,-1588.99,MBR,Electronics,Audio and video
52266178758,274302,11/3/2011,1,2,5,1235,648.375,6823.375,MBR,Footwear,Women
21675300771,268895,11/3/2011,9,3,3,1453,457.695,4816.695,e-Shop,Electronics,Cameras
52240465642,272842,11/3/2011,11,6,4,404,169.68,1785.68,Flagship store,Home and kitchen,Children
44913245736,274597,11/3/2011,10,3,-5,-133,69.825,-734.825,e-Shop,Electronics,Audio and video
13131735754,273599,11/3/2011,11,5,-1,-1139,119.595,-1258.595,e-Shop,Books,Children
14927332939,273790,11/3/2011,3,2,-2,-425,89.25,-939.25,Flagship store,Footwear,Kids
11907665201,272172,11/3/2011,3,1,3,1212,381.78,4017.78,e-Shop,Clothing,Kids
37449004532,268490,11/3/2011,7,5,4,1244,522.48,5498.48,e-Shop,Books,Fiction
38818389870,271950,11/3/2011,7,5,4,1046,439.32,4623.32,e-Shop,Books,Fiction
48104255729,270396,11/3/2011,1,4,4,695,291.9,3071.9,TeleShop,Bags,Women
14238976006,273621,11/3/2011,3,5,3,1461,460.215,4843.215,Flagship store,Books,Kids
22766509250,272133,11/3/2011,3,1,-4,-77,32.34,-340.34,MBR,Clothing,Kids
2863045646,272508,11/3/2011,1,1,5,633,332.325,3497.325,e-Shop,Clothing,Women
34760452864,269442,11/3/2011,12,6,5,1355,711.375,7486.375,e-Shop,Home and kitchen,Academic
89496319615,270069,11/3/2011,9,3,1,1106,116.13,1222.13,e-Shop,Electronics,Cameras
88874385025,271914,11/3/2011,10,3,2,650,136.5,1436.5,e-Shop,Electronics,Audio and video
99472427815,270078,11/3/2011,3,1,5,1402,736.05,7746.05,TeleShop,Clothing,Kids
54281491463,269669,10/3/2011,4,1,3,401,126.315,1329.315,e-Shop,Clothing,Mens
55121863842,271766,10/3/2011,10,5,1,1487,156.135,1643.135,TeleShop,Books,Audio and video
15138985070,270803,10/3/2011,11,5,3,197,62.055,653.055,e-Shop,Books,Children
61316831096,272806,10/3/2011,8,3,1,180,18.9,198.9,e-Shop,Electronics,Personal Appliances
50412719473,272533,10/3/2011,10,6,4,1355,569.1,5989.1,MBR,Home and kitchen,Audio and video
62175212563,270998,10/3/2011,3,5,4,586,246.12,2590.12,e-Shop,Books,Kids
22416493419,273113,10/3/2011,11,5,1,601,63.105,664.105,e-Shop,Books,Children
60999173654,268395,10/3/2011,1,4,2,741,155.61,1637.61,TeleShop,Bags,Women
27250938742,266950,10/3/2011,4,1,2,1229,258.09,2716.09,TeleShop,Clothing,Mens
23587876942,272128,10/3/2011,1,2,2,99,20.79,218.79,MBR,Footwear,Women
9316637524,267208,10/3/2011,11,5,5,883,463.575,4878.575,e-Shop,Books,Children
22338497880,267085,10/3/2011,10,6,2,1239,260.19,2738.19,e-Shop,Home and kitchen,Audio and video
75605722189,270798,10/3/2011,4,4,5,827,434.175,4569.175,e-Shop,Bags,Mens
97656300891,269447,10/3/2011,1,1,5,1456,764.4,8044.4,Flagship store,Clothing,Women
73550562724,269165,10/3/2011,4,4,2,587,123.27,1297.27,e-Shop,Bags,Mens
68645764660,275030,10/3/2011,5,3,3,1285,404.775,4259.775,e-Shop,Electronics,Computers
67939442183,271584,10/3/2011,10,5,2,577,121.17,1275.17,e-Shop,Books,Audio and video
69832938876,272475,10/3/2011,1,1,-4,-552,231.84,-2439.84,Flagship store,Clothing,Women
88409222901,272882,10/3/2011,7,5,-2,-1324,278.04,-2926.04,MBR,Books,Fiction
78123486699,274943,10/3/2011,4,2,5,638,334.95,3524.95,e-Shop,Footwear,Mens
50226315492,268717,9/3/2011,5,3,1,1477,155.085,1632.085,e-Shop,Electronics,Computers
50216388391,268108,9/3/2011,7,5,5,1338,702.45,7392.45,TeleShop,Books,Fiction
41995387726,266831,9/3/2011,1,2,1,360,37.8,397.8,e-Shop,Footwear,Women
24494822201,269674,9/3/2011,11,6,2,271,56.91,598.91,MBR,Home and kitchen,Children
37502922492,271584,9/3/2011,4,3,4,158,66.36,698.36,e-Shop,Electronics,Mens
48427357821,271183,9/3/2011,7,5,2,467,98.07,1032.07,TeleShop,Books,Fiction
38168029984,271334,9/3/2011,5,3,4,1179,495.18,5211.18,MBR,Electronics,Computers
36612612208,271150,9/3/2011,10,6,4,982,412.44,4340.44,e-Shop,Home and kitchen,Audio and video
61257174405,274802,9/3/2011,4,2,4,859,360.78,3796.78,Flagship store,Footwear,Mens
35990938035,269737,9/3/2011,11,5,4,1122,471.24,4959.24,Flagship store,Books,Children
20148158664,269388,9/3/2011,3,2,2,332,69.72,733.72,Flagship store,Footwear,Kids
60994517222,274239,9/3/2011,4,1,4,1015,426.3,4486.3,e-Shop,Clothing,Mens
81762765463,269080,9/3/2011,4,2,5,381,200.025,2105.025,MBR,Footwear,Mens
70883549212,269771,9/3/2011,4,4,5,1072,562.8,5922.8,MBR,Bags,Mens
76792862424,267245,9/3/2011,5,3,1,238,24.99,262.99,Flagship store,Electronics,Computers
71683701028,272515,9/3/2011,1,4,5,610,320.25,3370.25,MBR,Bags,Women
70565591757,269818,9/3/2011,1,4,1,168,17.64,185.64,e-Shop,Bags,Women
86709507259,273971,9/3/2011,12,6,3,684,215.46,2267.46,Flagship store,Home and kitchen,Academic
91160370135,273976,9/3/2011,9,3,3,1342,422.73,4448.73,e-Shop,Electronics,Cameras
66846658451,272151,9/3/2011,5,3,2,247,51.87,545.87,Flagship store,Electronics,Computers
88147828695,268763,9/3/2011,1,4,2,1400,294,3094,TeleShop,Bags,Women
35710053851,271863,8/3/2011,10,3,1,1438,150.99,1588.99,MBR,Electronics,Audio and video
13026165746,267544,8/3/2011,8,3,2,501,105.21,1107.21,MBR,Electronics,Personal Appliances
37088951626,271789,8/3/2011,10,5,-1,-1031,108.255,-1139.255,e-Shop,Books,Audio and video
59911272472,272379,8/3/2011,3,5,2,869,182.49,1920.49,e-Shop,Books,Kids
37686564846,273928,8/3/2011,3,1,3,524,165.06,1737.06,TeleShop,Clothing,Kids
38823009098,275205,8/3/2011,10,5,3,539,169.785,1786.785,e-Shop,Books,Audio and video
6358188697,269439,8/3/2011,11,6,1,1012,106.26,1118.26,Flagship store,Home and kitchen,Children
46945335779,273497,8/3/2011,4,3,5,649,340.725,3585.725,TeleShop,Electronics,Mens
14927332939,273790,8/3/2011,3,2,2,425,89.25,939.25,Flagship store,Footwear,Kids
7248330697,269788,8/3/2011,7,5,-2,-1255,263.55,-2773.55,e-Shop,Books,Fiction
55709998335,273357,8/3/2011,4,2,3,420,132.3,1392.3,Flagship store,Footwear,Mens
40037155157,272542,8/3/2011,11,6,5,202,106.05,1116.05,TeleShop,Home and kitchen,Children
55744442840,272602,8/3/2011,3,5,5,1198,628.95,6618.95,e-Shop,Books,Kids
46654998858,274018,8/3/2011,10,5,-4,-797,334.74,-3522.74,Flagship store,Books,Audio and video
10992021976,274821,8/3/2011,4,2,5,756,396.9,4176.9,Flagship store,Footwear,Mens
55198813224,267430,8/3/2011,2,6,2,1346,282.66,2974.66,Flagship store,Home and kitchen,Furnishing
90143995772,269914,8/3/2011,10,6,5,1345,706.125,7431.125,Flagship store,Home and kitchen,Audio and video
93316742365,267613,8/3/2011,8,3,5,462,242.55,2552.55,TeleShop,Electronics,Personal Appliances
83248256325,270980,8/3/2011,1,2,1,1459,153.195,1612.195,e-Shop,Footwear,Women
72521558939,268834,8/3/2011,4,3,5,648,340.2,3580.2,e-Shop,Electronics,Mens
99361028806,270374,8/3/2011,9,3,5,944,495.6,5215.6,e-Shop,Electronics,Cameras
99760018924,272904,8/3/2011,10,3,3,967,304.605,3205.605,e-Shop,Electronics,Audio and video
75405203128,270860,8/3/2011,10,3,5,913,479.325,5044.325,Flagship store,Electronics,Audio and video
92876632266,271555,8/3/2011,3,1,3,1485,467.775,4922.775,Flagship store,Clothing,Kids
4736658169,272822,7/3/2011,4,1,1,590,61.95,651.95,TeleShop,Clothing,Mens
46162863743,270394,7/3/2011,8,3,3,1050,330.75,3480.75,Flagship store,Electronics,Personal Appliances
14515609708,268697,7/3/2011,10,6,2,81,17.01,179.01,TeleShop,Home and kitchen,Audio and video
25600750717,273550,7/3/2011,12,5,2,264,55.44,583.44,MBR,Books,Academic
59164215166,271700,7/3/2011,1,4,3,672,211.68,2227.68,Flagship store,Bags,Women
17769845283,274758,7/3/2011,11,5,2,127,26.67,280.67,e-Shop,Books,Children
37647535335,275123,7/3/2011,1,2,3,297,93.555,984.555,e-Shop,Footwear,Women
44913245736,274597,7/3/2011,10,3,5,133,69.825,734.825,e-Shop,Electronics,Audio and video
7230366233,270970,7/3/2011,7,5,3,560,176.4,1856.4,MBR,Books,Fiction
34176978754,272587,7/3/2011,1,4,4,288,120.96,1272.96,MBR,Bags,Women
13131735754,273599,7/3/2011,11,5,1,1139,119.595,1258.595,e-Shop,Books,Children
54899497697,273510,7/3/2011,3,2,1,1186,124.53,1310.53,e-Shop,Footwear,Kids
22199268756,269260,7/3/2011,2,6,3,483,152.145,1601.145,e-Shop,Home and kitchen,Furnishing
58211034876,267888,7/3/2011,4,3,1,1256,131.88,1387.88,e-Shop,Electronics,Mens
22155790012,268200,7/3/2011,1,4,1,317,33.285,350.285,TeleShop,Bags,Women
29073475983,273945,7/3/2011,3,2,2,415,87.15,917.15,MBR,Footwear,Kids
83913488090,271965,7/3/2011,3,5,1,604,63.42,667.42,MBR,Books,Kids
89652630208,271350,7/3/2011,3,1,4,671,281.82,2965.82,MBR,Clothing,Kids
89585427732,268136,7/3/2011,11,6,-2,-863,181.23,-1907.23,TeleShop,Home and kitchen,Children
86858697315,274436,7/3/2011,7,5,5,868,455.7,4795.7,MBR,Books,Fiction
93924660540,268956,7/3/2011,10,5,-3,-858,270.27,-2844.27,e-Shop,Books,Audio and video
87210712881,269165,7/3/2011,3,1,4,1043,438.06,4610.06,e-Shop,Clothing,Kids
98397630345,273912,7/3/2011,4,3,1,848,89.04,937.04,MBR,Electronics,Mens
83318875564,270446,7/3/2011,10,3,4,512,215.04,2263.04,TeleShop,Electronics,Audio and video
12891439972,266829,6/3/2011,3,2,1,1318,138.39,1456.39,e-Shop,Footwear,Kids
39248842680,267654,6/3/2011,8,3,1,253,26.565,279.565,e-Shop,Electronics,Personal Appliances
56294269024,270812,6/3/2011,10,5,3,1439,453.285,4770.285,e-Shop,Books,Audio and video
57774594546,273627,6/3/2011,10,5,2,1047,219.87,2313.87,TeleShop,Books,Audio and video
58344893361,273040,6/3/2011,5,3,2,1030,216.3,2276.3,Flagship store,Electronics,Computers
10964639344,270242,6/3/2011,8,3,3,920,289.8,3049.8,e-Shop,Electronics,Personal Appliances
36788161372,272676,6/3/2011,10,3,4,120,50.4,530.4,MBR,Electronics,Audio and video
6972750169,272597,6/3/2011,4,2,-2,-197,41.37,-435.37,Flagship store,Footwear,Mens
34513015263,268860,6/3/2011,4,3,4,465,195.3,2055.3,e-Shop,Electronics,Mens
59109438388,268049,6/3/2011,1,2,3,1367,430.605,4531.605,MBR,Footwear,Women
15581198930,270295,6/3/2011,3,2,4,735,308.7,3248.7,TeleShop,Footwear,Kids
22949852168,272409,6/3/2011,4,3,4,1348,566.16,5958.16,MBR,Electronics,Mens
30023955734,269451,6/3/2011,3,2,2,293,61.53,647.53,TeleShop,Footwear,Kids
43062918493,269867,6/3/2011,11,5,2,319,66.99,704.99,e-Shop,Books,Children
5295970945,267962,6/3/2011,3,2,1,573,60.165,633.165,TeleShop,Footwear,Kids
30903833918,272343,6/3/2011,3,2,3,408,128.52,1352.52,TeleShop,Footwear,Kids
6110318399,274551,6/3/2011,9,3,3,80,25.2,265.2,e-Shop,Electronics,Cameras
10831983608,269639,6/3/2011,12,5,2,198,41.58,437.58,MBR,Books,Academic
10727056932,267117,6/3/2011,3,2,5,477,250.425,2635.425,MBR,Footwear,Kids
7248330697,269788,6/3/2011,7,5,2,1255,263.55,2773.55,e-Shop,Books,Fiction
59748258140,271435,6/3/2011,12,6,3,1096,345.24,3633.24,MBR,Home and kitchen,Academic
83248073784,272590,6/3/2011,1,1,4,1419,595.98,6271.98,e-Shop,Clothing,Women
89585427732,268136,6/3/2011,11,6,2,863,181.23,1907.23,TeleShop,Home and kitchen,Children
90358263737,268854,6/3/2011,8,3,2,886,186.06,1958.06,MBR,Electronics,Personal Appliances
69716949497,268515,6/3/2011,8,3,5,823,432.075,4547.075,e-Shop,Electronics,Personal Appliances
69832938876,272475,6/3/2011,1,1,4,552,231.84,2439.84,Flagship store,Clothing,Women
65535327195,270608,6/3/2011,3,1,5,1301,683.025,7188.025,TeleShop,Clothing,Kids
48936386154,274210,5/3/2011,10,5,-2,-93,19.53,-205.53,e-Shop,Books,Audio and video
26996781470,267918,5/3/2011,1,4,1,1038,108.99,1146.99,e-Shop,Bags,Women
1589602286,270970,5/3/2011,11,5,1,1191,125.055,1316.055,TeleShop,Books,Children
42778837280,272513,5/3/2011,7,5,2,1279,268.59,2826.59,MBR,Books,Fiction
46657543848,268472,5/3/2011,4,4,4,93,39.06,411.06,MBR,Bags,Mens
8722755903,269848,5/3/2011,6,5,4,77,32.34,340.34,e-Shop,Books,DIY
26722916517,273023,5/3/2011,3,2,1,1343,141.015,1484.015,e-Shop,Footwear,Kids
21949395639,267935,5/3/2011,1,4,4,399,167.58,1763.58,e-Shop,Bags,Women
18006094911,270907,5/3/2011,3,5,2,523,109.83,1155.83,e-Shop,Books,Kids
20902515518,268469,5/3/2011,10,5,1,524,55.02,579.02,e-Shop,Books,Audio and video
12738962999,267972,5/3/2011,10,6,2,1181,248.01,2610.01,Flagship store,Home and kitchen,Audio and video
24859477811,269601,5/3/2011,11,6,2,569,119.49,1257.49,e-Shop,Home and kitchen,Children
67183238339,268964,5/3/2011,10,6,1,812,85.26,897.26,e-Shop,Home and kitchen,Audio and video
71814345970,272756,5/3/2011,3,5,5,931,488.775,5143.775,e-Shop,Books,Kids
94942995974,272339,5/3/2011,1,1,2,1380,289.8,3049.8,MBR,Clothing,Women
82556116403,274990,5/3/2011,4,2,-4,-1059,444.78,-4680.78,TeleShop,Footwear,Mens
91911151368,267226,5/3/2011,7,5,5,806,423.15,4453.15,Flagship store,Books,Fiction
80284901321,274896,5/3/2011,8,3,2,211,44.31,466.31,TeleShop,Electronics,Personal Appliances
81471364613,267081,5/3/2011,4,2,2,984,206.64,2174.64,e-Shop,Footwear,Mens
37624135377,273824,4/3/2011,3,5,2,1068,224.28,2360.28,MBR,Books,Kids
41354222439,274122,4/3/2011,1,1,5,321,168.525,1773.525,TeleShop,Clothing,Women
35751594250,269368,4/3/2011,10,5,3,452,142.38,1498.38,Flagship store,Books,Audio and video
22301344719,271493,4/3/2011,3,5,1,706,74.13,780.13,MBR,Books,Kids
28329917439,271660,4/3/2011,12,6,1,882,92.61,974.61,TeleShop,Home and kitchen,Academic
33626150574,268676,4/3/2011,3,2,4,590,247.8,2607.8,TeleShop,Footwear,Kids
54906828785,267110,4/3/2011,2,6,2,892,187.32,1971.32,e-Shop,Home and kitchen,Furnishing
11432400864,274790,4/3/2011,8,3,4,1013,425.46,4477.46,MBR,Electronics,Personal Appliances
28314688718,269980,4/3/2011,12,6,5,971,509.775,5364.775,e-Shop,Home and kitchen,Academic
30890711534,272488,4/3/2011,4,1,1,1205,126.525,1331.525,e-Shop,Clothing,Mens
40313758859,268728,4/3/2011,8,3,1,763,80.115,843.115,e-Shop,Electronics,Personal Appliances
29017520065,268957,4/3/2011,3,2,2,344,72.24,760.24,e-Shop,Footwear,Kids
19117797561,270268,4/3/2011,6,5,5,644,338.1,3558.1,TeleShop,Books,DIY
78464879624,267551,4/3/2011,10,5,5,897,470.925,4955.925,MBR,Books,Audio and video
96800501831,271441,4/3/2011,1,4,1,114,11.97,125.97,TeleShop,Bags,Women
70452065342,268965,4/3/2011,12,5,4,392,164.64,1732.64,MBR,Books,Academic
64417208670,272043,4/3/2011,1,2,1,673,70.665,743.665,MBR,Footwear,Women
81872028667,267436,4/3/2011,6,5,5,414,217.35,2287.35,e-Shop,Books,DIY
98648016431,275044,4/3/2011,3,2,4,321,134.82,1418.82,e-Shop,Footwear,Kids
99289807190,273248,4/3/2011,9,3,5,464,243.6,2563.6,Flagship store,Electronics,Cameras
64225085233,270111,4/3/2011,4,1,1,1225,128.625,1353.625,TeleShop,Clothing,Mens
81449712052,269697,4/3/2011,4,4,3,1172,369.18,3885.18,e-Shop,Bags,Mens
89585384946,267772,4/3/2011,7,5,4,1395,585.9,6165.9,e-Shop,Books,Fiction
82833828593,272197,4/3/2011,11,6,5,407,213.675,2248.675,Flagship store,Home and kitchen,Children
60193081027,272889,3/3/2011,10,3,3,1428,449.82,4733.82,TeleShop,Electronics,Audio and video
59652226183,268241,3/3/2011,4,2,3,298,93.87,987.87,TeleShop,Footwear,Mens
55230480638,269676,3/3/2011,10,5,5,264,138.6,1458.6,Flagship store,Books,Audio and video
55997826368,271577,3/3/2011,3,2,1,530,55.65,585.65,TeleShop,Footwear,Kids
4807969705,270270,3/3/2011,10,6,4,703,295.26,3107.26,e-Shop,Home and kitchen,Audio and video
7733524825,271429,3/3/2011,1,2,5,881,462.525,4867.525,TeleShop,Footwear,Women
57134229444,267235,3/3/2011,12,6,5,1389,729.225,7674.225,e-Shop,Home and kitchen,Academic
46293164177,271018,3/3/2011,8,3,3,976,307.44,3235.44,e-Shop,Electronics,Personal Appliances
49826388283,269214,3/3/2011,4,2,2,1465,307.65,3237.65,TeleShop,Footwear,Mens
17807018412,270425,3/3/2011,10,5,2,1442,302.82,3186.82,e-Shop,Books,Audio and video
20572741907,267618,3/3/2011,3,2,3,521,164.115,1727.115,MBR,Footwear,Kids
22766509250,272133,3/3/2011,3,1,4,77,32.34,340.34,MBR,Clothing,Kids
24555793067,273051,3/3/2011,2,6,2,836,175.56,1847.56,TeleShop,Home and kitchen,Furnishing
5618131425,272010,3/3/2011,4,4,2,1150,241.5,2541.5,MBR,Bags,Mens
18042456272,273918,3/3/2011,10,5,5,707,371.175,3906.175,MBR,Books,Audio and video
46999222093,267551,3/3/2011,3,1,1,531,55.755,586.755,e-Shop,Clothing,Kids
96991812229,268987,3/3/2011,3,5,2,425,89.25,939.25,e-Shop,Books,Kids
74278874659,269094,3/3/2011,1,1,1,829,87.045,916.045,e-Shop,Clothing,Women
96091996850,272436,3/3/2011,7,5,3,101,31.815,334.815,MBR,Books,Fiction
78481434762,267555,3/3/2011,4,4,3,1010,318.15,3348.15,MBR,Bags,Mens
79974006647,270944,3/3/2011,6,5,1,398,41.79,439.79,e-Shop,Books,DIY
77282427163,269539,3/3/2011,4,3,2,1021,214.41,2256.41,MBR,Electronics,Mens
65149251832,274433,3/3/2011,12,5,4,948,398.16,4190.16,e-Shop,Books,Academic
56052499879,274628,2/3/2011,10,3,5,346,181.65,1911.65,e-Shop,Electronics,Audio and video
49535281241,271298,2/3/2011,8,3,1,446,46.83,492.83,e-Shop,Electronics,Personal Appliances
46513347135,274278,2/3/2011,4,4,3,1215,382.725,4027.725,e-Shop,Bags,Mens
22894618907,267874,2/3/2011,7,5,3,1211,381.465,4014.465,Flagship store,Books,Fiction
59882994389,270291,2/3/2011,3,2,1,313,32.865,345.865,MBR,Footwear,Kids
60973463471,273167,2/3/2011,4,1,5,155,81.375,856.375,Flagship store,Clothing,Mens
32225636719,273623,2/3/2011,11,5,-5,-770,404.25,-4254.25,Flagship store,Books,Children
26642648908,267665,2/3/2011,12,5,2,456,95.76,1007.76,MBR,Books,Academic
90764883166,272094,2/3/2011,7,5,1,263,27.615,290.615,Flagship store,Books,Fiction
88409222901,272882,2/3/2011,7,5,2,1324,278.04,2926.04,MBR,Books,Fiction
79730796043,269154,2/3/2011,11,6,-3,-848,267.12,-2811.12,MBR,Home and kitchen,Children
65999473350,275062,2/3/2011,12,5,3,1068,336.42,3540.42,MBR,Books,Academic
77618264637,269078,2/3/2011,10,5,5,686,360.15,3790.15,e-Shop,Books,Audio and video
94055079650,268904,2/3/2011,10,5,4,277,116.34,1224.34,Flagship store,Books,Audio and video
99749033696,269050,2/3/2011,10,6,1,215,22.575,237.575,TeleShop,Home and kitchen,Audio and video
92909790527,272870,2/3/2011,9,3,5,170,89.25,939.25,MBR,Electronics,Cameras
91908735468,271702,2/3/2011,11,6,1,750,78.75,828.75,TeleShop,Home and kitchen,Children
58665596705,267291,1/3/2011,11,5,3,1094,344.61,3626.61,MBR,Books,Children
62995330142,272262,1/3/2011,12,6,5,1046,549.15,5779.15,e-Shop,Home and kitchen,Academic
6972750169,272597,1/3/2011,4,2,2,197,41.37,435.37,Flagship store,Footwear,Mens
29067773541,270831,1/3/2011,1,2,5,445,233.625,2458.625,Flagship store,Footwear,Women
4425004201,268684,1/3/2011,2,6,-2,-1131,237.51,-2499.51,e-Shop,Home and kitchen,Furnishing
44393987319,270382,1/3/2011,4,1,5,1183,621.075,6536.075,e-Shop,Clothing,Mens
30501471458,270632,1/3/2011,1,4,5,847,444.675,4679.675,MBR,Bags,Women
68693892858,275224,1/3/2011,12,6,-4,-264,110.88,-1166.88,MBR,Home and kitchen,Academic
93464684850,267903,1/3/2011,11,5,3,143,45.045,474.045,MBR,Books,Children
91296094258,273269,1/3/2011,1,2,4,510,214.2,2254.2,TeleShop,Footwear,Women
77968352532,268090,1/3/2011,4,2,2,145,30.45,320.45,e-Shop,Footwear,Mens
97432391587,275136,1/3/2011,8,3,1,357,37.485,394.485,e-Shop,Electronics,Personal Appliances
82556116403,274990,1/3/2011,4,2,4,1059,444.78,4680.78,TeleShop,Footwear,Mens
94140878078,273286,1/3/2011,4,1,-1,-101,10.605,-111.605,e-Shop,Clothing,Mens
66849799085,269495,1/3/2011,4,3,1,970,101.85,1071.85,e-Shop,Electronics,Mens
87759618787,273045,1/3/2011,4,3,-3,-629,198.135,-2085.135,TeleShop,Electronics,Mens
53797529084,269050,28-02-2011,11,5,4,485,203.7,2143.7,e-Shop,Books,Children
52809323392,268953,28-02-2011,3,1,4,166,69.72,733.72,MBR,Clothing,Kids
8238484082,272822,28-02-2011,3,2,3,845,266.175,2801.175,e-Shop,Footwear,Kids
8849081499,273635,28-02-2011,6,5,4,560,235.2,2475.2,MBR,Books,DIY
12385273988,275069,28-02-2011,4,1,-1,-951,99.855,-1050.855,Flagship store,Clothing,Mens
1236979776,273107,28-02-2011,4,4,3,1215,382.725,4027.725,e-Shop,Bags,Mens
36182350159,272696,28-02-2011,8,3,5,198,103.95,1093.95,MBR,Electronics,Personal Appliances
48291678377,267464,28-02-2011,1,2,-1,-476,49.98,-525.98,Flagship store,Footwear,Women
14279218461,270298,28-02-2011,3,1,-4,-262,110.04,-1158.04,TeleShop,Clothing,Kids
76380820409,270246,28-02-2011,6,5,-4,-477,200.34,-2108.34,TeleShop,Books,DIY
93679338095,272645,28-02-2011,6,5,-3,-538,169.47,-1783.47,Flagship store,Books,DIY
95541909516,271249,28-02-2011,12,6,1,865,90.825,955.825,e-Shop,Home and kitchen,Academic
89140478655,273383,28-02-2011,11,6,1,214,22.47,236.47,Flagship store,Home and kitchen,Children
35213514807,274295,27-02-2011,4,3,4,479,201.18,2117.18,e-Shop,Electronics,Mens
62536331729,270298,27-02-2011,12,6,2,173,36.33,382.33,e-Shop,Home and kitchen,Academic
38391048536,268681,27-02-2011,10,6,4,749,314.58,3310.58,MBR,Home and kitchen,Audio and video
7813958880,273675,27-02-2011,4,1,5,162,85.05,895.05,e-Shop,Clothing,Mens
46654998858,274018,27-02-2011,10,5,4,797,334.74,3522.74,Flagship store,Books,Audio and video
37088951626,271789,27-02-2011,10,5,1,1031,108.255,1139.255,e-Shop,Books,Audio and video
48822346276,271968,27-02-2011,12,5,4,1090,457.8,4817.8,e-Shop,Books,Academic
12385273988,275069,27-02-2011,4,1,1,951,99.855,1050.855,Flagship store,Clothing,Mens
7098000351,269216,27-02-2011,4,3,2,828,173.88,1829.88,e-Shop,Electronics,Mens
53455963738,270047,27-02-2011,11,6,2,876,183.96,1935.96,e-Shop,Home and kitchen,Children
46093050974,268076,27-02-2011,11,6,5,704,369.6,3889.6,e-Shop,Home and kitchen,Children
76849763643,272582,27-02-2011,8,3,1,371,38.955,409.955,MBR,Electronics,Personal Appliances
79730796043,269154,27-02-2011,11,6,3,848,267.12,2811.12,MBR,Home and kitchen,Children
69112943975,274075,27-02-2011,7,5,2,1159,243.39,2561.39,e-Shop,Books,Fiction
84358120460,269879,27-02-2011,12,5,2,1201,252.21,2654.21,TeleShop,Books,Academic
81448055028,269674,27-02-2011,11,6,5,1074,563.85,5933.85,e-Shop,Home and kitchen,Children
96354931366,267995,27-02-2011,6,5,2,1110,233.1,2453.1,TeleShop,Books,DIY
90474398795,271417,27-02-2011,3,2,1,1084,113.82,1197.82,Flagship store,Footwear,Kids
623079959,269329,26-02-2011,1,2,2,527,110.67,1164.67,e-Shop,Footwear,Women
2708053215,269652,26-02-2011,7,5,5,1496,785.4,8265.4,e-Shop,Books,Fiction
15608922545,270565,26-02-2011,6,5,2,548,115.08,1211.08,e-Shop,Books,DIY
19535876542,268076,26-02-2011,12,6,4,1256,527.52,5551.52,e-Shop,Home and kitchen,Academic
62227187906,271331,26-02-2011,4,3,1,519,54.495,573.495,e-Shop,Electronics,Mens
18334402869,267248,26-02-2011,8,3,-4,-201,84.42,-888.42,MBR,Electronics,Personal Appliances
36626708607,275167,26-02-2011,12,5,3,1493,470.295,4949.295,e-Shop,Books,Academic
20268698282,272400,26-02-2011,12,6,4,373,156.66,1648.66,Flagship store,Home and kitchen,Academic
23942222312,273299,26-02-2011,4,3,2,496,104.16,1096.16,Flagship store,Electronics,Mens
3554241138,268633,26-02-2011,5,3,4,444,186.48,1962.48,e-Shop,Electronics,Computers
3735930913,267045,26-02-2011,12,6,1,821,86.205,907.205,Flagship store,Home and kitchen,Academic
60777021408,270735,26-02-2011,11,6,5,955,501.375,5276.375,e-Shop,Home and kitchen,Children
12369327517,272742,26-02-2011,11,6,2,1445,303.45,3193.45,Flagship store,Home and kitchen,Children
45733851962,271970,26-02-2011,4,3,2,1319,276.99,2914.99,MBR,Electronics,Mens
22787446332,274358,26-02-2011,6,5,3,931,293.265,3086.265,e-Shop,Books,DIY
49944283848,272949,26-02-2011,3,2,-3,-1142,359.73,-3785.73,MBR,Footwear,Kids
97592011258,266856,26-02-2011,9,3,3,585,184.275,1939.275,e-Shop,Electronics,Cameras
70426009547,271042,26-02-2011,4,3,4,106,44.52,468.52,e-Shop,Electronics,Mens
68918901404,272796,26-02-2011,3,5,2,846,177.66,1869.66,e-Shop,Books,Kids
84510137591,273490,26-02-2011,2,6,5,1185,622.125,6547.125,e-Shop,Home and kitchen,Furnishing
77041043283,270325,26-02-2011,9,3,3,1462,460.53,4846.53,MBR,Electronics,Cameras
66244633698,270059,26-02-2011,3,2,2,318,66.78,702.78,e-Shop,Footwear,Kids
980796259,270294,25-02-2011,11,6,4,1289,541.38,5697.38,Flagship store,Home and kitchen,Children
59855501267,274066,25-02-2011,2,6,1,1197,125.685,1322.685,e-Shop,Home and kitchen,Furnishing
25610418428,268015,25-02-2011,10,5,-1,-73,7.665,-80.665,Flagship store,Books,Audio and video
59981508152,271971,25-02-2011,9,3,4,1284,539.28,5675.28,MBR,Electronics,Cameras
48456640886,271472,25-02-2011,7,5,3,408,128.52,1352.52,e-Shop,Books,Fiction
36887501268,268732,25-02-2011,4,1,4,1150,483,5083,MBR,Clothing,Mens
39886533126,274268,25-02-2011,1,4,2,873,183.33,1929.33,e-Shop,Bags,Women
50293339079,268995,25-02-2011,1,1,1,1141,119.805,1260.805,Flagship store,Clothing,Women
55674557503,274118,25-02-2011,12,6,2,670,140.7,1480.7,MBR,Home and kitchen,Academic
32838390961,272920,25-02-2011,12,5,5,389,204.225,2149.225,TeleShop,Books,Academic
55525467254,268274,25-02-2011,3,2,1,942,98.91,1040.91,Flagship store,Footwear,Kids
54931275728,270152,25-02-2011,6,5,5,931,488.775,5143.775,e-Shop,Books,DIY
52028028740,271822,25-02-2011,11,5,4,510,214.2,2254.2,e-Shop,Books,Children
51777868118,273183,25-02-2011,8,3,1,311,32.655,343.655,TeleShop,Electronics,Personal Appliances
58900723804,271307,25-02-2011,1,2,5,1366,717.15,7547.15,Flagship store,Footwear,Women
47286210923,267854,25-02-2011,8,3,5,1008,529.2,5569.2,TeleShop,Electronics,Personal Appliances
62261522877,270168,25-02-2011,4,1,1,939,98.595,1037.595,e-Shop,Clothing,Mens
30740385697,270394,25-02-2011,10,3,5,687,360.675,3795.675,TeleShop,Electronics,Audio and video
12027035813,270172,25-02-2011,3,2,4,844,354.48,3730.48,e-Shop,Footwear,Kids
87653145604,271770,25-02-2011,1,2,5,1404,737.1,7757.1,e-Shop,Footwear,Women
74911560529,272926,25-02-2011,11,5,1,132,13.86,145.86,e-Shop,Books,Children
87759618787,273045,25-02-2011,4,3,3,629,198.135,2085.135,TeleShop,Electronics,Mens
93924660540,268956,25-02-2011,10,5,3,858,270.27,2844.27,e-Shop,Books,Audio and video
98603739536,275233,25-02-2011,6,5,3,1480,466.2,4906.2,e-Shop,Books,DIY
69384450807,267475,25-02-2011,9,3,1,119,12.495,131.495,e-Shop,Electronics,Cameras
28883459089,274924,24-02-2011,12,6,1,302,31.71,333.71,MBR,Home and kitchen,Academic
11180697599,271565,24-02-2011,4,3,3,74,23.31,245.31,MBR,Electronics,Mens
48936386154,274210,24-02-2011,10,5,2,93,19.53,205.53,e-Shop,Books,Audio and video
14694035198,272358,24-02-2011,2,6,-3,-1306,411.39,-4329.39,Flagship store,Home and kitchen,Furnishing
51939314179,267244,24-02-2011,12,6,-1,-388,40.74,-428.74,e-Shop,Home and kitchen,Academic
39265193468,271972,24-02-2011,4,3,3,480,151.2,1591.2,MBR,Electronics,Mens
36133642880,272736,24-02-2011,3,5,3,173,54.495,573.495,e-Shop,Books,Kids
10898942503,273101,24-02-2011,12,5,-1,-1481,155.505,-1636.505,e-Shop,Books,Academic
16118245250,269014,24-02-2011,12,5,3,974,306.81,3228.81,TeleShop,Books,Academic
65062181979,271808,24-02-2011,4,2,3,309,97.335,1024.335,e-Shop,Footwear,Mens
95608465253,271775,24-02-2011,2,6,3,1278,402.57,4236.57,e-Shop,Home and kitchen,Furnishing
98900549080,270088,24-02-2011,5,3,4,110,46.2,486.2,e-Shop,Electronics,Computers
74371795453,267322,24-02-2011,3,5,3,1461,460.215,4843.215,e-Shop,Books,Kids
82881998503,273125,24-02-2011,4,4,3,198,62.37,656.37,MBR,Bags,Mens
85445060964,270877,24-02-2011,6,5,3,1474,464.31,4886.31,TeleShop,Books,DIY
71282889532,273860,24-02-2011,4,3,3,716,225.54,2373.54,Flagship store,Electronics,Mens
68158806885,268543,24-02-2011,5,3,1,1351,141.855,1492.855,MBR,Electronics,Computers
26052647921,271811,23-02-2011,7,5,5,1279,671.475,7066.475,e-Shop,Books,Fiction
46557552371,269451,23-02-2011,10,3,5,1097,575.925,6060.925,MBR,Electronics,Audio and video
27692840053,270764,23-02-2011,1,1,4,560,235.2,2475.2,TeleShop,Clothing,Women
45903192635,273527,23-02-2011,4,2,-5,-1373,720.825,-7585.825,MBR,Footwear,Mens
31707733726,267844,23-02-2011,3,2,1,103,10.815,113.815,e-Shop,Footwear,Kids
20668227495,266810,23-02-2011,4,1,3,347,109.305,1150.305,e-Shop,Clothing,Mens
20371567058,271168,23-02-2011,12,5,-2,-986,207.06,-2179.06,TeleShop,Books,Academic
2939344182,268657,23-02-2011,10,5,1,936,98.28,1034.28,TeleShop,Books,Audio and video
53644967937,270586,23-02-2011,9,3,2,431,90.51,952.51,e-Shop,Electronics,Cameras
13448223619,274293,23-02-2011,12,6,-5,-389,204.225,-2149.225,MBR,Home and kitchen,Academic
18334402869,267248,23-02-2011,8,3,4,201,84.42,888.42,MBR,Electronics,Personal Appliances
18727956164,267161,23-02-2011,4,4,5,668,350.7,3690.7,e-Shop,Bags,Mens
58245642236,272208,23-02-2011,7,5,3,830,261.45,2751.45,Flagship store,Books,Fiction
72938198508,272290,23-02-2011,4,4,5,203,106.575,1121.575,Flagship store,Bags,Mens
73098940301,269267,23-02-2011,1,1,2,1329,279.09,2937.09,e-Shop,Clothing,Women
96848188216,274899,23-02-2011,12,5,-3,-641,201.915,-2124.915,MBR,Books,Academic
77694487067,271512,23-02-2011,4,2,4,1160,487.2,5127.2,Flagship store,Footwear,Mens
66361945761,267664,23-02-2011,1,1,1,267,28.035,295.035,e-Shop,Clothing,Women
98160924678,271405,23-02-2011,2,6,3,1423,448.245,4717.245,Flagship store,Home and kitchen,Furnishing
89226525698,270504,23-02-2011,11,5,2,119,24.99,262.99,MBR,Books,Children
82739603161,269573,23-02-2011,5,3,5,451,236.775,2491.775,e-Shop,Electronics,Computers
99170862666,267479,23-02-2011,3,5,2,899,188.79,1986.79,e-Shop,Books,Kids
27416133160,271770,22-02-2011,4,4,-3,-1274,401.31,-4223.31,Flagship store,Bags,Mens
62833158156,272241,22-02-2011,10,6,5,1098,576.45,6066.45,MBR,Home and kitchen,Audio and video
40386992299,268780,22-02-2011,8,3,5,277,145.425,1530.425,e-Shop,Electronics,Personal Appliances
57046404,271834,22-02-2011,10,6,4,883,370.86,3902.86,e-Shop,Home and kitchen,Audio and video
30069428755,271880,22-02-2011,12,6,5,893,468.825,4933.825,Flagship store,Home and kitchen,Academic
31537011839,268569,22-02-2011,1,4,-5,-568,298.2,-3138.2,TeleShop,Bags,Women
58264919696,270296,22-02-2011,4,2,-1,-284,29.82,-313.82,e-Shop,Footwear,Mens
10233976543,268415,22-02-2011,3,2,-5,-332,174.3,-1834.3,MBR,Footwear,Kids
6444268105,272322,22-02-2011,10,3,3,1446,455.49,4793.49,Flagship store,Electronics,Audio and video
14694035198,272358,22-02-2011,2,6,-3,-1306,411.39,-4329.39,Flagship store,Home and kitchen,Furnishing
32225636719,273623,22-02-2011,11,5,5,770,404.25,4254.25,Flagship store,Books,Children
49461690049,267598,22-02-2011,3,2,5,151,79.275,834.275,e-Shop,Footwear,Kids
35250168017,269939,22-02-2011,7,5,3,128,40.32,424.32,e-Shop,Books,Fiction
34996753797,267904,22-02-2011,1,4,3,1134,357.21,3759.21,e-Shop,Bags,Women
17218494399,274334,22-02-2011,2,6,3,596,187.74,1975.74,e-Shop,Home and kitchen,Furnishing
60363278344,274618,22-02-2011,3,5,2,849,178.29,1876.29,e-Shop,Books,Kids
94786891680,274152,22-02-2011,6,5,3,375,118.125,1243.125,MBR,Books,DIY
90239117803,270708,22-02-2011,1,4,-4,-665,279.3,-2939.3,e-Shop,Bags,Women
77289800025,275063,22-02-2011,2,6,1,539,56.595,595.595,TeleShop,Home and kitchen,Furnishing
68693892858,275224,22-02-2011,12,6,4,264,110.88,1166.88,MBR,Home and kitchen,Academic
90476068683,274422,22-02-2011,1,1,5,1111,583.275,6138.275,Flagship store,Clothing,Women
72867279665,269069,22-02-2011,3,1,4,424,178.08,1874.08,MBR,Clothing,Kids
95952920729,267699,22-02-2011,4,2,1,1213,127.365,1340.365,TeleShop,Footwear,Mens
94925886808,271845,22-02-2011,10,5,1,95,9.975,104.975,Flagship store,Books,Audio and video
66947148630,272441,22-02-2011,9,3,3,1383,435.645,4584.645,MBR,Electronics,Cameras
86412555539,267051,22-02-2011,3,5,4,501,210.42,2214.42,e-Shop,Books,Kids
31731258445,273192,21-02-2011,4,4,2,905,190.05,2000.05,TeleShop,Bags,Mens
51570182711,273201,21-02-2011,12,6,4,313,131.46,1383.46,TeleShop,Home and kitchen,Academic
47059953640,270641,21-02-2011,4,1,2,360,75.6,795.6,e-Shop,Clothing,Mens
28886882858,270450,21-02-2011,7,5,2,1103,231.63,2437.63,TeleShop,Books,Fiction
27376832893,274700,21-02-2011,11,5,5,943,495.075,5210.075,TeleShop,Books,Children
19882725179,274071,21-02-2011,11,5,5,662,347.55,3657.55,MBR,Books,Children
19211398776,271936,21-02-2011,4,4,4,716,300.72,3164.72,e-Shop,Bags,Mens
4425004201,268684,21-02-2011,2,6,2,1131,237.51,2499.51,e-Shop,Home and kitchen,Furnishing
58622514216,269965,21-02-2011,11,6,-5,-94,49.35,-519.35,MBR,Home and kitchen,Children
48291678377,267464,21-02-2011,1,2,1,476,49.98,525.98,Flagship store,Footwear,Women
7115645059,271722,21-02-2011,1,1,2,179,37.59,395.59,TeleShop,Clothing,Women
9344075673,270760,21-02-2011,2,6,4,517,217.14,2285.14,Flagship store,Home and kitchen,Furnishing
29572879555,271042,21-02-2011,11,6,3,312,98.28,1034.28,MBR,Home and kitchen,Children
56006959851,269881,21-02-2011,4,1,2,924,194.04,2042.04,TeleShop,Clothing,Mens
32670460485,266865,21-02-2011,8,3,2,1427,299.67,3153.67,e-Shop,Electronics,Personal Appliances
28290821119,274288,21-02-2011,11,5,2,560,117.6,1237.6,e-Shop,Books,Children
84072629443,275244,21-02-2011,1,4,-2,-1194,250.74,-2638.74,MBR,Bags,Women
64704990484,272386,21-02-2011,8,3,5,931,488.775,5143.775,MBR,Electronics,Personal Appliances
81624168187,269983,21-02-2011,3,5,5,250,131.25,1381.25,e-Shop,Books,Kids
95994335195,268271,21-02-2011,3,2,2,260,54.6,574.6,e-Shop,Footwear,Kids
81400627023,266845,21-02-2011,4,1,1,178,18.69,196.69,MBR,Clothing,Mens
89666429547,270076,21-02-2011,4,2,5,311,163.275,1718.275,Flagship store,Footwear,Mens
12909848652,272738,20-02-2011,12,5,1,210,22.05,232.05,TeleShop,Books,Academic
41946637727,268777,20-02-2011,3,5,5,136,71.4,751.4,e-Shop,Books,Kids
12752127290,270875,20-02-2011,6,5,5,1382,725.55,7635.55,e-Shop,Books,DIY
51939314179,267244,20-02-2011,12,6,1,388,40.74,428.74,e-Shop,Home and kitchen,Academic
54048561728,269532,20-02-2011,10,5,4,287,120.54,1268.54,e-Shop,Books,Audio and video
53023644235,268654,20-02-2011,4,2,2,1488,312.48,3288.48,MBR,Footwear,Mens
45903192635,273527,20-02-2011,4,2,5,1373,720.825,7585.825,MBR,Footwear,Mens
32583343611,275134,20-02-2011,3,5,1,913,95.865,1008.865,e-Shop,Books,Kids
7929857000,268629,20-02-2011,12,6,1,515,54.075,569.075,TeleShop,Home and kitchen,Academic
56332731706,274930,20-02-2011,3,1,1,814,85.47,899.47,TeleShop,Clothing,Kids
43909846770,268506,20-02-2011,11,5,1,924,97.02,1021.02,e-Shop,Books,Children
34958490122,266849,20-02-2011,12,6,4,1155,485.1,5105.1,e-Shop,Home and kitchen,Academic
4650274249,271807,20-02-2011,1,4,5,1302,683.55,7193.55,MBR,Bags,Women
4652249774,270512,20-02-2011,11,5,4,896,376.32,3960.32,Flagship store,Books,Children
28754632614,274740,20-02-2011,9,3,4,752,315.84,3323.84,TeleShop,Electronics,Cameras
87670271329,270055,20-02-2011,10,5,5,1344,705.6,7425.6,e-Shop,Books,Audio and video
98650512266,274770,20-02-2011,4,2,2,1146,240.66,2532.66,e-Shop,Footwear,Mens
82733103138,269326,20-02-2011,7,5,2,271,56.91,598.91,e-Shop,Books,Fiction
83866175453,272532,20-02-2011,10,3,3,542,170.73,1796.73,TeleShop,Electronics,Audio and video
63771137203,275096,20-02-2011,11,5,4,1161,487.62,5131.62,e-Shop,Books,Children
93679338095,272645,20-02-2011,6,5,3,538,169.47,1783.47,Flagship store,Books,DIY
70083398044,273648,20-02-2011,3,5,2,399,83.79,881.79,TeleShop,Books,Kids
84072629443,275244,20-02-2011,1,4,2,1194,250.74,2638.74,MBR,Bags,Women
84049326296,266950,20-02-2011,4,3,3,450,141.75,1491.75,Flagship store,Electronics,Mens
75979728032,271496,20-02-2011,10,6,2,1015,213.15,2243.15,MBR,Home and kitchen,Audio and video
90239117803,270708,20-02-2011,1,4,4,665,279.3,2939.3,e-Shop,Bags,Women
25470701738,272471,19-02-2011,10,6,4,1462,614.04,6462.04,MBR,Home and kitchen,Audio and video
24695062637,267878,19-02-2011,10,6,-2,-90,18.9,-198.9,TeleShop,Home and kitchen,Audio and video
62539396914,273552,19-02-2011,4,3,3,1325,417.375,4392.375,Flagship store,Electronics,Mens
52568609689,274145,19-02-2011,6,5,2,469,98.49,1036.49,e-Shop,Books,DIY
19719201663,270865,19-02-2011,11,6,2,564,118.44,1246.44,TeleShop,Home and kitchen,Children
14279218461,270298,19-02-2011,3,1,4,262,110.04,1158.04,TeleShop,Clothing,Kids
13448223619,274293,19-02-2011,12,6,5,389,204.225,2149.225,MBR,Home and kitchen,Academic
20251553312,272502,19-02-2011,10,5,3,593,186.795,1965.795,TeleShop,Books,Audio and video
53491903333,271993,19-02-2011,11,6,5,626,328.65,3458.65,Flagship store,Home and kitchen,Children
57983682839,274449,19-02-2011,7,5,5,456,239.4,2519.4,Flagship store,Books,Fiction
46192772649,266945,19-02-2011,10,3,-2,-1078,226.38,-2382.38,e-Shop,Electronics,Audio and video
28219316318,274788,19-02-2011,4,4,1,628,65.94,693.94,e-Shop,Bags,Mens
94360011427,268783,19-02-2011,9,3,5,1436,753.9,7933.9,TeleShop,Electronics,Cameras
76380820409,270246,19-02-2011,6,5,4,477,200.34,2108.34,TeleShop,Books,DIY
94140878078,273286,19-02-2011,4,1,1,101,10.605,111.605,e-Shop,Clothing,Mens
66193644230,275119,19-02-2011,11,6,1,1230,129.15,1359.15,Flagship store,Home and kitchen,Children
71698756633,272165,19-02-2011,9,3,-2,-752,157.92,-1661.92,MBR,Electronics,Cameras
73906422042,269304,19-02-2011,5,3,-2,-962,202.02,-2126.02,MBR,Electronics,Computers
60416814232,273281,18-02-2011,4,4,4,202,84.84,892.84,Flagship store,Bags,Mens
57164025196,274699,18-02-2011,10,5,5,1050,551.25,5801.25,e-Shop,Books,Audio and video
7751974114,270188,18-02-2011,2,6,1,1102,115.71,1217.71,e-Shop,Home and kitchen,Furnishing
16760262384,270772,18-02-2011,4,2,4,742,311.64,3279.64,e-Shop,Footwear,Mens
55364595623,272374,18-02-2011,12,5,1,1022,107.31,1129.31,Flagship store,Books,Academic
60128500385,271791,18-02-2011,10,5,4,497,208.74,2196.74,Flagship store,Books,Audio and video
58288715923,274542,18-02-2011,4,4,1,1123,117.915,1240.915,MBR,Bags,Mens
41704840887,270722,18-02-2011,10,5,1,1466,153.93,1619.93,MBR,Books,Audio and video
37012463190,270378,18-02-2011,4,2,3,1141,359.415,3782.415,TeleShop,Footwear,Mens
25610418428,268015,18-02-2011,10,5,1,73,7.665,80.665,Flagship store,Books,Audio and video
2509585377,270581,18-02-2011,4,1,2,819,171.99,1809.99,MBR,Clothing,Mens
53311627703,270113,18-02-2011,5,3,2,1292,271.32,2855.32,Flagship store,Electronics,Computers
73982084066,268819,18-02-2011,4,1,-3,-198,62.37,-656.37,Flagship store,Clothing,Mens
96548039065,269296,18-02-2011,10,5,-3,-672,211.68,-2227.68,TeleShop,Books,Audio and video
94680954152,273640,18-02-2011,7,5,2,842,176.82,1860.82,e-Shop,Books,Fiction
71662499766,273828,18-02-2011,1,4,1,78,8.19,86.19,e-Shop,Bags,Women
85058121593,271601,18-02-2011,1,4,5,323,169.575,1784.575,MBR,Bags,Women
82236675192,274395,18-02-2011,9,3,5,1391,730.275,7685.275,Flagship store,Electronics,Cameras
91689408699,274952,18-02-2011,3,1,3,1340,422.1,4442.1,e-Shop,Clothing,Kids
99580580588,272632,18-02-2011,3,5,3,1044,328.86,3460.86,TeleShop,Books,Kids
68689672406,273009,18-02-2011,4,2,2,1495,313.95,3303.95,e-Shop,Footwear,Mens
68258751175,270535,18-02-2011,8,3,1,1160,121.8,1281.8,MBR,Electronics,Personal Appliances
83071439141,267287,18-02-2011,8,3,4,770,323.4,3403.4,e-Shop,Electronics,Personal Appliances
24589354154,270145,17-02-2011,1,4,-5,-1083,568.575,-5983.575,e-Shop,Bags,Women
32472950342,274064,17-02-2011,1,2,1,1303,136.815,1439.815,e-Shop,Footwear,Women
4286893457,274054,17-02-2011,6,5,5,811,425.775,4480.775,e-Shop,Books,DIY
62857261609,270384,17-02-2011,4,3,4,581,244.02,2568.02,TeleShop,Electronics,Mens
5856955563,271659,17-02-2011,1,2,4,731,307.02,3231.02,MBR,Footwear,Women
14763707361,269848,17-02-2011,4,4,4,209,87.78,923.78,e-Shop,Bags,Mens
37345656365,273019,17-02-2011,11,5,1,654,68.67,722.67,Flagship store,Books,Children
90773343663,271917,17-02-2011,12,6,-1,-298,31.29,-329.29,Flagship store,Home and kitchen,Academic
96548039065,269296,17-02-2011,10,5,3,672,211.68,2227.68,TeleShop,Books,Audio and video
69183961271,272623,17-02-2011,3,5,3,70,22.05,232.05,TeleShop,Books,Kids
96848188216,274899,17-02-2011,12,5,3,641,201.915,2124.915,MBR,Books,Academic
80378364354,274274,17-02-2011,6,5,1,665,69.825,734.825,e-Shop,Books,DIY
89644048296,269440,17-02-2011,1,2,1,460,48.3,508.3,e-Shop,Footwear,Women
76313266853,270616,17-02-2011,1,2,1,730,76.65,806.65,e-Shop,Footwear,Women
70596678983,268008,17-02-2011,10,5,4,1320,554.4,5834.4,Flagship store,Books,Audio and video
63690140425,274155,17-02-2011,10,5,-5,-805,422.625,-4447.625,Flagship store,Books,Audio and video
7495362443,269192,16-02-2011,1,1,5,336,176.4,1856.4,Flagship store,Clothing,Women
20371567058,271168,16-02-2011,12,5,2,986,207.06,2179.06,TeleShop,Books,Academic
14504700098,271447,16-02-2011,3,5,5,479,251.475,2646.475,e-Shop,Books,Kids
62396874197,268769,16-02-2011,4,4,4,259,108.78,1144.78,e-Shop,Bags,Mens
43338428512,274483,16-02-2011,1,2,2,604,126.84,1334.84,e-Shop,Footwear,Women
49944283848,272949,16-02-2011,3,2,3,1142,359.73,3785.73,MBR,Footwear,Kids
14694035198,272358,16-02-2011,2,6,3,1306,411.39,4329.39,Flagship store,Home and kitchen,Furnishing
19573631207,273325,16-02-2011,3,2,4,636,267.12,2811.12,TeleShop,Footwear,Kids
28332593041,273833,16-02-2011,7,5,1,777,81.585,858.585,Flagship store,Books,Fiction
41758155633,273368,16-02-2011,12,6,5,156,81.9,861.9,Flagship store,Home and kitchen,Academic
58264919696,270296,16-02-2011,4,2,1,284,29.82,313.82,e-Shop,Footwear,Mens
28636408377,275034,16-02-2011,12,6,2,1419,297.99,3135.99,MBR,Home and kitchen,Academic
60719099169,272264,16-02-2011,3,1,2,1045,219.45,2309.45,MBR,Clothing,Kids
65823235153,272650,16-02-2011,11,6,2,358,75.18,791.18,e-Shop,Home and kitchen,Children
71698756633,272165,16-02-2011,9,3,2,752,157.92,1661.92,MBR,Electronics,Cameras
77709396506,268482,16-02-2011,12,6,4,783,328.86,3460.86,e-Shop,Home and kitchen,Academic
90667600281,266849,16-02-2011,4,2,5,1377,722.925,7607.925,Flagship store,Footwear,Mens
67511120020,274927,16-02-2011,11,5,5,781,410.025,4315.025,e-Shop,Books,Children
64054680239,272546,16-02-2011,11,5,5,1038,544.95,5734.95,MBR,Books,Children
4578426276,272479,15-02-2011,12,6,3,833,262.395,2761.395,Flagship store,Home and kitchen,Academic
38393842483,268614,15-02-2011,12,6,5,270,141.75,1491.75,e-Shop,Home and kitchen,Academic
56064581139,273173,15-02-2011,3,2,3,1112,350.28,3686.28,TeleShop,Footwear,Kids
4023933952,270270,15-02-2011,1,4,-5,-1128,592.2,-6232.2,Flagship store,Bags,Women
10799189140,269602,15-02-2011,9,3,4,746,313.32,3297.32,e-Shop,Electronics,Cameras
16210414784,270344,15-02-2011,8,3,4,352,147.84,1555.84,e-Shop,Electronics,Personal Appliances
14948241576,271897,15-02-2011,10,3,5,1117,586.425,6171.425,Flagship store,Electronics,Audio and video
10898942503,273101,15-02-2011,12,5,1,1481,155.505,1636.505,e-Shop,Books,Academic
36958431268,267252,15-02-2011,12,5,1,1274,133.77,1407.77,Flagship store,Books,Academic
10233976543,268415,15-02-2011,3,2,5,332,174.3,1834.3,MBR,Footwear,Kids
60283225517,268905,15-02-2011,4,4,-1,-1163,122.115,-1285.115,e-Shop,Bags,Mens
61229179827,270091,15-02-2011,9,3,4,1359,570.78,6006.78,MBR,Electronics,Cameras
20084947057,273464,15-02-2011,10,5,2,1471,308.91,3250.91,e-Shop,Books,Audio and video
2584862638,273149,15-02-2011,11,5,4,1162,488.04,5136.04,MBR,Books,Children
21628494794,268279,15-02-2011,2,6,3,604,190.26,2002.26,MBR,Home and kitchen,Furnishing
61041371980,271701,15-02-2011,1,1,3,437,137.655,1448.655,e-Shop,Clothing,Women
76314986941,268923,15-02-2011,12,5,4,1401,588.42,6192.42,e-Shop,Books,Academic
80216773693,273521,15-02-2011,12,6,5,1472,772.8,8132.8,e-Shop,Home and kitchen,Academic
94152858461,267702,15-02-2011,4,3,5,415,217.875,2292.875,TeleShop,Electronics,Mens
68180484206,268795,15-02-2011,3,1,2,867,182.07,1916.07,e-Shop,Clothing,Kids
82462260500,272559,15-02-2011,11,6,4,144,60.48,636.48,e-Shop,Home and kitchen,Children
98784828478,273886,15-02-2011,4,1,5,802,421.05,4431.05,e-Shop,Clothing,Mens
95824891351,270113,15-02-2011,10,6,-2,-1268,266.28,-2802.28,MBR,Home and kitchen,Audio and video
71709765978,267971,15-02-2011,4,1,3,408,128.52,1352.52,MBR,Clothing,Mens
5861688248,268411,14-02-2011,3,5,3,1314,413.91,4355.91,MBR,Books,Kids
15803069358,268483,14-02-2011,10,3,4,904,379.68,3995.68,e-Shop,Electronics,Audio and video
19649889499,274618,14-02-2011,10,3,5,1237,649.425,6834.425,e-Shop,Electronics,Audio and video
8007742845,267268,14-02-2011,9,3,2,282,59.22,623.22,Flagship store,Electronics,Cameras
45570506962,274010,14-02-2011,10,5,5,840,441,4641,e-Shop,Books,Audio and video
54088045834,273094,14-02-2011,12,6,2,1346,282.66,2974.66,e-Shop,Home and kitchen,Academic
25706318234,272126,14-02-2011,9,3,1,74,7.77,81.77,e-Shop,Electronics,Cameras
60931245650,274429,14-02-2011,10,6,1,766,80.43,846.43,TeleShop,Home and kitchen,Audio and video
59349588580,267266,14-02-2011,10,6,-2,-500,105,-1105,Flagship store,Home and kitchen,Audio and video
11800395060,273140,14-02-2011,11,6,2,666,139.86,1471.86,MBR,Home and kitchen,Children
72065891759,274661,14-02-2011,3,2,-3,-140,44.1,-464.1,MBR,Footwear,Kids
73203487320,267350,14-02-2011,7,5,4,412,173.04,1821.04,Flagship store,Books,Fiction
96003005905,269049,14-02-2011,7,5,2,808,169.68,1785.68,e-Shop,Books,Fiction
88773729094,270861,14-02-2011,7,5,5,552,289.8,3049.8,MBR,Books,Fiction
89011145661,270908,14-02-2011,10,6,2,1359,285.39,3003.39,Flagship store,Home and kitchen,Audio and video
52428431282,271768,13-02-2011,12,5,1,1215,127.575,1342.575,MBR,Books,Academic
44716224730,269911,13-02-2011,10,3,4,310,130.2,1370.2,e-Shop,Electronics,Audio and video
47846352395,270242,13-02-2011,2,6,5,353,185.325,1950.325,e-Shop,Home and kitchen,Furnishing
46875566939,269647,13-02-2011,6,5,-1,-974,102.27,-1076.27,e-Shop,Books,DIY
50600604171,269299,13-02-2011,5,3,-5,-234,122.85,-1292.85,e-Shop,Electronics,Computers
49682635372,267322,13-02-2011,9,3,2,524,110.04,1158.04,MBR,Electronics,Cameras
18603942404,266856,13-02-2011,10,5,4,304,127.68,1343.68,MBR,Books,Audio and video
16279769443,268522,13-02-2011,6,5,5,293,153.825,1618.825,Flagship store,Books,DIY
72584124562,270845,13-02-2011,12,5,3,1358,427.77,4501.77,e-Shop,Books,Academic
97971580836,274983,13-02-2011,1,1,5,616,323.4,3403.4,e-Shop,Clothing,Women
99131754231,268005,13-02-2011,11,5,1,341,35.805,376.805,MBR,Books,Children
73465995467,274673,13-02-2011,5,3,1,76,7.98,83.98,e-Shop,Electronics,Computers
92774054913,274328,13-02-2011,12,6,2,466,97.86,1029.86,e-Shop,Home and kitchen,Academic
84125583395,271460,13-02-2011,6,5,1,1024,107.52,1131.52,e-Shop,Books,DIY
90773343663,271917,13-02-2011,12,6,1,298,31.29,329.29,Flagship store,Home and kitchen,Academic
81638442125,273500,13-02-2011,1,2,4,436,183.12,1927.12,e-Shop,Footwear,Women
86231329789,274395,13-02-2011,1,4,2,672,141.12,1485.12,TeleShop,Bags,Women
71509842173,271721,13-02-2011,1,2,-4,-1248,524.16,-5516.16,TeleShop,Footwear,Women
83578971001,273889,13-02-2011,8,3,-3,-1128,355.32,-3739.32,Flagship store,Electronics,Personal Appliances
61753819366,274675,12/2/2011,5,3,1,540,56.7,596.7,TeleShop,Electronics,Computers
24695062637,267878,12/2/2011,10,6,2,90,18.9,198.9,TeleShop,Home and kitchen,Audio and video
5337847289,267886,12/2/2011,4,3,-1,-1197,125.685,-1322.685,e-Shop,Electronics,Mens
27416133160,271770,12/2/2011,4,4,3,1274,401.31,4223.31,Flagship store,Bags,Mens
44495011218,268331,12/2/2011,11,6,2,291,61.11,643.11,Flagship store,Home and kitchen,Children
30241115286,268864,12/2/2011,8,3,3,1403,441.945,4650.945,e-Shop,Electronics,Personal Appliances
15932701783,268543,12/2/2011,9,3,5,843,442.575,4657.575,TeleShop,Electronics,Cameras
31537011839,268569,12/2/2011,1,4,5,568,298.2,3138.2,TeleShop,Bags,Women
26493059817,273748,12/2/2011,3,2,1,192,20.16,212.16,e-Shop,Footwear,Kids
43543262955,271191,12/2/2011,2,6,1,291,30.555,321.555,e-Shop,Home and kitchen,Furnishing
4445151885,270778,12/2/2011,6,5,5,928,487.2,5127.2,e-Shop,Books,DIY
64219133252,274264,12/2/2011,4,2,2,1441,302.61,3184.61,e-Shop,Footwear,Mens
83362198794,274929,12/2/2011,10,6,5,998,523.95,5513.95,e-Shop,Home and kitchen,Audio and video
97580783055,274047,12/2/2011,6,5,5,885,464.625,4889.625,Flagship store,Books,DIY
74244491508,271986,12/2/2011,10,3,1,509,53.445,562.445,MBR,Electronics,Audio and video
88916377762,272718,12/2/2011,3,5,1,1217,127.785,1344.785,e-Shop,Books,Kids
50901869519,274638,11/2/2011,11,5,1,1389,145.845,1534.845,Flagship store,Books,Children
60283225517,268905,11/2/2011,4,4,1,1163,122.115,1285.115,e-Shop,Bags,Mens
61637434350,272124,11/2/2011,4,4,5,860,451.5,4751.5,TeleShop,Bags,Mens
28523208385,271928,11/2/2011,5,3,1,801,84.105,885.105,e-Shop,Electronics,Computers
15301441801,270515,11/2/2011,12,5,1,1119,117.495,1236.495,e-Shop,Books,Academic
15241781707,269793,11/2/2011,1,2,-2,-658,138.18,-1454.18,TeleShop,Footwear,Women
10776911444,274703,11/2/2011,10,5,5,1395,732.375,7707.375,MBR,Books,Audio and video
17205148018,272313,11/2/2011,3,5,2,1170,245.7,2585.7,e-Shop,Books,Kids
58622514216,269965,11/2/2011,11,6,5,94,49.35,519.35,MBR,Home and kitchen,Children
2404197868,270775,11/2/2011,5,3,2,819,171.99,1809.99,MBR,Electronics,Computers
48616385666,268731,11/2/2011,3,1,4,474,199.08,2095.08,Flagship store,Clothing,Kids
22965425276,272803,11/2/2011,10,6,1,1405,147.525,1552.525,e-Shop,Home and kitchen,Audio and video
44430518714,267574,11/2/2011,12,6,2,579,121.59,1279.59,Flagship store,Home and kitchen,Academic
5691645683,272326,11/2/2011,8,3,2,1487,312.27,3286.27,e-Shop,Electronics,Personal Appliances
40807876472,272399,11/2/2011,1,4,5,1288,676.2,7116.2,TeleShop,Bags,Women
23887585472,269320,10/2/2011,8,3,4,788,330.96,3482.96,e-Shop,Electronics,Personal Appliances
29395949451,275090,10/2/2011,12,5,3,815,256.725,2701.725,Flagship store,Books,Academic
50190099109,273051,10/2/2011,6,5,-2,-1230,258.3,-2718.3,Flagship store,Books,DIY
50600604171,269299,10/2/2011,5,3,5,234,122.85,1292.85,e-Shop,Electronics,Computers
52724946872,275173,10/2/2011,11,6,1,727,76.335,803.335,Flagship store,Home and kitchen,Children
61106960711,268698,10/2/2011,4,3,3,1213,382.095,4021.095,e-Shop,Electronics,Mens
58172084993,273985,10/2/2011,6,5,5,1450,761.25,8011.25,TeleShop,Books,DIY
47899974967,269846,10/2/2011,6,5,-5,-232,121.8,-1281.8,e-Shop,Books,DIY
40160825556,268800,10/2/2011,4,2,-4,-339,142.38,-1498.38,MBR,Footwear,Mens
56643559957,272825,10/2/2011,1,2,4,1232,517.44,5445.44,Flagship store,Footwear,Women
14493421097,267395,10/2/2011,10,5,4,1249,524.58,5520.58,e-Shop,Books,Audio and video
8895826118,273302,10/2/2011,4,2,4,298,125.16,1317.16,Flagship store,Footwear,Mens
95282755715,269002,10/2/2011,8,3,2,364,76.44,804.44,e-Shop,Electronics,Personal Appliances
66385351962,275006,10/2/2011,7,5,3,673,211.995,2230.995,Flagship store,Books,Fiction
79018640950,275187,10/2/2011,7,5,5,268,140.7,1480.7,e-Shop,Books,Fiction
73148469652,272675,10/2/2011,10,3,4,807,338.94,3566.94,TeleShop,Electronics,Audio and video
78833086289,271298,10/2/2011,5,3,4,325,136.5,1436.5,e-Shop,Electronics,Computers
67340937114,269860,10/2/2011,12,6,3,644,202.86,2134.86,e-Shop,Home and kitchen,Academic
73982084066,268819,10/2/2011,4,1,3,198,62.37,656.37,Flagship store,Clothing,Mens
72065891759,274661,10/2/2011,3,2,-3,-140,44.1,-464.1,MBR,Footwear,Kids
63690140425,274155,10/2/2011,10,5,5,805,422.625,4447.625,Flagship store,Books,Audio and video
88839443713,269305,10/2/2011,12,5,5,912,478.8,5038.8,e-Shop,Books,Academic
98829095624,269944,10/2/2011,6,5,1,1274,133.77,1407.77,e-Shop,Books,DIY
46192772649,266945,9/2/2011,10,3,2,1078,226.38,2382.38,e-Shop,Electronics,Audio and video
7371416741,270140,9/2/2011,8,3,5,1359,713.475,7508.475,e-Shop,Electronics,Personal Appliances
41035895355,267500,9/2/2011,10,3,3,789,248.535,2615.535,MBR,Electronics,Audio and video
10295445572,272683,9/2/2011,4,2,3,1101,346.815,3649.815,MBR,Footwear,Mens
3467605893,272964,9/2/2011,4,1,-2,-1333,279.93,-2945.93,TeleShop,Clothing,Mens
29548338042,268513,9/2/2011,1,2,3,287,90.405,951.405,Flagship store,Footwear,Women
41395552384,273625,9/2/2011,6,5,-1,-1254,131.67,-1385.67,e-Shop,Books,DIY
61078263960,269181,9/2/2011,6,5,1,215,22.575,237.575,e-Shop,Books,DIY
1330248674,273471,9/2/2011,1,4,-3,-494,155.61,-1637.61,TeleShop,Bags,Women
31947906991,274492,9/2/2011,4,3,2,1445,303.45,3193.45,e-Shop,Electronics,Mens
45553356358,268232,9/2/2011,12,5,1,78,8.19,86.19,MBR,Books,Academic
4947037174,271239,9/2/2011,12,6,-3,-228,71.82,-755.82,e-Shop,Home and kitchen,Academic
10128461237,274339,9/2/2011,11,6,-4,-1351,567.42,-5971.42,MBR,Home and kitchen,Children
97019329974,274805,9/2/2011,9,3,4,1386,582.12,6126.12,e-Shop,Electronics,Cameras
86604208122,274853,9/2/2011,7,5,2,1273,267.33,2813.33,e-Shop,Books,Fiction
67796281111,267301,9/2/2011,5,3,5,744,390.6,4110.6,MBR,Electronics,Computers
73906422042,269304,9/2/2011,5,3,2,962,202.02,2126.02,MBR,Electronics,Computers
72065891759,274661,9/2/2011,3,2,3,140,44.1,464.1,MBR,Footwear,Kids
93137966162,270844,9/2/2011,12,5,3,753,237.195,2496.195,Flagship store,Books,Academic
90242644946,271850,9/2/2011,3,2,2,184,38.64,406.64,MBR,Footwear,Kids
76516138451,269136,9/2/2011,6,5,2,920,193.2,2033.2,e-Shop,Books,DIY
39559252582,273343,8/2/2011,4,2,5,450,236.25,2486.25,MBR,Footwear,Mens
58258824183,272877,8/2/2011,10,6,5,95,49.875,524.875,e-Shop,Home and kitchen,Audio and video
29446525492,275218,8/2/2011,3,5,5,208,109.2,1149.2,Flagship store,Books,Kids
45609823546,274510,8/2/2011,10,5,1,1175,123.375,1298.375,MBR,Books,Audio and video
9460703297,270077,8/2/2011,4,3,5,1207,633.675,6668.675,Flagship store,Electronics,Mens
11090753771,270827,8/2/2011,1,1,3,74,23.31,245.31,e-Shop,Clothing,Women
4466775240,274621,8/2/2011,3,1,1,355,37.275,392.275,Flagship store,Clothing,Kids
4023933952,270270,8/2/2011,1,4,5,1128,592.2,6232.2,Flagship store,Bags,Women
41149845122,270717,8/2/2011,4,3,4,984,413.28,4349.28,TeleShop,Electronics,Mens
66362499142,268001,8/2/2011,4,4,4,1124,472.08,4968.08,MBR,Bags,Mens
97899263424,275006,8/2/2011,4,4,2,974,204.54,2152.54,Flagship store,Bags,Mens
85951181720,267166,8/2/2011,5,3,3,1137,358.155,3769.155,MBR,Electronics,Computers
77420086372,270301,8/2/2011,3,5,4,115,48.3,508.3,MBR,Books,Kids
95824891351,270113,8/2/2011,10,6,2,1268,266.28,2802.28,MBR,Home and kitchen,Audio and video
83039087811,270960,8/2/2011,10,5,4,97,40.74,428.74,Flagship store,Books,Audio and video
89965051037,271559,8/2/2011,5,3,-1,-744,78.12,-822.12,e-Shop,Electronics,Computers
31727378538,268734,7/2/2011,1,1,5,272,142.8,1502.8,MBR,Clothing,Women
55797156569,268198,7/2/2011,3,2,2,508,106.68,1122.68,e-Shop,Footwear,Kids
1330248674,273471,7/2/2011,1,4,3,494,155.61,1637.61,TeleShop,Bags,Women
45484923266,269524,7/2/2011,11,6,3,1136,357.84,3765.84,e-Shop,Home and kitchen,Children
49294849829,273861,7/2/2011,4,1,1,1000,105,1105,e-Shop,Clothing,Mens
34143232408,268847,7/2/2011,1,2,2,836,175.56,1847.56,Flagship store,Footwear,Women
22668264256,271355,7/2/2011,7,5,2,1361,285.81,3007.81,Flagship store,Books,Fiction
15115023099,268811,7/2/2011,10,3,3,1309,412.335,4339.335,TeleShop,Electronics,Audio and video
29245958438,267199,7/2/2011,3,1,1,278,29.19,307.19,TeleShop,Clothing,Kids
15430992931,271989,7/2/2011,8,3,3,1432,451.08,4747.08,MBR,Electronics,Personal Appliances
24589354154,270145,7/2/2011,1,4,5,1083,568.575,5983.575,e-Shop,Bags,Women
89965051037,271559,7/2/2011,5,3,1,744,78.12,822.12,e-Shop,Electronics,Computers
83578971001,273889,7/2/2011,8,3,3,1128,355.32,3739.32,Flagship store,Electronics,Personal Appliances
71509842173,271721,7/2/2011,1,2,4,1248,524.16,5516.16,TeleShop,Footwear,Women
92010251234,267991,7/2/2011,3,2,5,343,180.075,1895.075,TeleShop,Footwear,Kids
94142306534,268712,7/2/2011,7,5,3,165,51.975,546.975,e-Shop,Books,Fiction
70043194724,268741,7/2/2011,6,5,-5,-1257,659.925,-6944.925,Flagship store,Books,DIY
81827614532,267775,7/2/2011,11,6,5,282,148.05,1558.05,e-Shop,Home and kitchen,Children
89477723508,271680,7/2/2011,2,6,4,1055,443.1,4663.1,Flagship store,Home and kitchen,Furnishing
70304288564,267231,7/2/2011,4,2,4,144,60.48,636.48,e-Shop,Footwear,Mens
57931247437,268992,6/2/2011,9,3,1,736,77.28,813.28,e-Shop,Electronics,Cameras
10128461237,274339,6/2/2011,11,6,4,1351,567.42,5971.42,MBR,Home and kitchen,Children
47727536928,270240,6/2/2011,4,2,2,881,185.01,1947.01,Flagship store,Footwear,Mens
17622647366,272820,6/2/2011,10,5,3,1120,352.8,3712.8,e-Shop,Books,Audio and video
38436575359,267227,6/2/2011,7,5,5,404,212.1,2232.1,Flagship store,Books,Fiction
49164872999,271036,6/2/2011,11,6,3,472,148.68,1564.68,e-Shop,Home and kitchen,Children
59349588580,267266,6/2/2011,10,6,2,500,105,1105,Flagship store,Home and kitchen,Audio and video
9481059950,272171,6/2/2011,3,5,2,853,179.13,1885.13,e-Shop,Books,Kids
40122279667,269894,6/2/2011,10,3,4,899,377.58,3973.58,MBR,Electronics,Audio and video
62759761254,268956,6/2/2011,5,3,-1,-1306,137.13,-1443.13,MBR,Electronics,Computers
99293604474,268148,6/2/2011,10,3,4,322,135.24,1423.24,MBR,Electronics,Audio and video
84427780378,267345,6/2/2011,2,6,2,1454,305.34,3213.34,e-Shop,Home and kitchen,Furnishing
91267425408,273153,6/2/2011,1,2,2,1456,305.76,3217.76,MBR,Footwear,Women
74886530380,274176,6/2/2011,11,5,4,770,323.4,3403.4,e-Shop,Books,Children
86854971835,270828,6/2/2011,7,5,5,112,58.8,618.8,e-Shop,Books,Fiction
88700503411,271485,6/2/2011,4,4,4,1436,603.12,6347.12,MBR,Bags,Mens
37042101349,271222,5/2/2011,4,1,-4,-761,319.62,-3363.62,e-Shop,Clothing,Mens
21842990194,270208,5/2/2011,4,3,1,1109,116.445,1225.445,e-Shop,Electronics,Mens
3373717208,267478,5/2/2011,3,1,5,112,58.8,618.8,MBR,Clothing,Kids
24725480041,270763,5/2/2011,2,6,5,568,298.2,3138.2,Flagship store,Home and kitchen,Furnishing
44415432535,273698,5/2/2011,3,2,1,1338,140.49,1478.49,e-Shop,Footwear,Kids
11024479800,268584,5/2/2011,4,1,1,1413,148.365,1561.365,TeleShop,Clothing,Mens
46875566939,269647,5/2/2011,6,5,1,974,102.27,1076.27,e-Shop,Books,DIY
38953933513,268723,5/2/2011,10,5,4,1493,627.06,6599.06,MBR,Books,Audio and video
6241167404,272765,5/2/2011,2,6,3,591,186.165,1959.165,Flagship store,Home and kitchen,Furnishing
60504830065,271598,5/2/2011,5,3,2,1276,267.96,2819.96,e-Shop,Electronics,Computers
23138563964,271648,5/2/2011,3,2,1,945,99.225,1044.225,TeleShop,Footwear,Kids
39092855201,270735,5/2/2011,1,4,3,634,199.71,2101.71,e-Shop,Bags,Women
39011234288,269545,5/2/2011,8,3,1,104,10.92,114.92,e-Shop,Electronics,Personal Appliances
44231341049,272844,5/2/2011,10,5,2,1489,312.69,3290.69,e-Shop,Books,Audio and video
73134878342,270207,5/2/2011,7,5,3,1173,369.495,3888.495,e-Shop,Books,Fiction
65784315637,273261,5/2/2011,12,6,-5,-1193,626.325,-6591.325,e-Shop,Home and kitchen,Academic
95972828484,274208,5/2/2011,7,5,1,636,66.78,702.78,e-Shop,Books,Fiction
78885835451,272193,5/2/2011,4,2,-5,-416,218.4,-2298.4,e-Shop,Footwear,Mens
79685748610,272539,5/2/2011,7,5,2,94,19.74,207.74,TeleShop,Books,Fiction
92371287876,272976,5/2/2011,5,3,1,187,19.635,206.635,MBR,Electronics,Computers
66635352713,271731,5/2/2011,4,2,5,504,264.6,2784.6,Flagship store,Footwear,Mens
19037606568,267704,4/2/2011,4,3,4,1167,490.14,5158.14,Flagship store,Electronics,Mens
6402791849,272645,4/2/2011,1,1,5,1027,539.175,5674.175,TeleShop,Clothing,Women
52360313604,271813,4/2/2011,12,6,3,1366,430.29,4528.29,Flagship store,Home and kitchen,Academic
28700095716,267691,4/2/2011,3,2,-5,-662,347.55,-3657.55,MBR,Footwear,Kids
19186155278,272417,4/2/2011,1,1,3,1206,379.89,3997.89,e-Shop,Clothing,Women
60218870896,274604,4/2/2011,12,6,1,736,77.28,813.28,Flagship store,Home and kitchen,Academic
9486008499,269019,4/2/2011,9,3,1,873,91.665,964.665,e-Shop,Electronics,Cameras
40090366261,271846,4/2/2011,5,3,5,314,164.85,1734.85,e-Shop,Electronics,Computers
37448181366,268568,4/2/2011,7,5,4,1311,550.62,5794.62,e-Shop,Books,Fiction
42732981243,267425,4/2/2011,8,3,2,572,120.12,1264.12,TeleShop,Electronics,Personal Appliances
8598016363,272316,4/2/2011,3,5,4,1312,551.04,5799.04,e-Shop,Books,Kids
23353379671,273036,4/2/2011,10,3,3,209,65.835,692.835,e-Shop,Electronics,Audio and video
37042101349,271222,4/2/2011,4,1,4,761,319.62,3363.62,e-Shop,Clothing,Mens
536918883,269570,4/2/2011,9,3,5,1488,781.2,8221.2,e-Shop,Electronics,Cameras
31795262740,275166,4/2/2011,1,4,-4,-531,223.02,-2347.02,e-Shop,Bags,Women
35652509520,268418,4/2/2011,11,6,5,722,379.05,3989.05,MBR,Home and kitchen,Children
71670376532,270036,4/2/2011,4,2,4,1076,451.92,4755.92,e-Shop,Footwear,Mens
65503508991,267463,4/2/2011,3,1,1,1152,120.96,1272.96,Flagship store,Clothing,Kids
79705520455,272663,4/2/2011,12,5,-4,-1322,555.24,-5843.24,e-Shop,Books,Academic
87484530229,268904,4/2/2011,11,5,2,1436,301.56,3173.56,e-Shop,Books,Children
67989054708,270491,4/2/2011,4,1,3,236,74.34,782.34,e-Shop,Clothing,Mens
69918810427,273464,4/2/2011,1,4,1,1349,141.645,1490.645,e-Shop,Bags,Women
78501204135,269729,4/2/2011,4,2,2,672,141.12,1485.12,e-Shop,Footwear,Mens
90001260661,271893,4/2/2011,10,3,3,558,175.77,1849.77,e-Shop,Electronics,Audio and video
77259929396,274480,4/2/2011,4,1,1,1456,152.88,1608.88,MBR,Clothing,Mens
77239553654,266835,4/2/2011,4,2,3,681,214.515,2257.515,Flagship store,Footwear,Mens
5337847289,267886,3/2/2011,4,3,1,1197,125.685,1322.685,e-Shop,Electronics,Mens
15094185185,270926,3/2/2011,4,1,3,1038,326.97,3440.97,e-Shop,Clothing,Mens
21690293686,274128,3/2/2011,11,6,1,1147,120.435,1267.435,e-Shop,Home and kitchen,Children
3320705341,273711,3/2/2011,4,2,1,229,24.045,253.045,TeleShop,Footwear,Mens
42528871618,270970,3/2/2011,12,6,2,364,76.44,804.44,e-Shop,Home and kitchen,Academic
55162669899,270384,3/2/2011,11,6,3,471,148.365,1561.365,e-Shop,Home and kitchen,Children
9814184577,269216,3/2/2011,1,2,5,365,191.625,2016.625,e-Shop,Footwear,Women
2874604009,270540,3/2/2011,6,5,1,892,93.66,985.66,TeleShop,Books,DIY
24596263922,274582,3/2/2011,4,2,1,1357,142.485,1499.485,TeleShop,Footwear,Mens
42850516488,274929,3/2/2011,1,4,2,112,23.52,247.52,MBR,Bags,Women
4892612355,267544,3/2/2011,11,5,4,229,96.18,1012.18,e-Shop,Books,Children
3467605893,272964,3/2/2011,4,1,2,1333,279.93,2945.93,TeleShop,Clothing,Mens
82540297822,272617,3/2/2011,12,5,5,393,206.325,2171.325,e-Shop,Books,Academic
74975935384,274210,3/2/2011,9,3,5,475,249.375,2624.375,e-Shop,Electronics,Cameras
72992103977,270568,3/2/2011,8,3,4,1062,446.04,4694.04,Flagship store,Electronics,Personal Appliances
95218786334,271742,3/2/2011,3,2,-3,-1019,320.985,-3377.985,TeleShop,Footwear,Kids
15241781707,269793,2/2/2011,1,2,2,658,138.18,1454.18,TeleShop,Footwear,Women
49408049083,271611,2/2/2011,4,3,2,724,152.04,1600.04,MBR,Electronics,Mens
47899974967,269846,2/2/2011,6,5,5,232,121.8,1281.8,e-Shop,Books,DIY
32887353269,268885,2/2/2011,3,1,-1,-276,28.98,-304.98,Flagship store,Clothing,Kids
38993792028,272831,2/2/2011,4,2,2,848,178.08,1874.08,e-Shop,Footwear,Mens
7968305015,268928,2/2/2011,1,4,1,346,36.33,382.33,Flagship store,Bags,Women
11036207110,269680,2/2/2011,12,6,1,295,30.975,325.975,TeleShop,Home and kitchen,Academic
57289563608,274853,2/2/2011,11,5,1,630,66.15,696.15,Flagship store,Books,Children
18451702646,268363,2/2/2011,12,5,5,1046,549.15,5779.15,TeleShop,Books,Academic
19480626764,269236,2/2/2011,3,2,5,840,441,4641,e-Shop,Footwear,Kids
96823524199,275081,2/2/2011,10,3,-3,-754,237.51,-2499.51,TeleShop,Electronics,Audio and video
85791691847,271876,2/2/2011,3,1,2,618,129.78,1365.78,MBR,Clothing,Kids
70043194724,268741,2/2/2011,6,5,5,1257,659.925,6944.925,Flagship store,Books,DIY
75914301935,268717,2/2/2011,4,3,4,79,33.18,349.18,e-Shop,Electronics,Mens
97299522956,271346,2/2/2011,1,1,3,645,203.175,2138.175,e-Shop,Clothing,Women
75597082710,270654,2/2/2011,4,2,1,690,72.45,762.45,e-Shop,Footwear,Mens
78692061143,272373,2/2/2011,11,6,1,1211,127.155,1338.155,Flagship store,Home and kitchen,Children
98300563195,269820,2/2/2011,3,5,3,185,58.275,613.275,TeleShop,Books,Kids
76533826055,273972,2/2/2011,11,6,3,1301,409.815,4312.815,Flagship store,Home and kitchen,Children
89285035990,268487,2/2/2011,4,1,4,850,357,3757,e-Shop,Clothing,Mens
79705520455,272663,2/2/2011,12,5,-4,-1322,555.24,-5843.24,e-Shop,Books,Academic
24003493504,271613,1/2/2011,8,3,5,1238,649.95,6839.95,e-Shop,Electronics,Personal Appliances
40426008634,273429,1/2/2011,2,6,1,1132,118.86,1250.86,e-Shop,Home and kitchen,Furnishing
56968056759,270659,1/2/2011,6,5,4,1476,619.92,6523.92,MBR,Books,DIY
20412822036,267217,1/2/2011,5,3,3,1258,396.27,4170.27,Flagship store,Electronics,Computers
31795262740,275166,1/2/2011,1,4,4,531,223.02,2347.02,e-Shop,Bags,Women
47971545351,270930,1/2/2011,11,6,1,1252,131.46,1383.46,Flagship store,Home and kitchen,Children
35789988197,267508,1/2/2011,4,1,3,783,246.645,2595.645,e-Shop,Clothing,Mens
4262576455,267642,1/2/2011,1,2,2,1235,259.35,2729.35,MBR,Footwear,Women
25374972356,268904,1/2/2011,2,6,5,821,431.025,4536.025,MBR,Home and kitchen,Furnishing
15662366857,272756,1/2/2011,5,3,3,527,166.005,1747.005,e-Shop,Electronics,Computers
28972634039,275227,1/2/2011,9,3,-1,-334,35.07,-369.07,MBR,Electronics,Cameras
60041644943,267309,1/2/2011,3,2,1,392,41.16,433.16,Flagship store,Footwear,Kids
4947037174,271239,1/2/2011,12,6,3,228,71.82,755.82,e-Shop,Home and kitchen,Academic
13048732855,266900,1/2/2011,4,4,-1,-1098,115.29,-1213.29,e-Shop,Bags,Mens
36332303449,268624,1/2/2011,10,6,-4,-295,123.9,-1303.9,Flagship store,Home and kitchen,Audio and video
21830961921,267482,1/2/2011,10,3,4,455,191.1,2011.1,MBR,Electronics,Audio and video
40160825556,268800,1/2/2011,4,2,4,339,142.38,1498.38,MBR,Footwear,Mens
14744074495,272122,1/2/2011,1,2,5,475,249.375,2624.375,TeleShop,Footwear,Women
45127479223,273949,1/2/2011,3,5,1,366,38.43,404.43,MBR,Books,Kids
95218786334,271742,1/2/2011,3,2,3,1019,320.985,3377.985,TeleShop,Footwear,Kids
65685613041,274459,1/2/2011,4,3,-3,-968,304.92,-3208.92,TeleShop,Electronics,Mens
96261500165,270582,1/2/2011,3,2,2,734,154.14,1622.14,Flagship store,Footwear,Kids
80348907828,267124,1/2/2011,5,3,2,552,115.92,1219.92,TeleShop,Electronics,Computers
83849473598,269958,1/2/2011,12,5,3,403,126.945,1335.945,e-Shop,Books,Academic
95376486237,269403,1/2/2011,4,3,5,673,353.325,3718.325,MBR,Electronics,Mens
81365620177,274222,1/2/2011,3,2,3,373,117.495,1236.495,e-Shop,Footwear,Kids
85848725285,271131,1/2/2011,1,4,5,1043,547.575,5762.575,e-Shop,Bags,Women
30880557173,268977,31-01-2011,10,5,4,1119,469.98,4945.98,Flagship store,Books,Audio and video
12933894691,272706,31-01-2011,1,4,5,361,189.525,1994.525,MBR,Bags,Women
18160761741,268807,31-01-2011,1,1,2,938,196.98,2072.98,e-Shop,Clothing,Women
59250200497,267768,31-01-2011,8,3,4,85,35.7,375.7,MBR,Electronics,Personal Appliances
50190099109,273051,31-01-2011,6,5,2,1230,258.3,2718.3,Flagship store,Books,DIY
41401596206,270438,31-01-2011,9,3,1,941,98.805,1039.805,Flagship store,Electronics,Cameras
30547632789,267244,31-01-2011,9,3,5,432,226.8,2386.8,MBR,Electronics,Cameras
42161597232,267094,31-01-2011,3,1,-3,-147,46.305,-487.305,MBR,Clothing,Kids
16293185603,274931,31-01-2011,8,3,3,137,43.155,454.155,Flagship store,Electronics,Personal Appliances
16477108682,269993,31-01-2011,4,3,1,964,101.22,1065.22,Flagship store,Electronics,Mens
26132662566,275168,31-01-2011,2,6,1,1233,129.465,1362.465,MBR,Home and kitchen,Furnishing
26747114674,267813,31-01-2011,11,5,4,888,372.96,3924.96,MBR,Books,Children
56895047922,270825,31-01-2011,4,3,5,249,130.725,1375.725,e-Shop,Electronics,Mens
22182108224,270881,31-01-2011,11,6,4,618,259.56,2731.56,e-Shop,Home and kitchen,Children
72870271171,270911,31-01-2011,11,5,-3,-1142,359.73,-3785.73,TeleShop,Books,Children
66904043240,269089,31-01-2011,4,1,2,1205,253.05,2663.05,MBR,Clothing,Mens
73790260340,272568,31-01-2011,5,3,3,1066,335.79,3533.79,Flagship store,Electronics,Computers
90114483354,268097,31-01-2011,10,5,-4,-1408,591.36,-6223.36,e-Shop,Books,Audio and video
89708766061,273574,31-01-2011,12,5,4,734,308.28,3244.28,TeleShop,Books,Academic
81843640995,267881,31-01-2011,9,3,2,425,89.25,939.25,e-Shop,Electronics,Cameras
99465264531,268484,31-01-2011,1,1,5,1060,556.5,5856.5,MBR,Clothing,Women
80473549285,271492,31-01-2011,8,3,4,1070,449.4,4729.4,e-Shop,Electronics,Personal Appliances
10722935455,273493,30-01-2011,8,3,4,1335,560.7,5900.7,e-Shop,Electronics,Personal Appliances
41395552384,273625,30-01-2011,6,5,1,1254,131.67,1385.67,e-Shop,Books,DIY
6442732971,273698,30-01-2011,1,4,1,1470,154.35,1624.35,e-Shop,Bags,Women
48442628877,274059,30-01-2011,11,6,2,1234,259.14,2727.14,e-Shop,Home and kitchen,Children
52810808323,272428,30-01-2011,3,5,3,1103,347.445,3656.445,Flagship store,Books,Kids
38344096934,274550,30-01-2011,4,3,2,885,185.85,1955.85,e-Shop,Electronics,Mens
43651808972,270929,30-01-2011,12,5,1,1483,155.715,1638.715,e-Shop,Books,Academic
2484164452,273489,30-01-2011,1,1,2,1197,251.37,2645.37,TeleShop,Clothing,Women
37333728639,273927,30-01-2011,5,3,5,399,209.475,2204.475,e-Shop,Electronics,Computers
62774014518,270375,30-01-2011,3,2,3,494,155.61,1637.61,e-Shop,Footwear,Kids
29822264090,274948,30-01-2011,3,5,5,848,445.2,4685.2,TeleShop,Books,Kids
13018247154,271737,30-01-2011,4,1,2,509,106.89,1124.89,Flagship store,Clothing,Mens
18521019738,275090,30-01-2011,11,6,2,825,173.25,1823.25,Flagship store,Home and kitchen,Children
12947574760,268093,30-01-2011,11,6,3,1041,327.915,3450.915,MBR,Home and kitchen,Children
11030274761,268688,30-01-2011,4,1,5,1351,709.275,7464.275,TeleShop,Clothing,Mens
39211701181,267306,30-01-2011,6,5,5,152,79.8,839.8,e-Shop,Books,DIY
49271148755,270601,30-01-2011,4,4,2,1429,300.09,3158.09,Flagship store,Bags,Mens
27639252145,273197,30-01-2011,12,6,2,594,124.74,1312.74,Flagship store,Home and kitchen,Academic
30892316928,270159,30-01-2011,12,6,3,541,170.415,1793.415,TeleShop,Home and kitchen,Academic
70163958026,267902,30-01-2011,10,5,4,404,169.68,1785.68,e-Shop,Books,Audio and video
98073908879,270778,30-01-2011,3,5,2,988,207.48,2183.48,MBR,Books,Kids
83834412428,268669,30-01-2011,11,6,3,651,205.065,2158.065,e-Shop,Home and kitchen,Children
89918436046,268647,30-01-2011,3,5,3,428,134.82,1418.82,e-Shop,Books,Kids
97438152984,274839,30-01-2011,9,3,5,493,258.825,2723.825,e-Shop,Electronics,Cameras
65784315637,273261,30-01-2011,12,6,5,1193,626.325,6591.325,e-Shop,Home and kitchen,Academic
91846419699,273709,30-01-2011,11,6,5,1284,674.1,7094.1,Flagship store,Home and kitchen,Children
85661105916,271534,30-01-2011,4,3,3,1225,385.875,4060.875,TeleShop,Electronics,Mens
47920908959,270803,29-01-2011,3,5,3,75,23.625,248.625,Flagship store,Books,Kids
49505476992,266863,29-01-2011,9,3,1,1392,146.16,1538.16,e-Shop,Electronics,Cameras
6853295225,274118,29-01-2011,5,3,4,132,55.44,583.44,e-Shop,Electronics,Computers
13076741550,270544,29-01-2011,4,3,5,745,391.125,4116.125,MBR,Electronics,Mens
18401438345,268389,29-01-2011,11,5,5,146,76.65,806.65,Flagship store,Books,Children
9927495611,269965,29-01-2011,5,3,1,1236,129.78,1365.78,TeleShop,Electronics,Computers
50288668196,271923,29-01-2011,12,6,3,371,116.865,1229.865,TeleShop,Home and kitchen,Academic
59580133329,267260,29-01-2011,7,5,4,938,393.96,4145.96,Flagship store,Books,Fiction
228335510,267860,29-01-2011,3,1,5,764,401.1,4221.1,Flagship store,Clothing,Kids
31306756243,271004,29-01-2011,1,1,1,173,18.165,191.165,e-Shop,Clothing,Women
28700095716,267691,29-01-2011,3,2,5,662,347.55,3657.55,MBR,Footwear,Kids
20417144530,269556,29-01-2011,10,6,3,654,206.01,2168.01,Flagship store,Home and kitchen,Audio and video
46249632173,272358,29-01-2011,2,6,2,1029,216.09,2274.09,e-Shop,Home and kitchen,Furnishing
54386166924,267093,29-01-2011,10,6,4,1437,603.54,6351.54,e-Shop,Home and kitchen,Audio and video
58531412371,274935,29-01-2011,10,5,4,104,43.68,459.68,Flagship store,Books,Audio and video
85339899934,269269,29-01-2011,4,2,4,454,190.68,2006.68,e-Shop,Footwear,Mens
99568595128,273973,29-01-2011,4,2,-3,-203,63.945,-672.945,e-Shop,Footwear,Mens
70883882641,273674,29-01-2011,11,5,5,1206,633.15,6663.15,TeleShop,Books,Children
40099827976,272807,28-01-2011,4,4,2,249,52.29,550.29,e-Shop,Bags,Mens
6822313349,269897,28-01-2011,4,1,3,1305,411.075,4326.075,Flagship store,Clothing,Mens
21279283580,271051,28-01-2011,11,5,2,1375,288.75,3038.75,TeleShop,Books,Children
25810735533,274956,28-01-2011,10,6,3,846,266.49,2804.49,TeleShop,Home and kitchen,Audio and video
28055582743,268368,28-01-2011,7,5,5,1036,543.9,5723.9,Flagship store,Books,Fiction
49993147068,268722,28-01-2011,8,3,3,502,158.13,1664.13,Flagship store,Electronics,Personal Appliances
32729667210,273683,28-01-2011,12,6,2,718,150.78,1586.78,e-Shop,Home and kitchen,Academic
32637903457,274311,28-01-2011,10,6,2,1219,255.99,2693.99,TeleShop,Home and kitchen,Audio and video
49064201662,269607,28-01-2011,10,5,4,969,406.98,4282.98,MBR,Books,Audio and video
62759761254,268956,28-01-2011,5,3,1,1306,137.13,1443.13,MBR,Electronics,Computers
65685613041,274459,28-01-2011,4,3,3,968,304.92,3208.92,TeleShop,Electronics,Mens
79705520455,272663,28-01-2011,12,5,4,1322,555.24,5843.24,e-Shop,Books,Academic
69708776426,271039,28-01-2011,5,3,5,464,243.6,2563.6,Flagship store,Electronics,Computers
9947647746,270802,27-01-2011,11,6,5,249,130.725,1375.725,Flagship store,Home and kitchen,Children
43313212761,270830,27-01-2011,10,5,1,278,29.19,307.19,TeleShop,Books,Audio and video
12114096357,270031,27-01-2011,7,5,3,285,89.775,944.775,Flagship store,Books,Fiction
59007771125,269717,27-01-2011,11,6,1,926,97.23,1023.23,Flagship store,Home and kitchen,Children
29775154089,275030,27-01-2011,4,4,2,1485,311.85,3281.85,Flagship store,Bags,Mens
325812866,269535,27-01-2011,11,6,2,966,202.86,2134.86,e-Shop,Home and kitchen,Children
36332303449,268624,27-01-2011,10,6,4,295,123.9,1303.9,Flagship store,Home and kitchen,Audio and video
66011622670,274629,27-01-2011,12,5,5,596,312.9,3292.9,e-Shop,Books,Academic
96823524199,275081,27-01-2011,10,3,3,754,237.51,2499.51,TeleShop,Electronics,Audio and video
70142371707,274991,27-01-2011,3,5,2,1253,263.13,2769.13,e-Shop,Books,Kids
77162174759,267795,27-01-2011,11,5,5,883,463.575,4878.575,TeleShop,Books,Children
89276995748,270485,27-01-2011,5,3,1,1298,136.29,1434.29,TeleShop,Electronics,Computers
78885835451,272193,27-01-2011,4,2,5,416,218.4,2298.4,e-Shop,Footwear,Mens
65082643870,269629,27-01-2011,12,5,1,1018,106.89,1124.89,TeleShop,Books,Academic
90351834970,272268,27-01-2011,8,3,1,782,82.11,864.11,e-Shop,Electronics,Personal Appliances
71176929896,269201,27-01-2011,8,3,-5,-295,154.875,-1629.875,Flagship store,Electronics,Personal Appliances
99568595128,273973,27-01-2011,4,2,3,203,63.945,672.945,e-Shop,Footwear,Mens
63252093971,269602,27-01-2011,11,6,1,616,64.68,680.68,TeleShop,Home and kitchen,Children
48395882744,270004,26-01-2011,10,6,3,482,151.83,1597.83,MBR,Home and kitchen,Audio and video
15950349936,274767,26-01-2011,12,6,1,1226,128.73,1354.73,TeleShop,Home and kitchen,Academic
40669483382,273676,26-01-2011,3,2,1,1327,139.335,1466.335,Flagship store,Footwear,Kids
40018339914,273963,26-01-2011,6,5,5,1332,699.3,7359.3,e-Shop,Books,DIY
32904823908,269539,26-01-2011,1,4,4,455,191.1,2011.1,MBR,Bags,Women
20856242007,271432,26-01-2011,10,5,2,639,134.19,1412.19,MBR,Books,Audio and video
2390580555,268492,26-01-2011,4,4,1,999,104.895,1103.895,TeleShop,Bags,Mens
53120543957,274663,26-01-2011,8,3,3,656,206.64,2174.64,e-Shop,Electronics,Personal Appliances
21548095615,268290,26-01-2011,12,5,3,504,158.76,1670.76,e-Shop,Books,Academic
37782911224,267318,26-01-2011,7,5,3,1440,453.6,4773.6,MBR,Books,Fiction
13712428324,268467,26-01-2011,10,3,1,1195,125.475,1320.475,e-Shop,Electronics,Audio and video
13048732855,266900,26-01-2011,4,4,1,1098,115.29,1213.29,e-Shop,Bags,Mens
63909639059,269563,26-01-2011,10,6,4,357,149.94,1577.94,e-Shop,Home and kitchen,Audio and video
87697726895,267014,26-01-2011,4,4,1,963,101.115,1064.115,Flagship store,Bags,Mens
83901074423,270550,26-01-2011,3,2,3,474,149.31,1571.31,e-Shop,Footwear,Kids
68490104072,267987,26-01-2011,3,5,4,1114,467.88,4923.88,e-Shop,Books,Kids
98361854847,273273,26-01-2011,5,3,4,1198,503.16,5295.16,TeleShop,Electronics,Computers
71176929896,269201,26-01-2011,8,3,5,295,154.875,1629.875,Flagship store,Electronics,Personal Appliances
69487840177,269659,26-01-2011,12,6,2,378,79.38,835.38,MBR,Home and kitchen,Academic
80212066065,268060,26-01-2011,1,2,5,217,113.925,1198.925,e-Shop,Footwear,Women
78766424618,267618,26-01-2011,11,6,3,1128,355.32,3739.32,Flagship store,Home and kitchen,Children
83245680995,273723,26-01-2011,4,4,4,1477,620.34,6528.34,e-Shop,Bags,Mens
90114483354,268097,26-01-2011,10,5,4,1408,591.36,6223.36,e-Shop,Books,Audio and video
32887353269,268885,25-01-2011,3,1,1,276,28.98,304.98,Flagship store,Clothing,Kids
28972634039,275227,25-01-2011,9,3,1,334,35.07,369.07,MBR,Electronics,Cameras
42161597232,267094,25-01-2011,3,1,3,147,46.305,487.305,MBR,Clothing,Kids
46821751538,269160,25-01-2011,10,5,5,941,494.025,5199.025,TeleShop,Books,Audio and video
9423947512,267383,25-01-2011,3,5,1,333,34.965,367.965,e-Shop,Books,Kids
61812307223,274306,25-01-2011,4,4,4,1447,607.74,6395.74,e-Shop,Bags,Mens
62511551321,270394,25-01-2011,3,2,5,631,331.275,3486.275,Flagship store,Footwear,Kids
19833039570,271380,25-01-2011,3,2,4,728,305.76,3217.76,MBR,Footwear,Kids
39737254095,272286,25-01-2011,2,6,5,71,37.275,392.275,e-Shop,Home and kitchen,Furnishing
49584040240,273010,25-01-2011,5,3,2,276,57.96,609.96,e-Shop,Electronics,Computers
49882891062,271982,25-01-2011,10,5,4,1330,558.6,5878.6,e-Shop,Books,Audio and video
14787475597,273982,25-01-2011,4,3,5,969,508.725,5353.725,e-Shop,Electronics,Mens
50691119572,273031,25-01-2011,6,5,1,1148,120.54,1268.54,TeleShop,Books,DIY
40893803228,272049,25-01-2011,11,6,3,1077,339.255,3570.255,e-Shop,Home and kitchen,Children
30856003613,266866,25-01-2011,4,2,2,444,93.24,981.24,TeleShop,Footwear,Mens
94340757522,274550,25-01-2011,12,5,1,1264,132.72,1396.72,e-Shop,Books,Academic
89780862956,270022,25-01-2011,4,1,1,677,71.085,748.085,e-Shop,Clothing,Mens
85115299378,271020,25-01-2011,2,6,4,1052,441.84,4649.84,MBR,Home and kitchen,Furnishing
72870271171,270911,25-01-2011,11,5,3,1142,359.73,3785.73,TeleShop,Books,Children
77960931771,271961,25-01-2011,11,5,1,447,46.935,493.935,TeleShop,Books,Children